step	post	like	prior	mu1	mu2	gamma	pi	Tinf_1	Tinf_2	Tinf_3	Tinf_4	Tinf_5	Tinf_6	Tinf_7	Tinf_8	Tinf_9	Tinf_10	Tinf_11	Tinf_12	Tinf_13	Tinf_14	Tinf_15	Tinf_16	Tinf_17	Tinf_18	Tinf_19	Tinf_20	Tinf_21	Tinf_22	Tinf_23	alpha_1	alpha_2	alpha_3	alpha_4	alpha_5	alpha_6	alpha_7	alpha_8	alpha_9	alpha_10	alpha_11	alpha_12	alpha_13	alpha_14	alpha_15	alpha_16	alpha_17	alpha_18	alpha_19	alpha_20	alpha_21	alpha_22	alpha_23	kappa_1	kappa_2	kappa_3	kappa_4	kappa_5	kappa_6	kappa_7	kappa_8	kappa_9	kappa_10	kappa_11	kappa_12	kappa_13	kappa_14	kappa_15	kappa_16	kappa_17	kappa_18	kappa_19	kappa_20	kappa_21	kappa_22	kappa_23
1	-1395.714059133249521	-1394.251977048730623	-1.462082084518882	0.000010000000000	0.000010000000000	1.000000000000000	0.627178890729577	0	6	8	10	10	12	12	12	13	13	14	14	15	16	16	18	18	19	19	19	19	20	21	0	1	1	1	1	1	1	1	1	1	1	1	1	1	1	1	1	1	1	1	1	1	1	1	3	4	5	5	6	6	6	7	7	7	7	8	8	8	9	9	10	10	10	10	10	11
500	-258.735056575693704	-255.739948132632520	-2.995108443061164	0.000009978993913	0.000054482233965	5.459692073337481	0.548640996213870	0	5	9	10	9	13	12	11	13	14	14	14	14	16	16	16	17	18	20	18	20	18	21	0	1	2	5	2	8	8	5	7	9	9	5	8	11	12	8	6	5	6	15	20	9	13	1	2	2	1	2	1	1	1	1	1	1	3	1	1	1	3	2	3	3	1	1	3	5
1000	-256.747799455717143	-254.449251641964167	-2.298547813752969	0.000009969170717	0.000031463473970	3.156077357154573	0.468280125259053	-2	7	9	10	9	13	12	12	13	14	14	15	14	16	17	17	17	17	19	19	20	21	20	0	1	2	5	2	7	5	5	7	8	7	8	8	11	12	8	6	8	16	15	20	7	13	1	4	1	1	1	1	2	2	1	1	1	2	1	1	2	2	2	2	1	1	1	3	3
1500	-233.017583269111043	-230.724907077008851	-2.292676192102199	0.000009995738768	0.000031378437733	3.139181451423128	0.523905243131687	1	6	7	10	8	13	12	11	12	14	14	14	15	16	16	18	18	20	18	17	19	20	19	0	1	2	5	2	8	5	5	8	9	9	4	5	11	12	8	6	16	6	15	20	16	13	1	2	1	1	1	2	2	2	1	1	1	3	3	1	1	4	2	1	3	1	1	1	1
2000	-245.565838227119826	-242.645158268294949	-2.920679958824876	0.000009961940701	0.000051630080641	5.182733183339084	0.600123655638411	1	6	8	10	9	12	13	12	13	14	14	13	14	15	16	18	18	17	18	18	20	19	21	0	1	2	5	2	5	5	5	5	9	9	8	8	11	12	8	6	7	6	15	20	7	16	1	2	1	1	2	2	2	2	2	1	1	1	1	1	2	3	3	2	3	1	2	3	1
2500	-245.023731353583145	-242.044450155674696	-2.979281197908457	0.000010050701356	0.000054275078184	5.400128434865672	0.682079350080397	0	5	7	11	9	12	11	11	13	14	14	14	16	16	16	18	18	20	20	18	19	20	21	0	1	2	5	2	5	5	5	8	9	9	4	8	11	12	8	6	8	17	15	15	14	13	1	3	1	1	2	1	1	1	1	1	1	1	3	2	2	2	3	4	1	1	2	1	2
3000	-247.434386902348280	-244.435206275109238	-2.999180627239046	0.000010246654271	0.000056101211417	5.475076052745056	0.581916412538413	1	6	8	11	9	12	13	11	13	14	14	14	15	16	16	18	18	20	18	19	17	21	22	0	1	2	5	2	5	8	5	4	9	9	4	5	11	12	7	6	16	6	21	15	10	13	1	2	1	1	2	2	1	1	1	1	1	1	2	1	1	1	4	1	2	2	1	3	4
3500	-233.649589983348676	-231.037759084564840	-2.611830898783845	0.000010729465474	0.000044155025628	4.115305253006373	0.583353620155530	0	6	9	11	9	13	13	11	13	14	14	14	15	16	16	18	17	19	20	19	18	20	20	0	1	2	5	2	5	8	5	5	9	7	4	8	11	12	7	6	16	17	21	15	16	13	1	2	2	2	2	2	1	1	2	1	1	2	1	1	1	2	2	1	2	1	1	1	2
4000	-238.893907315715978	-235.222051078938250	-3.671856236777725	0.000010418948665	0.000087225334789	8.371798114853293	0.603584099787792	1	7	9	11	10	12	13	12	12	14	15	14	16	16	16	17	17	19	19	19	18	20	21	0	1	2	5	2	5	8	5	5	9	9	4	8	11	12	9	6	16	6	21	15	11	16	1	3	1	1	2	1	1	1	1	1	2	1	2	1	1	3	2	1	3	1	1	3	2
4500	-235.567004451556102	-232.638735260920498	-2.928269190635603	0.000011128082703	0.000057984102932	5.210610352274794	0.618771778677372	0	7	8	10	9	11	12	13	12	13	14	14	15	16	16	17	19	19	19	20	19	20	21	0	1	2	5	2	5	5	5	5	9	9	4	5	9	12	8	6	16	6	21	15	14	13	1	2	1	1	1	1	2	2	2	1	1	2	3	3	1	2	3	1	4	1	2	2	2
5000	-235.613220665126562	-233.185903733128470	-2.427316931998093	0.000012969756430	0.000045865191147	3.536318618858285	0.513064968403099	0	6	8	10	8	12	12	12	13	13	15	14	15	16	15	18	18	19	20	20	19	20	22	0	1	2	5	2	4	5	5	7	5	8	4	8	11	12	7	6	16	6	21	15	10	13	1	3	1	1	1	1	2	2	1	2	1	2	1	1	1	2	3	1	4	1	2	4	4
5500	-216.101493966393917	-214.067928878465693	-2.033565087928225	0.000020771270555	0.000050450800416	2.428874068311886	0.629834849294991	0	5	9	10	9	11	12	11	12	14	14	13	15	17	16	17	17	19	19	19	20	21	22	0	1	2	5	2	5	8	5	5	9	9	4	8	11	12	7	6	16	6	15	20	16	13	1	2	2	1	2	1	1	1	1	1	1	1	1	2	2	2	3	2	4	2	1	2	3
6000	-196.341083072256481	-194.656987448158361	-1.684095624098124	0.000035534546215	0.000055317632047	1.556728252928377	0.718998604921080	-1	7	9	10	9	13	12	11	13	13	15	12	14	14	17	17	18	19	19	20	19	19	20	0	1	2	5	2	8	8	5	8	7	9	2	8	9	12	13	6	16	17	21	15	16	13	1	5	1	1	1	1	1	1	2	1	1	2	1	1	2	2	2	1	1	1	1	1	2
6500	-176.567010757456899	-175.196881085459324	-1.370129671997567	0.000082281529265	0.000039535203102	0.480486975082535	0.513231667800951	1	5	9	11	10	12	13	12	12	13	14	14	16	16	16	18	17	20	20	19	19	19	21	0	1	2	5	2	5	8	3	5	8	9	2	7	11	12	13	6	7	17	12	12	8	13	1	1	2	1	2	1	1	2	1	1	1	4	2	1	1	1	2	3	2	3	2	3	2
7000	-178.882434783783964	-177.449519703709171	-1.432915080074779	0.000175239957347	0.000062118338956	0.354475884932464	0.354347134984025	1	6	7	10	10	12	11	12	13	13	14	14	14	16	16	19	18	18	20	19	20	20	22	0	1	2	2	2	4	5	2	5	5	10	9	10	9	12	3	6	7	2	15	15	8	22	1	2	1	2	1	1	1	5	1	2	1	1	1	1	1	5	2	3	8	2	2	4	2
7500	-159.292918015076822	-157.920405603576796	-1.372512411500017	0.000193211700245	0.000090943103460	0.470691492001889	0.683181627238851	1	6	8	11	10	12	12	13	14	13	15	14	15	16	16	17	17	19	19	18	19	20	22	0	1	2	5	3	5	5	6	10	4	10	7	8	11	12	13	6	16	8	15	15	16	19	1	4	1	1	1	1	1	1	1	1	1	1	1	1	1	1	2	1	2	1	1	1	1
8000	-156.255846555467258	-154.840748729134447	-1.415097826332814	0.000200245338986	0.000075583790502	0.377455929232707	0.719540926652726	1	6	8	11	10	13	12	11	13	14	14	14	14	17	16	18	19	19	19	19	20	20	21	0	1	2	5	3	4	8	5	4	8	9	7	7	10	12	14	6	14	6	12	15	10	13	1	2	1	1	1	1	1	1	1	1	1	1	1	2	1	1	2	2	3	2	2	2	3
8500	-182.804658945516707	-181.411733231271484	-1.392925714245230	0.000127904548844	0.000053095608134	0.415118997830887	0.555168108115527	-1	5	6	11	10	13	12	13	12	14	14	13	16	17	16	17	17	19	18	19	19	20	20	0	1	2	5	2	4	2	4	4	9	5	5	9	11	12	4	6	16	6	15	12	14	13	1	2	1	1	3	1	2	1	1	1	2	2	1	2	1	4	2	2	2	2	4	2	3
9000	-171.700508282986931	-170.201932830070348	-1.498575452916572	0.000163823824124	0.000048434202480	0.295648100873421	0.546565690045852	0	7	8	10	11	12	12	13	13	14	12	14	14	16	16	17	18	18	20	17	19	21	21	0	1	2	3	4	4	2	7	11	7	4	8	7	11	12	9	8	16	7	12	15	14	16	1	4	1	1	1	1	2	1	1	1	1	1	1	2	1	2	2	1	4	2	1	2	1
9500	-157.497614529234653	-156.001828705074075	-1.495785824160567	0.000307617306053	0.000091555810707	0.297628933437478	0.476628164703057	1	6	8	10	11	12	13	10	13	13	15	14	15	16	16	17	17	18	19	19	18	19	21	0	1	2	3	8	8	5	3	4	5	9	10	7	11	12	10	7	9	17	12	15	9	7	1	2	1	1	1	1	1	1	1	1	1	1	1	1	1	1	2	3	1	2	1	4	3
10000	-194.176842703930362	-192.744135084031541	-1.432707619898823	0.000210844275656	0.000074790311455	0.354718245122493	0.577441341191547	-1	7	8	8	9	12	13	10	12	14	13	12	12	16	16	19	18	19	19	20	18	19	21	0	1	2	2	2	4	8	5	8	9	9	4	4	10	11	6	14	8	7	12	12	11	16	1	3	1	1	1	1	2	1	1	1	1	2	2	1	1	4	1	3	2	3	3	3	2
10500	-163.931137418619016	-162.447990504205535	-1.483146914413488	0.000261975689328	0.000080439156524	0.307048172029237	0.764638578058064	0	6	9	11	8	12	13	11	13	14	14	15	15	16	17	19	16	20	19	19	17	18	22	0	1	5	5	2	4	8	5	4	9	9	11	2	11	4	15	13	16	13	21	12	7	16	1	3	1	1	1	1	1	1	1	1	1	1	3	1	3	1	1	1	2	1	1	2	1
11000	-163.845090821058534	-162.461903065673425	-1.383187755385103	0.000183434305881	0.000080241704839	0.437441101619082	0.585977426681691	0	7	9	11	10	13	13	12	13	14	13	15	16	15	17	17	18	18	19	19	19	20	21	0	1	2	5	3	5	4	5	4	7	2	4	7	9	12	6	7	2	18	15	12	14	13	1	3	1	1	1	1	1	1	1	1	4	2	2	1	1	2	2	5	1	1	1	3	2
11500	-177.183787796188568	-175.804626753110199	-1.379161043078380	0.000155987134109	0.000069961515556	0.448508243679386	0.544268438038469	0	7	8	10	11	12	12	13	14	14	14	14	16	16	15	18	18	20	19	19	16	18	21	0	1	2	2	4	4	5	5	8	7	8	2	7	11	2	13	4	17	9	15	12	9	13	1	3	1	1	1	1	1	1	1	1	1	3	2	1	5	1	4	1	2	3	1	2	2
12000	-163.431130606773138	-162.027316931515173	-1.403813675257974	0.000182377110947	0.000072030028985	0.394951036401513	0.704653139459985	0	7	8	11	10	13	12	12	13	14	14	14	15	16	16	19	18	20	17	19	19	18	18	0	1	2	5	3	7	5	5	8	9	9	4	12	11	12	23	6	23	2	15	12	9	13	1	4	1	1	1	1	1	1	1	1	1	2	1	1	1	1	2	1	4	1	2	2	2
12500	-172.387353484872847	-171.012223725630037	-1.375129759242808	0.000181210997397	0.000083578398035	0.461221444812089	0.404470215198993	-1	7	9	11	10	12	12	12	13	14	15	14	14	16	16	17	17	20	19	19	20	20	22	0	1	2	5	3	5	2	5	4	8	10	7	8	12	7	8	6	17	7	12	15	9	16	1	4	1	1	1	1	3	1	1	1	1	1	1	1	2	3	2	2	4	2	3	3	3
13000	-171.796029727760413	-170.258917511069171	-1.537112216691227	0.000215485802058	0.000058450790152	0.271251236016305	0.625836873173137	1	7	8	11	10	13	13	13	12	13	13	15	14	15	16	18	18	19	19	18	20	20	20	0	1	1	5	3	9	5	5	5	9	9	8	8	11	3	8	9	7	17	12	15	16	8	1	3	4	1	1	1	2	1	1	1	1	1	1	1	3	2	2	2	1	2	2	1	3
13500	-170.117629818921870	-168.741747795000464	-1.375882023921402	0.000138770669512	0.000063653623565	0.458696522753346	0.574717656347789	1	7	8	11	11	13	12	13	13	13	15	15	14	16	16	18	16	19	19	17	19	21	21	0	1	2	3	2	4	4	7	5	7	4	2	5	12	13	9	7	16	17	12	12	16	13	1	3	1	2	2	1	1	1	1	1	1	3	2	1	1	3	2	1	2	1	2	2	3
14000	-180.650703628229508	-179.053178904121154	-1.597524724108359	0.000257875761025	0.000062174218739	0.241101445485242	0.448692718648328	-1	7	8	10	9	13	12	12	13	11	14	15	15	16	15	18	17	19	19	20	18	20	21	0	1	2	5	3	4	5	5	5	5	3	4	5	2	4	17	6	16	21	15	2	11	8	1	4	1	1	1	1	2	1	1	1	3	2	3	4	2	1	2	1	1	2	5	4	3
14500	-200.587636544783123	-199.037707234449982	-1.549929310333138	0.000157169176712	0.000041517035193	0.264155072017060	0.436778001237973	-2	6	7	11	10	12	11	12	12	13	15	13	15	16	17	19	16	20	20	19	19	19	21	0	1	2	2	2	5	2	2	5	5	2	5	5	8	17	7	7	11	11	15	15	9	16	1	4	1	3	3	1	2	2	1	2	5	1	2	2	1	3	2	3	2	1	2	3	1
15000	-171.147639120161244	-169.634842544188956	-1.512796575972297	0.000189981056636	0.000054342273104	0.286040482491833	0.546444375113986	0	7	9	10	11	12	13	12	14	13	15	14	15	16	15	17	19	18	19	19	18	19	21	0	1	2	2	3	5	3	5	10	4	9	4	8	12	12	9	16	4	18	12	12	8	7	1	3	1	2	1	1	2	1	1	2	1	2	2	1	1	1	1	4	1	2	2	4	3
15500	-170.747427101957925	-169.203691254007254	-1.543735847950664	0.000160496670004	0.000042937599634	0.267529535866160	0.524581833625223	0	6	7	10	8	11	13	12	13	11	14	14	15	17	16	18	17	20	20	18	19	20	22	0	1	2	5	2	2	5	5	8	2	4	10	8	4	12	17	8	8	14	15	20	7	14	1	4	1	1	1	2	3	2	1	3	3	2	1	4	1	1	3	4	1	1	1	3	2
16000	-164.637259721923613	-163.201317370089157	-1.435942351834455	0.000138821279977	0.000048725800611	0.350996624000763	0.568389078489340	0	6	8	10	10	13	12	12	14	13	14	14	15	15	17	17	18	19	19	19	19	20	21	0	1	2	2	3	2	4	2	2	5	4	4	5	10	12	10	9	16	6	15	15	9	12	1	3	1	2	1	3	2	2	5	2	2	3	2	1	2	2	2	1	3	1	1	3	3
16500	-157.184444013505697	-155.815314553928772	-1.369129459576921	0.000283019725695	0.000137275634069	0.485039103658782	0.713645578103258	1	6	8	8	10	12	13	12	13	12	14	14	15	16	16	18	18	19	19	19	19	21	20	0	1	2	2	3	5	6	5	10	5	8	8	8	7	6	10	13	5	17	12	12	16	14	1	2	1	1	1	1	1	1	1	1	1	1	2	1	2	3	1	4	1	2	2	2	2
17000	-181.960317318152249	-180.225864460259373	-1.734452857892864	0.000286019580926	0.000055313726388	0.193391397222115	0.643646127231255	-1	5	8	9	11	12	12	12	11	14	14	14	16	16	16	18	17	19	19	17	17	19	22	0	1	1	2	4	5	5	5	4	8	7	4	5	12	4	15	5	17	17	15	12	17	8	1	3	4	2	1	1	1	1	2	1	1	2	2	1	2	1	3	1	2	1	2	1	4
17500	-172.898697437520156	-171.418637803932882	-1.480059633587277	0.000185729463645	0.000057477456686	0.309468705493852	0.581067852442115	1	6	8	10	10	12	12	11	12	13	14	14	15	16	16	17	18	20	17	20	19	20	21	0	1	2	2	2	5	8	4	4	9	9	6	7	11	4	6	15	16	6	12	12	16	7	1	1	1	3	2	2	1	1	2	1	1	1	2	1	3	3	1	2	2	3	3	2	4
18000	-175.586238083606872	-173.787910872665321	-1.798327210941546	0.000181356244121	0.000032095052024	0.176972412390427	0.452481948301325	0	7	9	10	11	12	11	13	13	13	14	15	15	17	17	16	17	19	20	20	19	20	21	0	1	2	2	4	5	4	5	3	7	6	2	4	11	12	8	6	5	9	21	12	4	13	1	3	1	2	1	1	1	1	2	1	1	4	2	1	1	1	2	4	4	1	3	3	3
18500	-177.275556263488767	-175.887472432750798	-1.388083830737962	0.000162192223006	0.000069024216412	0.425570444332178	0.561087628077775	1	7	8	11	9	12	12	12	13	13	14	13	15	14	16	17	19	19	18	20	19	19	19	0	1	2	5	2	4	5	2	5	4	8	8	7	9	12	3	6	9	8	16	16	9	16	1	4	1	1	1	1	2	2	2	1	1	1	1	1	2	5	2	2	2	2	1	3	1
19000	-173.150575699148902	-171.691599749363320	-1.458975949785574	0.000173039050712	0.000056668168784	0.327487746555447	0.705889200760917	1	5	9	9	9	11	12	12	11	13	13	13	15	16	15	18	19	19	20	17	18	20	21	0	1	2	2	2	3	9	5	4	9	9	7	8	11	12	8	16	8	18	15	20	9	18	1	2	2	2	1	1	1	2	1	1	1	1	1	2	1	3	1	2	1	1	1	4	2
19500	-171.818515857369647	-170.434844509560037	-1.383671347809617	0.000179617609472	0.000078349023695	0.436199011471663	0.465675236475785	0	5	8	10	9	12	13	12	12	14	14	14	16	16	16	17	18	18	18	20	18	20	21	0	1	2	2	3	5	2	5	5	7	5	9	2	7	12	14	11	16	14	21	12	13	11	1	2	2	3	1	2	3	2	2	1	3	1	5	1	1	1	2	1	1	1	2	2	3
20000	-188.603254340444352	-187.240728913958691	-1.362525426485663	0.000255112390879	0.000135160122523	0.529806184864671	0.672183653688179	1	5	8	10	10	12	11	12	13	13	14	15	16	17	15	19	18	18	20	20	19	18	20	0	1	2	3	3	5	4	7	4	4	9	10	5	11	4	22	6	10	17	12	12	9	8	1	2	1	2	1	1	1	1	2	1	1	1	2	2	2	1	3	2	2	3	2	1	4
20500	-168.889760910970665	-167.466349147334910	-1.423411763635753	0.000187660812228	0.000068711239352	0.366145912595912	0.444609648789435	0	6	8	10	9	12	12	12	13	11	15	14	16	17	16	17	17	18	19	18	19	20	21	0	1	2	5	3	4	4	2	10	4	9	8	7	10	8	7	11	14	8	15	8	14	8	1	2	2	1	1	1	1	4	1	1	2	1	2	2	2	2	1	1	4	2	3	2	5
21000	-163.933140899778266	-162.550058924786384	-1.383081974991882	0.000209901837257	0.000091877194222	0.437715054917223	0.712012760309326	0	6	9	10	8	12	12	12	12	14	14	14	16	16	16	17	19	19	18	18	19	20	21	0	1	5	5	2	4	5	5	4	8	9	8	8	11	12	8	16	16	11	15	20	13	13	1	2	1	1	1	1	3	2	1	1	1	1	2	1	2	2	2	1	3	1	1	2	3
21500	-172.290226160720323	-170.414772319821282	-1.875453840899032	0.000190975252706	0.000030615253365	0.160310055524378	0.519543173302886	0	6	9	9	10	12	11	13	13	12	13	14	15	16	16	17	16	17	19	20	18	21	21	0	1	2	2	4	4	3	5	6	5	10	2	5	11	4	10	6	7	18	21	12	16	5	1	2	1	2	1	1	1	2	1	1	1	4	3	1	4	3	2	3	1	1	2	2	5
22000	-160.422801398468437	-158.839032800685061	-1.583768597783380	0.000213829182666	0.000052878981243	0.247295437337000	0.569379311666937	1	6	9	11	10	12	12	13	12	14	15	15	16	16	16	18	17	19	20	19	19	20	21	0	1	2	3	3	5	5	7	4	9	6	4	10	12	12	13	12	8	4	12	15	11	13	1	2	2	1	1	1	1	1	1	1	1	2	1	1	1	1	1	3	4	2	2	2	2
22500	-160.116035936926323	-158.699704847131216	-1.416331089795097	0.000217976961156	0.000081894745010	0.375703673340436	0.591117863024176	1	6	8	10	10	13	12	11	13	14	14	14	14	16	16	18	18	20	20	19	19	20	20	0	1	2	2	3	7	5	4	8	8	7	8	7	11	12	14	6	8	8	12	12	10	16	1	2	1	2	1	1	1	1	1	1	1	1	1	1	1	1	2	4	3	2	3	3	1
23000	-151.035907284695782	-149.540334080818695	-1.495573203877087	0.000314913286088	0.000093775284959	0.297781291236020	0.875701659307023	0	6	8	11	10	13	12	12	13	11	15	15	14	17	16	18	17	19	19	18	20	20	21	0	1	2	3	3	5	5	5	10	5	13	4	10	11	13	14	6	14	17	15	20	16	16	1	2	1	1	1	1	1	1	1	1	1	1	1	1	1	1	2	1	1	1	1	1	2
23500	-177.826507760413506	-176.366504848908107	-1.460002911505413	0.000230990910201	0.000075428395246	0.326542698931830	0.680585162867598	-2	6	8	10	10	13	11	12	12	14	13	14	15	15	17	16	18	19	18	18	20	20	21	0	1	2	3	3	5	5	5	4	9	9	4	6	11	13	10	6	7	6	15	17	10	7	1	4	1	1	1	2	1	1	1	1	1	2	1	1	1	1	3	2	3	1	1	2	4
24000	-177.381132245619597	-175.932044061872489	-1.449088183747108	0.000271002354213	0.000091328287745	0.337001824247080	0.538005131003219	1	7	8	11	10	13	11	13	12	14	14	14	16	16	16	18	16	18	19	19	19	19	21	0	1	2	5	3	7	5	3	5	8	9	4	7	4	8	17	5	4	6	17	15	14	14	1	3	1	1	1	1	1	2	1	1	1	2	2	2	2	1	4	3	5	2	2	1	3
24500	-163.715329085990504	-162.117940663134760	-1.597388422855731	0.000304264089516	0.000073376682393	0.241161165322739	0.721600572299641	0	6	9	11	10	12	13	12	13	11	14	14	14	17	14	18	18	19	18	17	19	19	21	0	1	2	5	3	10	8	5	10	5	6	4	7	11	4	13	6	16	7	12	12	14	16	1	2	1	1	1	1	1	1	1	1	1	1	1	1	1	1	2	1	3	2	3	1	1
25000	-170.007173481540860	-168.293268123442544	-1.713905358098327	0.000190140923986	0.000037896506234	0.199307468582229	0.549458009507536	0	7	9	10	10	13	11	13	12	13	13	14	15	17	16	17	16	19	19	18	19	17	20	0	1	2	3	3	4	3	7	4	4	9	4	8	11	12	8	5	16	17	15	20	12	13	1	5	1	1	1	1	1	1	1	1	1	3	1	1	1	2	3	1	2	1	1	1	3
25500	-166.355337744433427	-164.890360844374413	-1.464976900059006	0.000316251069262	0.000101855173358	0.322070605472222	0.696752873385951	0	6	7	10	10	12	12	13	14	14	14	15	16	16	15	18	18	19	19	19	20	20	20	0	1	2	3	3	4	4	7	7	8	6	7	7	11	10	8	9	17	11	17	12	16	16	1	3	1	1	2	1	1	1	1	1	1	2	2	2	1	2	3	1	3	1	3	1	1
26000	-174.720484583424565	-173.357488225541886	-1.362996357882687	0.000187099997528	0.000098189924194	0.524799174193257	0.598090088150960	0	7	9	10	10	12	12	12	14	12	14	13	16	17	16	18	19	19	17	19	19	20	19	0	1	2	3	3	5	5	5	10	5	8	7	7	13	12	4	19	16	8	15	15	9	19	1	3	2	1	1	1	2	2	1	1	1	1	2	1	1	4	1	1	3	2	2	3	1
26500	-166.076279115030445	-164.437726083704746	-1.638553031325695	0.000217947093749	0.000048918354162	0.224450591749813	0.543604760779878	0	6	9	8	9	10	11	13	14	14	15	13	15	17	16	18	19	20	19	18	18	21	21	0	1	4	2	4	2	5	7	6	4	9	7	8	11	12	8	16	16	6	15	10	11	16	1	2	1	1	1	2	1	1	2	3	1	1	1	1	2	2	1	1	4	1	1	3	1
27000	-166.608380845903497	-165.132492214026684	-1.475888631876807	0.000224232679309	0.000070144538618	0.312820320545428	0.795450969537330	-1	6	7	9	11	13	13	11	13	13	14	15	14	15	15	17	17	19	19	18	20	20	19	0	1	2	3	4	8	5	4	4	8	7	10	9	10	2	6	6	17	17	12	20	6	13	1	3	1	1	1	1	1	1	2	1	1	1	1	1	3	1	2	1	1	1	1	2	3
27500	-151.773272335144384	-150.366011611520804	-1.407260723623583	0.000231350350145	0.000090064589684	0.389299560720566	0.751221802127403	1	6	8	10	11	12	11	13	13	12	14	14	15	15	16	17	17	19	19	20	20	21	22	0	1	2	3	4	5	4	5	10	4	9	4	7	12	12	8	6	8	17	15	15	18	16	1	2	1	1	1	1	1	1	1	1	1	2	2	1	1	1	2	2	1	2	1	1	2
28000	-166.934061963106132	-165.533485893437955	-1.400576069668187	0.000123928206846	0.000049639271422	0.400548613470276	0.622957069006844	0	6	8	10	11	12	13	12	13	12	14	14	14	16	16	19	16	19	20	18	18	21	21	0	1	2	2	4	2	5	5	4	4	10	4	6	11	12	7	7	5	6	15	12	11	16	1	3	1	2	1	3	1	1	1	1	1	2	1	1	1	2	1	3	4	2	1	4	1
28500	-163.668804097359811	-161.985118095525991	-1.683686001833806	0.000278709154854	0.000058161256367	0.208680824990836	0.777650462656958	0	7	9	10	9	12	12	11	14	13	14	15	14	16	16	18	17	20	19	20	18	19	21	0	1	2	5	2	4	5	5	10	8	6	11	7	11	12	14	12	16	7	15	15	4	16	1	2	1	1	1	1	1	1	1	1	1	1	1	1	1	1	1	1	3	3	1	3	2
29000	-163.037372958041061	-161.425100229626594	-1.612272728414465	0.000197567639439	0.000046393272668	0.234822224933435	0.428265142249729	0	6	8	11	9	13	12	11	14	13	14	14	15	16	16	18	19	19	19	19	18	20	22	0	1	2	5	3	8	8	5	4	4	10	4	7	11	12	4	8	7	6	15	12	16	6	1	4	1	1	1	1	1	1	1	1	1	2	1	1	1	4	4	4	3	2	2	1	4
29500	-154.803714586631855	-153.339734328995917	-1.463980257635927	0.000199079065102	0.000064293197865	0.322953083149769	0.636632967027040	0	6	7	10	11	12	13	13	14	13	14	14	15	16	16	18	17	19	20	18	20	20	21	0	1	2	3	4	4	5	5	6	5	10	4	5	11	12	8	6	16	16	15	20	2	18	1	2	1	1	1	1	1	1	1	1	1	1	3	1	1	2	2	1	1	1	1	4	1
30000	-156.394283465335832	-154.972716143694726	-1.421567321641108	0.000127303442097	0.000046918678682	0.368557816736345	0.636621653691883	0	6	8	10	10	13	12	12	13	13	14	14	15	17	17	18	17	20	20	19	18	20	21	0	1	2	2	3	4	5	4	5	4	4	4	7	9	12	14	6	8	17	15	12	14	13	1	3	1	2	1	1	1	1	1	1	1	2	2	2	1	1	2	3	2	1	2	2	3
30500	-174.243345085767800	-172.805668944608783	-1.437676141159011	0.000215539699519	0.000075234256717	0.349050578081411	0.714778091985850	1	7	8	11	10	11	10	12	12	13	14	14	13	16	16	19	17	20	18	20	19	21	21	0	1	1	7	3	5	2	5	5	9	8	4	7	11	12	19	13	13	6	15	12	17	18	1	3	4	1	1	1	1	1	1	1	1	2	2	1	1	1	2	3	3	2	2	3	1
31000	-174.632330563847233	-173.110376390885023	-1.521954172962223	0.000227965652874	0.000063886817076	0.280247556027972	0.521487376215686	0	6	9	9	10	13	13	12	12	14	12	15	15	16	15	19	18	18	20	19	19	19	20	0	1	2	2	3	5	5	5	5	11	3	4	7	9	7	6	6	8	18	15	12	4	13	1	3	2	2	1	1	2	1	1	1	2	2	1	2	2	3	3	3	1	3	3	5	2
31500	-167.872523793882095	-166.380952555056467	-1.491571238825640	0.000204367166460	0.000061450461108	0.300686564148598	0.543891446946765	0	6	8	11	11	13	13	11	13	13	14	15	16	17	17	18	17	20	20	20	19	19	20	0	1	2	2	2	8	8	3	4	8	9	5	7	9	12	11	9	13	6	12	12	16	16	1	2	1	2	2	1	1	2	1	1	1	2	1	2	1	2	2	3	4	2	1	1	1
32000	-149.844767816937008	-148.438590811823133	-1.406177005113881	0.000171203170178	0.000066948023872	0.391044300184665	0.569460559792881	0	7	9	10	9	13	11	12	13	14	14	14	14	15	17	18	17	19	20	19	19	20	21	0	1	2	5	2	4	5	5	7	5	4	8	8	9	12	17	6	16	17	15	12	11	16	1	2	1	1	1	2	1	2	1	2	3	1	1	1	1	1	2	1	1	1	2	2	1
32500	-143.931591062670293	-142.458818558377033	-1.472772504293247	0.000282889990588	0.000089220202254	0.315388331939148	0.873351389407655	1	6	9	11	10	13	11	12	13	12	15	14	14	15	16	16	17	20	19	18	20	21	21	0	1	2	5	3	4	5	5	4	4	6	10	8	9	12	9	14	16	17	15	20	18	13	1	2	1	1	1	1	1	1	1	1	1	1	1	1	1	1	1	2	1	1	1	1	3
33000	-174.748086605085660	-173.379206195956328	-1.368880409129318	0.000165832473153	0.000080631336752	0.486221638133127	0.537679801698568	0	6	9	10	8	12	12	10	13	12	15	15	16	15	17	17	19	19	19	19	19	19	22	0	1	5	5	2	8	5	5	10	8	9	5	7	7	4	12	6	12	6	12	12	12	7	1	3	1	1	1	1	2	1	1	1	1	4	3	1	3	1	3	2	3	2	3	1	5
33500	-169.692847979279549	-168.053943623363239	-1.638904355916301	0.000153172886555	0.000034359499145	0.224318415078828	0.472572956819566	1	6	7	10	11	13	13	12	13	14	14	13	14	17	15	17	18	20	19	18	20	19	21	0	1	2	2	2	5	8	4	4	4	4	4	5	11	12	7	6	9	6	12	20	11	13	1	2	1	2	3	1	1	1	2	2	2	1	2	1	1	2	2	4	4	3	1	2	2
34000	-170.073278615130192	-168.626475642967705	-1.446802972162480	0.000174439521555	0.000059190130826	0.339316058071928	0.675333118579950	0	6	8	10	9	12	11	11	14	13	14	14	15	16	16	18	15	19	20	18	19	21	20	0	1	2	5	2	4	5	5	10	5	8	2	8	11	12	14	6	16	20	2	15	20	13	1	3	1	1	1	1	1	1	1	2	2	4	2	1	1	1	1	1	2	5	2	1	2
34500	-155.122100208262907	-153.691629951074674	-1.430470257188238	0.000190621900246	0.000068121648758	0.357365280014522	0.531293603144733	0	6	8	10	10	13	12	13	14	11	14	14	16	17	16	18	18	19	19	19	19	19	22	0	1	2	2	3	7	5	5	10	4	10	4	4	10	12	7	6	13	17	12	12	9	14	1	2	1	2	1	1	1	2	2	1	1	2	3	3	1	3	2	2	1	3	3	2	2
35000	-163.242540500900532	-161.837352342640429	-1.405188158260099	0.000140539730827	0.000055184544549	0.392661521581842	0.466193573687715	0	6	8	11	10	13	11	13	13	12	14	13	14	17	15	18	18	19	19	19	19	20	22	0	1	2	5	2	4	2	4	7	7	5	5	7	10	12	9	6	16	11	15	15	14	13	1	3	1	1	2	1	2	1	1	1	2	1	1	2	2	2	2	1	3	2	2	1	4
35500	-171.847542893196646	-170.248712923547203	-1.598829969649452	0.000177130347699	0.000042605370158	0.240531172166666	0.682634219018531	1	6	8	10	10	11	13	13	12	14	14	14	16	14	17	18	16	19	19	19	18	19	20	0	1	2	2	2	4	4	4	5	9	4	4	7	9	12	8	7	16	7	12	15	11	12	1	2	1	1	2	1	2	1	1	1	2	2	2	1	2	1	1	1	3	2	1	1	3
36000	-180.637514544107859	-179.078768346391627	-1.558746197716245	0.000219130171264	0.000056867837132	0.259516235506264	0.516344696722412	-1	7	8	11	10	12	12	13	12	14	14	15	15	17	16	19	18	20	19	18	19	20	22	0	1	2	5	3	4	5	5	4	9	9	7	8	11	4	10	13	17	8	7	20	16	13	1	3	1	1	1	1	2	1	1	1	1	1	1	2	4	2	1	1	4	2	1	1	3
36500	-157.113222247575635	-155.722880447096657	-1.390341800478966	0.000177896749455	0.000074815821640	0.420557553013080	0.594783381980454	1	6	8	11	9	12	12	12	14	13	14	14	14	16	16	18	18	19	19	20	18	21	22	0	1	2	5	2	2	5	5	10	4	10	4	6	11	12	14	5	17	17	21	15	17	6	1	2	1	1	1	4	2	1	1	1	1	1	1	1	2	1	4	1	1	1	1	3	3
37000	-185.704000120575216	-184.230655013561289	-1.473345107013919	0.000263125758385	0.000082861514067	0.314912209948571	0.472706982950158	1	7	9	9	11	11	12	12	11	12	12	14	15	16	15	18	18	18	20	18	19	21	21	0	1	2	2	4	4	9	4	4	9	5	8	9	11	2	13	5	15	16	12	20	4	7	1	2	1	1	2	1	1	2	1	1	1	1	3	1	3	2	4	1	1	2	1	6	3
37500	-162.965914801112660	-161.413173552848122	-1.552741248264531	0.000192594510279	0.000050585935400	0.262655126186624	0.658123120139116	1	6	9	11	10	13	13	12	12	14	14	14	16	16	17	18	17	19	20	20	19	18	21	0	1	2	3	2	5	8	4	4	9	9	5	7	11	12	10	6	8	6	15	15	14	18	1	2	1	1	2	1	1	1	1	1	1	2	1	1	1	2	1	4	2	2	1	2	1
38000	-165.559927212961298	-164.020475789538239	-1.539451423423051	0.000192700672109	0.000052014367448	0.269923124185680	0.744814232344220	1	7	9	11	10	13	13	13	14	12	15	14	16	17	16	19	18	19	20	19	20	19	22	0	1	2	5	2	4	5	10	8	5	9	2	8	11	12	8	6	17	17	12	20	9	13	1	2	1	1	1	1	1	1	1	2	1	3	2	1	2	3	3	1	1	3	1	2	3
38500	-172.096964952691081	-170.727581677749413	-1.369383274941655	0.000333342485481	0.000161289414555	0.483854958728451	0.783085867497836	1	7	8	11	10	12	13	12	13	11	14	15	16	16	15	18	17	19	19	18	19	21	21	0	1	1	5	3	5	6	5	10	5	9	9	7	11	8	12	15	13	17	15	17	9	18	1	2	2	1	1	1	1	1	1	1	1	1	1	1	1	3	2	1	1	1	1	2	1
39000	-178.602440615982204	-177.210820595549649	-1.391620020432551	0.000271944837057	0.000113626660367	0.417829812826276	0.641498921753855	1	5	8	10	11	12	12	12	11	13	14	15	15	16	17	19	18	18	19	19	20	21	21	0	1	2	3	4	4	5	5	4	9	2	4	8	12	12	13	14	13	5	15	19	11	16	1	2	1	1	1	1	1	1	1	2	4	2	2	1	1	1	1	2	2	1	1	3	2
39500	-169.918053932805122	-168.531267051469626	-1.386786881335484	0.000176305963479	0.000075559842065	0.428572242106240	0.611169025916459	1	6	9	10	11	13	11	12	13	12	14	14	15	16	16	19	18	19	19	19	19	19	21	0	1	2	2	3	7	2	5	4	7	9	8	8	11	12	17	6	14	8	15	15	9	7	1	2	2	3	1	1	2	1	1	1	1	1	2	1	1	1	2	1	3	2	2	2	4
40000	-167.776219120195037	-166.360892442092393	-1.415326678102635	0.000181319598468	0.000068380816930	0.377128658501109	0.472157956917993	1	7	9	10	9	12	13	12	13	14	14	14	15	17	16	18	18	18	20	19	18	21	21	0	1	2	5	2	4	4	4	5	9	6	2	9	11	7	4	9	2	17	2	15	17	13	1	3	1	1	1	1	2	1	2	1	1	2	1	1	2	3	3	4	1	6	1	2	3
40500	-182.390628651255582	-180.876072234500413	-1.514556416755165	0.000229722684667	0.000065449064113	0.284904663238789	0.652865399939671	1	6	8	10	11	13	12	9	14	12	14	13	15	16	17	18	18	20	19	19	19	20	21	0	1	2	8	2	7	8	2	10	4	12	8	7	11	2	7	6	13	16	15	12	9	13	1	2	1	1	4	1	2	1	1	1	1	1	2	1	4	2	2	2	1	1	3	2	4
41000	-173.990857023041457	-172.629991088674615	-1.360865934366832	0.000185332728010	0.000106691097244	0.575673268230735	0.613938406914015	1	5	9	11	9	12	11	11	13	13	14	14	15	16	17	18	16	19	20	19	19	20	21	0	1	2	5	2	5	3	3	4	7	8	4	9	11	10	15	11	7	16	15	15	11	16	1	1	1	1	2	2	1	2	2	2	1	2	1	1	2	1	1	3	1	1	1	2	2
41500	-178.215806502855315	-176.676469441147844	-1.539337061707464	0.000243304221519	0.000065689147281	0.269987700463176	0.596525180962024	1	6	8	11	10	12	13	12	13	13	13	13	16	17	16	18	15	19	16	20	17	21	21	0	1	2	5	3	5	8	4	6	4	4	2	7	13	4	6	6	9	6	16	12	9	8	1	2	1	1	2	1	1	1	1	1	1	3	2	1	2	4	1	2	2	1	2	3	4
42000	-168.459128688182602	-167.046033110421064	-1.413095577761534	0.000201285046561	0.000076561100879	0.380361592611812	0.542687194663605	0	6	8	10	9	13	12	11	14	14	14	14	15	16	16	16	17	19	18	18	19	18	21	0	1	2	5	3	8	8	5	8	7	8	4	7	9	9	12	6	16	10	12	12	12	16	1	3	1	1	1	1	1	1	2	1	1	2	2	1	1	1	1	2	2	2	2	2	2
42500	-179.100312394191121	-177.662841474708216	-1.437470919482897	0.000186173817714	0.000065026643685	0.349279208446408	0.744706782140047	0	7	9	10	10	13	13	12	12	14	13	14	14	15	16	19	17	19	20	17	19	18	21	0	1	2	2	3	5	9	5	5	9	4	9	5	6	12	17	13	13	16	15	20	12	18	1	4	1	2	1	2	1	2	1	1	1	1	3	1	1	2	2	2	1	1	1	2	1
43000	-163.922675650200404	-162.429706800165974	-1.492968850034440	0.000233686428731	0.000070027351492	0.299663749719636	0.676537022818881	0	4	7	11	10	13	13	12	13	14	15	15	15	15	15	17	18	18	19	19	19	21	21	0	1	2	5	3	4	8	4	8	9	6	6	6	9	6	10	7	16	16	15	15	16	6	1	1	1	1	2	2	1	1	1	1	1	1	1	1	1	1	3	1	1	2	2	1	4
43500	-168.986179647251447	-167.580500089997486	-1.405679557253956	0.000175331554670	0.000068704510306	0.391854794392465	0.541525192724404	0	7	9	9	11	11	12	13	13	12	14	14	15	16	16	17	16	19	19	18	20	20	21	0	1	2	2	4	4	4	7	7	4	10	5	8	12	5	13	6	8	17	12	15	12	13	1	4	1	1	2	1	1	1	1	1	1	2	1	1	2	1	2	3	2	2	1	3	2
44000	-154.150774550305414	-152.689261845471265	-1.461512704834161	0.000302770479758	0.000098450990500	0.325167072359174	0.774637063185165	1	6	9	8	10	12	11	12	13	12	14	14	15	16	17	19	17	19	19	19	19	19	21	0	1	4	2	4	5	3	5	10	7	9	7	5	11	8	17	5	17	17	12	12	13	20	1	2	1	1	1	1	1	1	1	1	1	1	2	1	3	1	2	1	1	3	2	2	1
44500	-171.887884762013670	-170.515591335224258	-1.372293426789408	0.000220787631399	0.000104110028334	0.471539223796111	0.611192489586374	-1	6	8	10	10	13	11	13	12	13	15	14	15	15	17	17	18	19	19	19	19	20	21	0	1	2	2	3	9	5	7	5	4	8	10	9	9	11	7	11	13	16	8	11	11	18	1	3	1	2	1	1	1	1	1	1	2	1	2	2	1	3	2	2	1	3	2	3	1
45000	-173.092809394133894	-171.408110006852439	-1.684699387281446	0.000274335685360	0.000057158492101	0.208352376855093	0.673829920607867	1	7	8	10	11	13	13	12	13	14	14	14	15	16	14	18	19	19	17	19	20	20	19	0	1	1	2	4	5	8	5	8	9	9	9	5	11	5	7	19	13	6	15	12	16	13	1	2	5	1	1	2	1	1	1	1	1	1	2	2	1	2	1	1	2	2	3	1	2
45500	-165.648515137104425	-164.038299547751393	-1.610215589353022	0.000187346116241	0.000044153173793	0.235677016843617	0.555552859438985	1	6	7	10	9	11	10	13	13	12	13	12	15	15	16	16	18	20	19	18	19	21	21	0	1	2	3	2	7	2	4	10	4	5	7	7	9	12	9	6	17	16	15	20	9	13	1	2	1	1	2	1	2	2	1	1	2	1	2	1	2	2	4	1	2	1	1	3	3
46000	-170.796286360543093	-169.332499261872528	-1.463787098670577	0.000222200266181	0.000071798436307	0.323124888824830	0.607369698312303	0	6	8	10	10	12	11	11	13	12	14	14	14	16	15	18	17	19	19	18	20	21	22	0	1	2	3	3	7	5	5	10	5	10	5	8	4	4	17	12	9	12	15	15	12	18	1	3	1	1	1	1	1	1	1	1	1	3	2	2	2	1	2	4	3	2	3	4	2
46500	-166.665954679300143	-165.277405257952609	-1.388549421347543	0.000198681772102	0.000084343461963	0.424515349698917	0.856617297766192	0	6	8	11	9	13	13	11	14	13	14	13	14	17	16	18	16	19	17	19	18	19	21	0	1	2	5	2	4	5	5	10	8	4	2	5	15	12	15	13	16	11	15	12	7	16	1	2	1	1	1	1	3	1	1	1	2	2	2	1	2	1	1	1	1	1	2	3	2
47000	-167.696312794504621	-166.294424544781549	-1.401888249723080	0.000149528889021	0.000059548969885	0.398243913100183	0.518585852478503	-1	5	8	10	11	13	12	12	14	14	14	14	15	13	17	18	18	20	19	20	19	21	21	0	1	2	2	3	5	5	2	14	4	14	5	5	7	12	7	6	16	17	15	15	8	16	1	2	1	2	2	1	1	2	1	2	1	2	1	1	2	2	3	1	1	2	1	4	2
47500	-188.337252921451721	-186.947917879433589	-1.389335042018130	0.000225747580544	0.000095437213506	0.422760736906568	0.688538031796801	1	6	5	10	10	13	12	12	12	13	14	14	15	16	16	18	18	20	19	16	19	20	22	0	1	1	3	3	7	4	4	4	8	9	9	7	11	9	14	14	17	6	9	12	11	13	1	3	2	3	2	1	1	1	2	1	1	1	1	1	2	1	1	1	3	2	3	2	4
48000	-164.889506790292899	-163.464808884500599	-1.424697905792292	0.000238029376174	0.000086760334985	0.364494233358399	0.697095855026834	1	5	8	11	10	13	13	13	12	13	15	14	16	16	16	18	17	18	16	20	19	17	20	0	1	2	3	3	4	5	5	4	9	8	4	8	7	12	14	7	8	6	15	17	9	13	1	2	2	1	1	1	2	1	1	1	1	1	1	1	1	1	3	3	2	2	1	2	2
48500	-176.626695795664205	-175.243294238300820	-1.383401557363385	0.000216740070155	0.000094691543847	0.436889882794958	0.656431500139891	1	6	9	9	10	13	12	12	14	13	15	13	16	16	15	18	18	17	20	18	18	20	21	0	1	2	2	4	7	5	5	10	4	10	2	8	15	10	14	6	15	6	15	15	13	13	1	1	1	1	1	1	1	1	1	2	1	2	2	1	1	1	2	1	3	2	1	1	2
49000	-183.392017107980280	-182.019702267561513	-1.372314840418756	0.000156633216744	0.000073845654914	0.471455904748372	0.487436126182760	-1	5	7	9	10	13	13	12	13	14	14	13	16	15	16	19	16	19	20	19	20	18	22	0	1	2	2	4	5	8	5	8	8	9	4	4	5	12	8	14	8	6	15	20	8	13	1	3	1	2	1	1	1	1	1	2	1	1	3	2	2	2	1	3	3	1	1	3	2
49500	-179.542923367929433	-178.115761650590741	-1.427161717338704	0.000260096641552	0.000093997953810	0.361396261207597	0.485105930893294	1	6	8	11	10	13	12	13	12	14	14	14	15	16	16	17	19	18	20	20	19	19	22	0	1	2	5	3	9	5	4	5	9	6	4	7	8	12	7	16	5	8	15	15	10	19	1	2	1	1	2	1	1	2	1	1	1	1	2	1	1	2	2	3	3	4	2	3	1
50000	-174.887414817064922	-173.228788822405903	-1.658625994659008	0.000221102092181	0.000048011729474	0.217147332258187	0.478193986221689	1	6	8	11	10	12	13	12	12	14	14	14	15	16	17	18	18	18	17	19	19	19	21	0	1	1	3	2	4	8	3	2	3	7	5	5	11	12	19	19	19	5	15	12	9	10	1	2	3	2	2	1	1	2	3	3	1	1	2	1	2	1	1	1	3	1	3	5	3
50500	-142.085990995899948	-140.709555043654490	-1.376435952245466	0.000180776517926	0.000082594258628	0.456885991472794	0.864668012554489	1	5	7	11	9	13	12	12	13	14	13	15	14	16	16	17	19	19	18	19	18	21	21	0	1	2	5	3	4	5	5	8	7	4	9	5	11	12	9	16	16	16	21	15	16	16	1	2	1	1	1	1	1	1	1	1	1	1	2	2	1	2	1	1	1	1	1	2	2
51000	-191.159891539038085	-189.798722266974806	-1.361169272063283	0.000193996891777	0.000107005605510	0.551584123486573	0.483770024178783	1	6	9	10	11	13	9	11	12	13	15	14	15	15	16	17	16	19	19	20	17	18	21	0	1	2	7	7	9	2	7	5	7	6	3	5	6	9	13	12	6	13	3	15	13	12	1	2	2	1	1	1	1	1	1	2	1	3	2	1	2	1	1	2	3	4	1	2	5
51500	-166.709379682716587	-165.295757512899996	-1.413622169816579	0.000193934927164	0.000073615742487	0.379589914841131	0.667765483698560	0	6	8	10	10	12	13	11	12	13	15	14	15	16	16	18	19	20	19	18	20	19	21	0	1	2	3	2	5	9	2	5	9	10	5	4	12	8	7	6	16	12	15	20	4	16	1	2	1	1	2	1	1	2	1	1	1	3	3	1	1	2	3	1	3	1	1	4	2
52000	-183.481631581512630	-181.957869412511599	-1.523762169001041	0.000194587449641	0.000054316586158	0.279137150204076	0.368293015670463	1	7	8	9	11	12	12	10	13	13	14	14	15	17	16	19	17	19	18	19	19	19	20	0	1	1	3	2	4	4	4	4	7	4	4	7	5	4	13	11	14	15	15	12	6	11	1	3	4	1	2	2	2	1	2	1	3	2	2	3	4	2	1	2	1	1	2	4	3
52500	-165.560060698715944	-163.862301414667854	-1.697759284048093	0.000217066459159	0.000044327073617	0.204209686696957	0.656568675427443	1	7	8	9	10	13	13	11	13	12	15	14	14	16	16	18	17	19	18	18	18	21	21	0	1	2	3	4	10	8	4	4	4	4	10	7	10	12	5	11	16	9	12	15	9	13	1	3	1	1	1	1	1	1	2	2	3	1	1	2	1	2	1	1	1	2	1	5	4
53000	-160.814442033353885	-159.243338669915431	-1.571103363438448	0.000183618837425	0.000046513677739	0.253316480986394	0.641048503504203	1	7	9	10	10	12	13	12	12	14	14	14	15	16	16	17	19	19	19	20	17	20	22	0	1	2	2	3	5	5	4	4	9	9	2	2	11	12	7	6	13	13	21	12	16	16	1	2	1	2	1	1	1	1	1	1	1	3	3	1	1	2	3	2	3	1	2	2	3
53500	-168.421976807759336	-166.769523108813956	-1.652453698945386	0.000157284592730	0.000034498896018	0.219340594138282	0.555589731823077	0	7	9	11	11	13	10	12	14	13	14	14	15	16	17	16	17	19	19	18	19	20	19	0	1	2	7	7	4	2	7	10	7	10	4	8	11	12	10	6	16	2	15	12	19	16	1	3	1	1	1	1	2	1	1	2	1	1	2	1	2	2	2	2	5	1	2	1	1
54000	-164.999821119617764	-163.354786622130376	-1.645034497487382	0.000292338174508	0.000064910112103	0.222037755460635	0.686088124153291	0	7	9	10	11	13	13	13	13	12	14	13	14	16	16	16	18	19	19	19	19	19	22	0	1	2	3	4	4	5	5	10	4	10	10	9	11	12	11	6	13	17	15	12	9	17	1	3	1	1	1	1	1	1	1	1	1	1	1	2	2	1	2	1	1	1	3	2	2
54500	-166.741719252017703	-165.348104698703793	-1.393614553313904	0.000234487528710	0.000097011716841	0.413718023191139	0.486120451934245	1	7	9	10	9	12	12	13	13	12	14	14	15	17	17	18	18	19	19	19	17	20	22	0	1	2	2	2	4	5	7	4	5	9	4	8	11	7	13	9	8	16	12	12	15	16	1	2	1	1	1	1	2	1	1	1	1	2	1	1	2	2	2	2	1	3	2	1	2
55000	-168.997315109614618	-167.432350612185729	-1.564964497428882	0.000165711722562	0.000042480902116	0.256354236497932	0.678890006287219	0	6	8	11	10	12	11	13	14	13	15	14	15	17	16	18	18	18	20	18	19	20	21	0	1	2	2	2	5	5	5	10	4	9	7	8	11	12	8	6	13	17	12	12	13	8	1	2	1	2	1	1	1	1	1	1	1	2	1	1	1	2	2	1	1	2	2	2	5
55500	-165.314316954353643	-163.843923287844319	-1.470393666509319	0.000198600421428	0.000063033255870	0.317387321820046	0.770959053647021	0	6	9	9	11	13	13	12	12	13	13	14	15	16	16	18	18	20	19	20	18	20	18	0	1	2	2	3	9	8	5	5	3	9	5	7	11	12	14	6	7	17	21	15	16	7	1	4	2	1	1	1	1	1	1	2	1	1	1	2	1	1	2	2	1	1	1	1	2
56000	-173.821277260543269	-172.199079790212664	-1.622197470330593	0.000273269923080	0.000063067684351	0.230788970992335	0.623058865814505	1	7	8	11	10	12	13	10	13	13	14	13	15	16	16	19	16	19	19	19	19	19	21	0	1	2	2	2	5	5	2	2	4	4	4	5	10	12	17	4	13	17	15	12	9	13	1	3	1	1	1	1	1	1	2	1	1	1	1	1	2	1	2	2	1	1	2	2	2
56500	-178.533367735971325	-177.098340373390670	-1.435027362580657	0.000229219384059	0.000080693729348	0.352037109249474	0.725102121146738	1	4	8	11	10	13	12	13	14	13	15	15	15	16	16	18	18	18	20	20	18	21	21	0	1	2	5	2	7	5	5	10	4	10	9	9	6	13	13	14	6	17	12	15	18	18	1	1	2	1	2	1	1	2	1	2	1	1	1	2	1	1	1	3	2	3	1	2	2
57000	-154.742198760853711	-153.350991788725935	-1.391206972127764	0.000193543274470	0.000081037155513	0.418703030290687	0.552578737323063	1	4	8	10	11	11	12	12	12	14	14	14	15	16	16	17	18	19	17	19	19	20	21	0	1	2	3	3	4	5	5	4	9	9	4	8	11	12	8	6	13	6	15	15	14	16	1	1	2	1	1	1	1	1	1	1	1	2	2	2	1	2	4	3	3	1	2	2	2
57500	-154.727418237424104	-153.317633770284772	-1.409784467139337	0.000172809290259	0.000066590831528	0.385342891161493	0.827563649133649	1	6	7	11	10	13	13	12	12	14	14	14	15	16	16	18	16	17	18	18	20	20	20	0	1	2	5	2	5	8	5	5	9	9	4	7	11	12	18	6	7	6	15	20	11	16	1	2	1	1	2	1	1	1	1	1	1	2	1	1	1	1	1	2	2	1	1	2	1
58000	-181.734585285731015	-180.359718416465114	-1.374866869265907	0.000267732377701	0.000123725227206	0.462122767025669	0.451122941365618	1	6	9	10	10	12	11	12	13	13	13	13	15	16	16	18	16	19	18	19	19	19	21	0	1	2	3	3	7	5	5	8	3	7	7	5	12	10	14	13	4	17	12	3	13	8	1	2	1	1	1	1	1	1	1	2	1	1	3	2	2	1	1	4	2	4	4	2	4
58500	-170.391655573104913	-168.962483849319568	-1.429171723785345	0.000223436632616	0.000080198181624	0.358930318118647	0.519263871763203	0	6	8	10	9	12	11	12	14	13	15	15	15	16	17	18	18	19	18	19	18	20	20	0	1	2	5	2	4	5	7	5	4	8	7	8	7	11	12	9	14	6	11	12	2	16	1	3	1	1	1	1	1	1	2	1	2	2	1	2	1	1	2	2	3	2	2	6	1
59000	-162.193785283154938	-160.420409998528953	-1.773375284625998	0.000135953191938	0.000024887914300	0.183062375695732	0.572143499579474	0	6	8	11	9	13	13	13	14	13	15	13	15	17	15	19	17	20	19	19	19	21	20	0	1	2	5	2	5	4	5	10	4	10	2	7	11	2	6	2	17	17	15	17	17	16	1	3	1	1	2	2	1	2	1	1	1	3	1	1	4	3	6	2	1	2	1	2	1
59500	-166.702519412201951	-165.274923676756544	-1.427595735445399	0.000212531861026	0.000076694083295	0.360859227996895	0.626288461559434	1	5	8	10	10	12	13	13	12	14	14	15	15	16	16	16	17	19	19	18	19	20	21	0	1	2	2	2	5	5	4	5	9	9	7	8	11	12	7	7	7	8	15	20	7	13	1	2	1	2	2	1	1	1	1	1	1	1	1	1	1	1	2	3	3	1	1	3	4
60000	-150.890544536299700	-149.453607361877886	-1.436937174421806	0.000201482144905	0.000070493762331	0.349875977170650	0.827588491277076	1	5	8	11	9	12	12	11	14	13	14	15	15	16	17	17	18	20	18	19	19	20	18	0	1	2	5	2	8	5	5	10	4	10	4	7	11	12	14	6	16	6	15	12	17	13	1	1	1	1	1	1	1	1	1	1	1	2	1	1	1	1	2	1	2	1	2	1	1
60500	-189.365198438716220	-187.919846541969434	-1.445351896746792	0.000189172665113	0.000064471922033	0.340809926182409	0.503591317501712	-1	6	8	11	10	13	12	13	13	14	14	14	16	16	16	16	19	18	18	19	20	21	21	0	1	2	3	3	3	5	5	7	9	9	4	6	10	2	9	15	7	10	12	12	10	13	1	4	2	2	1	2	1	1	1	1	1	2	1	2	5	2	2	2	3	3	4	2	3
61000	-183.862362924586051	-182.438274181422514	-1.424088743163544	0.000235869297392	0.000086156804540	0.365273503133122	0.524682988598321	1	6	8	11	11	13	13	12	14	14	13	13	15	17	15	16	17	19	20	19	19	19	22	0	1	1	3	3	8	8	4	7	8	5	5	5	13	12	7	11	3	6	12	15	11	16	1	3	3	1	2	1	1	1	1	1	1	1	2	2	1	2	2	4	3	4	1	3	2
61500	-175.897568517302062	-174.291848116670110	-1.605720400631954	0.000229973502738	0.000054634390934	0.237568199306418	0.538990468406422	1	7	7	9	10	13	12	12	12	14	15	15	16	17	17	17	18	19	19	19	20	19	20	0	1	1	3	3	4	5	3	5	7	6	8	7	11	12	7	6	11	6	6	20	8	13	1	3	3	1	1	2	1	2	1	1	1	2	1	1	1	3	2	2	2	3	1	4	1
62000	-181.750325448506743	-180.364983868312152	-1.385341580194605	0.000168100162841	0.000072624846219	0.432033169933143	0.654220980371100	0	7	8	9	10	11	12	12	14	13	15	14	16	16	15	17	18	19	19	20	19	20	20	0	1	2	2	4	4	3	2	7	5	10	7	5	12	8	4	8	14	16	12	12	16	14	1	3	1	1	1	1	2	4	2	1	1	1	2	1	2	4	2	1	1	4	2	1	2
62500	-154.170159341045576	-152.560382250553204	-1.609777090492365	0.000238573890689	0.000056270057503	0.235860082343881	0.596816982954562	1	5	8	9	10	13	11	13	12	14	14	15	15	17	16	18	17	19	19	19	19	21	22	0	1	2	3	3	7	5	7	4	9	8	9	8	10	12	8	6	14	6	15	15	14	16	1	2	2	1	1	2	1	1	2	1	1	1	1	2	1	2	2	1	3	2	2	2	2
63000	-194.142755112786290	-192.630553286840893	-1.512201825945394	0.000281577186490	0.000080651267568	0.286426853587404	0.563825523317404	-1	7	9	11	9	13	11	12	14	13	15	14	14	16	16	18	18	18	20	20	19	20	20	0	1	2	5	2	8	3	7	10	5	10	4	7	10	11	14	8	15	8	12	14	7	17	1	4	1	1	1	1	1	1	1	2	1	1	2	2	1	1	3	1	4	3	1	4	1
63500	-170.321788202511442	-168.938570089873878	-1.383218112637552	0.000164147925864	0.000071792169031	0.437362632839901	0.436767663741144	0	6	9	11	10	12	13	13	13	14	14	14	16	16	17	18	18	19	19	19	20	20	21	0	1	2	3	2	2	3	4	6	5	9	4	4	11	7	9	13	7	5	12	15	16	13	1	2	1	1	3	2	2	1	1	2	1	2	2	1	3	2	1	2	3	2	1	1	2
64000	-173.074699846008741	-171.708816811529942	-1.365883034478808	0.000196044391859	0.000098514708548	0.502512250482418	0.459256324376700	0	6	9	11	11	12	12	12	14	14	13	14	14	16	15	19	18	20	19	19	19	21	22	0	1	2	2	2	5	2	3	8	11	6	8	8	8	7	14	5	17	8	12	7	5	17	1	2	1	2	3	1	3	2	1	1	1	1	1	2	2	1	4	1	3	3	4	4	2
64500	-162.631704208558972	-161.158267317944876	-1.473436890614089	0.000277754039405	0.000087446990457	0.314836070950411	0.710227933844225	-1	4	7	11	10	13	13	12	14	13	14	14	15	16	15	17	18	19	18	18	19	20	19	0	1	2	5	2	4	8	5	6	4	6	4	7	11	6	13	6	16	6	15	20	4	13	1	2	1	1	2	1	1	1	1	1	1	1	1	1	1	1	2	1	2	1	1	4	2
65000	-174.687946012280008	-172.870324070638418	-1.817621941641597	0.000205931158033	0.000035526357250	0.172515696940810	0.433916713260578	0	6	9	9	10	12	13	11	13	13	15	14	16	16	15	18	18	20	19	19	19	20	22	0	1	2	2	2	4	8	4	4	4	8	4	8	11	12	7	6	16	9	15	15	14	10	1	3	2	1	3	1	1	1	2	2	2	2	3	1	1	2	3	1	2	1	2	2	4
65500	-174.067122963982740	-172.630710969757530	-1.436411994225212	0.000197459645854	0.000069202934923	0.350466216142358	0.584038127542094	-1	6	8	10	9	12	11	13	14	12	13	14	16	16	15	15	17	18	19	19	19	20	21	0	1	2	5	2	7	5	7	10	4	6	4	16	6	4	3	16	16	17	12	12	9	17	1	2	1	1	1	1	1	1	1	1	1	2	1	1	3	3	2	1	1	2	2	3	1
66000	-160.810547554501454	-159.097401749278276	-1.713145805223178	0.000195627907420	0.000039034204602	0.199532904668444	0.833547352037409	0	6	8	10	11	12	13	13	13	14	15	14	15	17	17	18	18	19	18	16	19	18	22	0	1	2	2	4	4	5	5	5	9	4	4	8	9	12	14	11	14	6	12	20	11	16	1	3	1	2	1	1	1	1	1	1	2	2	1	2	1	1	2	1	2	1	2	2	2
66500	-166.103036565820389	-164.579425996319287	-1.523610569501115	0.000181108252243	0.000050570830269	0.279229850889499	0.497134705267724	0	7	8	10	10	12	13	9	12	12	14	14	15	16	15	18	19	19	20	19	18	20	20	0	1	1	3	8	4	10	3	4	8	9	3	5	11	4	8	6	15	17	21	12	16	16	1	5	4	1	1	1	1	1	1	2	1	3	3	1	3	4	3	2	1	1	2	1	1
67000	-163.442537626407358	-162.063223507432724	-1.379314118974629	0.000178862912244	0.000080141525034	0.448061166109716	0.606129499528735	0	6	8	10	10	13	12	12	13	11	15	14	15	17	16	19	18	18	19	20	18	19	20	0	1	2	3	2	4	4	4	10	4	9	4	7	11	4	14	6	12	6	12	12	6	5	1	2	1	1	2	2	1	1	1	1	1	2	2	1	2	1	2	2	3	3	2	4	4
67500	-147.369314417733733	-145.764812678845800	-1.604501738887947	0.000282866143997	0.000067346615367	0.238086518293618	0.799860388472260	1	5	8	10	11	12	13	13	14	12	15	14	16	17	16	19	18	20	19	19	20	21	21	0	1	2	3	3	4	5	5	10	4	12	4	7	11	12	17	7	17	17	15	20	9	16	1	2	1	1	1	1	1	2	1	1	1	2	1	1	1	1	2	1	1	1	1	2	1
68000	-179.840281970459841	-178.368167941401197	-1.472114029058649	0.000219273573664	0.000069276911098	0.315938258955044	0.557123285565345	-1	7	9	10	10	13	13	12	12	14	15	14	15	17	16	15	17	18	19	19	18	21	21	0	1	2	3	2	4	5	5	4	9	10	4	8	6	12	5	12	12	17	15	15	2	16	1	3	1	1	2	2	2	2	1	1	1	2	1	2	1	2	2	2	1	1	1	6	3
68500	-189.071979844465915	-187.606305291601018	-1.465674552864898	0.000241016833893	0.000077476501464	0.321456805371578	0.522874867516256	0	6	8	10	10	12	10	13	14	13	13	14	13	16	15	17	18	18	19	19	20	19	19	0	1	2	2	2	5	2	6	13	7	4	7	7	11	12	8	14	16	4	12	15	14	8	1	3	1	3	2	1	1	1	1	2	1	1	2	1	1	2	1	1	3	3	2	1	3
69000	-157.566829887677926	-155.767463008043478	-1.799366879634456	0.000237139025828	0.000041908834678	0.176726856880806	0.632725094655694	1	5	9	10	11	11	13	13	13	13	14	15	15	16	16	18	17	20	19	18	20	19	20	0	1	2	2	3	3	4	5	4	6	6	3	8	11	4	13	3	17	17	12	20	17	13	1	1	2	2	1	2	2	1	1	1	2	2	1	1	2	1	4	1	1	1	1	1	3
69500	-170.196315967014044	-168.818206533363877	-1.378109433650159	0.000205341501641	0.000092741242724	0.451643929662310	0.542786460126712	1	6	8	10	10	12	13	12	14	12	15	13	15	17	16	16	18	20	18	20	18	20	20	0	1	2	2	2	4	8	4	10	4	6	10	7	11	5	7	16	6	6	4	12	16	13	1	2	1	2	2	1	1	1	1	1	1	1	1	1	2	2	1	5	2	4	2	1	2
70000	-170.852881840012401	-169.464774945198911	-1.388106894813498	0.000199630577898	0.000084946385230	0.425517904741183	0.626755660855134	1	5	7	10	11	12	13	12	13	14	12	14	15	16	16	18	17	19	19	20	19	19	21	0	1	2	2	4	2	5	5	11	5	4	6	7	10	12	14	9	6	17	12	2	6	18	1	2	1	2	1	4	1	1	1	2	1	1	1	1	1	1	2	3	1	3	5	2	2
70500	-163.126919072593353	-161.640975212988138	-1.485943859605213	0.000241353282898	0.000073588030907	0.304897575966988	0.817505571825771	0	6	8	11	10	13	13	12	13	12	14	14	15	16	16	19	18	19	19	18	20	21	21	0	1	2	3	3	4	8	5	10	5	10	4	8	11	12	17	6	13	6	15	20	17	18	1	3	1	1	2	1	1	1	1	1	1	2	2	1	1	1	2	2	2	1	2	3	1
71000	-188.865371656431591	-187.261930854352016	-1.603440802079565	0.000278640002385	0.000066466712107	0.238539734200851	0.663259038456831	1	6	9	10	11	11	11	12	13	13	15	14	15	16	16	16	18	19	17	16	20	20	20	0	1	1	2	2	2	2	2	7	4	9	7	10	11	12	11	16	7	7	12	20	9	16	1	2	4	1	1	3	2	3	1	1	1	1	1	1	2	1	1	5	2	1	2	5	2
71500	-178.142563248304072	-176.723801029905474	-1.418762218398592	0.000295211005612	0.000109915535256	0.372328717988456	0.762467017774980	1	6	8	9	10	12	12	12	11	13	13	14	15	17	16	17	18	19	18	19	18	19	20	0	1	2	3	4	4	9	5	4	8	9	6	10	13	10	11	9	16	12	15	15	8	8	1	3	1	1	1	2	1	1	1	1	1	1	1	1	1	1	3	1	2	1	1	4	2
72000	-169.311139430345690	-167.780428589470802	-1.530710840874891	0.000217054265241	0.000059682471402	0.274965669695564	0.547718385450707	0	6	8	10	9	12	11	12	13	14	13	14	16	16	16	18	19	19	20	19	18	20	21	0	1	2	5	3	4	2	4	5	8	4	7	8	11	2	14	15	8	17	21	12	15	15	1	4	1	1	1	1	3	1	2	1	1	1	2	2	5	1	2	4	1	1	3	3	2
72500	-179.753211698726545	-178.091083258373715	-1.662128440352831	0.000226522526461	0.000048911318304	0.215922535689478	0.781381807573719	1	6	8	10	10	12	11	12	14	13	14	14	14	17	17	19	18	20	18	18	19	20	21	0	1	2	3	2	4	4	5	8	4	10	4	8	11	12	17	9	16	9	9	20	17	22	1	2	1	2	2	1	1	1	1	1	1	2	1	1	2	1	2	1	2	1	1	2	1
73000	-199.509989955107272	-197.748811758996851	-1.761178196110411	0.000274404808001	0.000051089900089	0.186184420241162	0.446980991599691	0	6	8	11	10	12	12	12	14	13	14	14	16	16	17	18	17	19	20	20	17	21	21	0	1	2	3	2	5	5	5	10	7	6	4	9	11	5	10	6	7	6	21	12	11	6	1	2	1	1	4	1	1	1	1	1	1	2	1	1	3	3	3	4	3	1	1	3	5
73500	-184.477597291198748	-183.059578805259207	-1.418018485939542	0.000231465948601	0.000086417886027	0.373350320207073	0.743111635001775	-1	4	7	11	10	12	13	13	13	14	14	15	16	16	16	16	18	19	20	20	19	20	21	0	1	1	5	3	5	5	5	5	6	9	7	8	10	8	9	16	16	13	15	12	16	16	1	3	3	1	2	1	2	2	1	1	1	1	2	1	2	1	1	2	2	2	2	2	3
74000	-149.824872353235776	-148.355074195978375	-1.469798157257395	0.000157362384084	0.000050024419956	0.317893124501711	0.690599889906554	0	6	8	11	10	12	13	12	13	13	14	14	16	16	16	17	19	19	20	18	20	19	21	0	1	2	5	3	4	5	5	4	5	9	4	5	11	12	13	13	13	17	15	20	7	13	1	2	1	1	1	1	1	1	1	2	1	1	2	1	1	1	2	1	1	1	1	2	2
74500	-169.232072562107533	-167.727282466978068	-1.504790095129471	0.000205727141603	0.000059939046405	0.291352156736053	0.535455119488863	1	6	8	11	10	12	11	12	14	12	14	14	15	17	16	19	16	19	20	20	20	20	21	0	1	2	5	3	5	5	5	4	4	10	10	10	11	12	17	10	5	17	15	15	10	16	1	2	1	1	1	1	1	1	2	1	1	2	2	2	2	2	2	4	1	3	2	4	1
75000	-162.422462005563773	-160.889437928192677	-1.533024077371086	0.000222581580661	0.000060900458711	0.273609606553330	0.624091142911563	1	6	8	10	11	12	12	13	13	14	14	15	15	16	16	18	18	19	20	20	19	21	21	0	1	2	3	4	4	4	5	4	9	9	10	8	11	12	9	11	13	17	12	12	16	20	1	3	2	1	1	1	1	1	1	1	1	1	2	1	1	2	1	2	2	3	2	1	1
75500	-174.499903680690664	-173.084837715235722	-1.415065965454954	0.000222580826806	0.000084024611412	0.377501569286559	0.434374198327455	-1	7	9	11	9	13	13	11	13	13	14	15	14	17	17	18	16	19	19	19	20	20	21	0	1	2	5	2	8	4	5	4	5	2	10	8	5	12	6	11	9	11	12	15	11	16	1	3	1	1	1	1	1	1	1	2	4	1	2	5	2	3	1	4	3	3	1	5	2
76000	-175.952392690486619	-174.415552739392439	-1.536839951094169	0.000186724569963	0.000050678320762	0.271406814714177	0.561831645476202	1	7	8	11	10	12	13	11	12	12	14	15	16	17	16	17	17	18	19	18	20	20	20	0	1	2	3	3	5	8	5	5	2	10	4	5	11	4	5	4	7	17	13	15	17	13	1	2	1	3	1	1	1	1	1	2	1	2	3	1	2	2	3	2	1	1	2	3	2
76500	-164.006310871070866	-162.497080577809783	-1.509230293261083	0.000270096028811	0.000077889390082	0.288376657830312	0.708575709066360	0	6	8	10	10	12	11	11	14	12	14	15	15	17	17	18	17	19	19	20	20	21	21	0	1	2	2	3	8	5	5	8	7	10	9	7	12	12	17	8	17	17	15	12	11	18	1	3	1	2	1	1	1	1	1	1	1	1	2	1	2	1	2	1	1	1	2	4	1
77000	-176.211965612580997	-174.759274622026680	-1.452690990554308	0.000207442060346	0.000069170406900	0.333444465335855	0.755239704161693	0	7	8	11	11	13	12	9	13	12	14	14	15	17	16	17	18	20	17	19	18	19	22	0	1	2	8	8	5	5	3	10	4	9	4	7	9	12	11	16	17	6	15	15	11	14	1	4	1	1	1	1	1	1	1	1	1	2	2	1	1	1	1	1	2	2	1	2	2
77500	-171.397505394894750	-169.933941048637479	-1.463564346257275	0.000281409513068	0.000090986260952	0.323323330331346	0.576174456731479	0	5	8	10	10	12	12	12	13	12	15	14	15	17	17	17	18	20	20	19	19	21	21	0	1	2	2	2	4	5	5	4	3	8	10	5	11	12	11	8	17	17	15	12	18	16	1	2	1	2	2	1	1	1	1	2	1	1	2	1	2	1	3	2	2	1	2	1	2
78000	-153.933092401776122	-152.547479940387689	-1.385612461388440	0.000153730078187	0.000066315275294	0.431374758123298	0.625209384168228	0	6	8	10	9	13	12	12	14	13	14	14	14	16	17	18	18	19	20	20	19	20	21	0	1	2	5	2	5	4	4	10	4	7	6	8	11	12	10	6	17	17	15	15	18	13	1	2	1	1	2	2	1	1	1	2	1	1	1	1	2	2	3	1	1	2	1	1	3
78500	-183.284934598787373	-181.720924524352881	-1.564010074434487	0.000212101949091	0.000054474970376	0.256833898083084	0.418305176031700	-1	5	7	11	10	12	12	13	14	13	15	15	14	16	17	18	16	19	18	20	19	18	21	0	1	2	5	3	2	5	4	10	4	9	2	7	7	6	14	4	16	12	15	12	6	6	1	2	1	1	2	4	1	1	1	1	1	4	2	3	3	2	3	1	2	2	2	3	4
79000	-169.036954953284322	-167.672928715233923	-1.364026238050410	0.000350404480458	0.000180671332577	0.515607940687968	0.656944510862408	0	7	7	10	9	11	12	12	14	13	15	14	15	17	16	18	16	18	18	17	19	20	22	0	1	1	5	3	5	4	4	8	8	10	4	7	17	11	10	12	13	17	12	15	18	5	1	3	3	1	1	1	1	1	1	1	1	2	1	1	1	2	1	2	1	2	2	1	6
79500	-164.775262097668616	-163.330708884576239	-1.444553213092383	0.000230249710555	0.000078662618679	0.341640467164481	0.679609921814255	0	6	8	9	11	13	12	10	13	12	14	15	16	17	16	17	18	19	19	18	20	20	21	0	1	2	3	8	5	8	3	10	4	10	4	7	11	12	13	6	16	11	15	20	17	16	1	2	1	1	1	1	1	1	1	2	1	3	2	2	1	1	2	1	2	1	1	1	3
80000	-190.850928169583540	-189.306648985290224	-1.544279184293313	0.000249097366661	0.000066566167290	0.267229510222190	0.751116250906188	1	5	8	9	10	10	12	13	13	12	14	14	16	16	16	17	17	19	20	18	20	20	19	0	1	1	3	3	4	5	6	10	4	9	7	7	12	12	8	12	8	23	12	15	12	16	1	1	2	1	1	1	1	1	1	1	1	1	1	1	1	2	1	2	1	2	2	3	1
80500	-164.321594684053736	-162.667583693936280	-1.654010990117451	0.000175919424683	0.000038488173951	0.218782968510810	0.725987674987555	1	7	9	10	10	11	13	12	13	14	13	14	14	16	16	19	17	18	19	19	17	20	20	0	1	2	2	2	2	6	5	6	4	6	2	8	10	12	10	9	8	9	21	12	16	16	1	2	1	1	2	2	1	1	1	2	1	3	1	1	1	2	2	2	3	1	1	1	1
81000	-168.878677301531070	-167.444666080960019	-1.434011220571056	0.000182501171324	0.000064460110803	0.353203819655671	0.659817288004428	0	4	8	10	10	13	12	12	12	14	14	14	15	15	15	18	17	20	19	18	18	19	22	0	1	2	3	3	4	5	5	5	9	9	4	7	11	12	10	6	16	9	15	12	10	16	1	3	2	1	1	1	1	1	1	1	1	2	1	1	1	1	2	1	3	1	3	3	3
81500	-181.369130201573995	-179.984806011271587	-1.384324190302415	0.000223031081533	0.000096917792475	0.434548367917979	0.551507189052901	0	6	9	11	11	12	13	13	13	14	15	15	15	17	16	17	18	19	19	19	18	21	22	0	1	2	2	3	5	5	6	3	4	7	7	7	12	9	8	5	17	8	12	12	16	9	1	3	1	3	1	1	1	1	3	2	1	2	1	1	3	2	3	1	4	2	2	2	5
82000	-176.428349588833385	-174.906525435574537	-1.521824153258861	0.000186941167527	0.000052404809880	0.280327819566863	0.603028810111706	0	7	9	10	11	12	11	12	13	13	14	14	15	17	16	18	17	19	20	20	19	18	19	0	1	2	2	2	4	2	2	8	5	9	7	9	11	12	13	6	22	16	15	15	10	11	1	3	1	1	2	1	2	3	1	1	1	2	1	2	1	2	2	1	1	2	1	3	2
82500	-167.184818221387332	-165.563993073496505	-1.620825147890821	0.000176961880697	0.000040937992813	0.231337916687315	0.523671680167726	0	6	9	9	11	12	12	13	13	13	13	15	15	17	16	18	18	20	16	20	18	21	22	0	1	2	2	4	4	5	5	4	4	4	11	2	5	12	8	11	14	6	21	15	14	13	1	3	2	1	1	2	1	1	2	2	3	1	3	4	1	2	3	1	2	1	2	2	3
83000	-167.521173135646819	-166.107430394196740	-1.413742741450066	0.000261806610714	0.000099333090456	0.379413988765125	0.536581713359507	1	6	9	10	8	13	12	12	14	13	12	15	15	16	17	17	17	19	19	19	19	20	21	0	1	5	5	2	4	4	4	8	5	5	6	10	13	11	4	11	13	17	16	15	10	7	1	3	1	1	1	2	1	1	1	3	2	2	1	1	2	3	1	2	1	1	1	3	3
83500	-177.421171955405839	-175.902845321868966	-1.518326633536868	0.000203319420119	0.000057439350711	0.282507940842639	0.621728453833216	0	5	7	11	10	13	12	12	12	13	15	14	14	16	16	19	16	19	18	18	19	17	21	0	1	2	5	3	4	5	2	4	9	6	6	10	11	4	17	6	10	6	8	12	8	16	1	3	1	1	1	1	1	4	1	1	1	1	1	1	1	2	1	4	2	2	3	3	1
84000	-179.735513296305072	-178.213682831381419	-1.521830464923661	0.000275991686904	0.000077367072107	0.280323921981602	0.471956592554882	1	6	7	9	11	13	12	13	12	12	14	13	16	16	17	18	19	19	18	19	20	20	21	0	1	1	3	2	7	4	7	4	4	9	10	11	11	12	14	6	16	7	12	17	19	13	1	2	3	1	1	1	1	1	2	2	1	1	1	1	2	1	3	1	2	3	1	2	3
84500	-162.617272449017918	-160.772064936962323	-1.845207512055605	0.000169778895670	0.000028266651103	0.166490958675317	0.533409179435731	0	6	8	10	10	13	13	10	14	12	14	15	16	16	16	17	18	19	19	19	20	21	20	0	1	2	2	3	5	5	2	5	2	6	6	7	11	12	5	9	17	16	15	20	9	13	1	3	1	2	1	1	2	1	2	4	1	1	1	1	1	4	2	1	1	1	1	4	2
85000	-158.749132778517776	-157.149870811070258	-1.599261967447517	0.000172968028117	0.000041571666833	0.240343069672293	0.544140712382456	0	6	7	9	10	11	13	12	14	13	15	14	15	16	16	17	18	17	19	17	20	21	21	0	1	2	3	4	2	5	5	5	4	10	4	8	11	12	4	16	13	16	12	20	16	16	1	3	1	1	1	2	1	1	3	2	1	2	2	1	1	3	1	1	1	2	2	2	3
85500	-169.868937163714861	-168.426393586572487	-1.442543577142380	0.000179353929293	0.000061654178272	0.343757053524191	0.626402250157160	1	6	7	11	10	12	12	13	13	14	14	12	15	15	16	17	18	18	20	19	20	20	22	0	1	2	5	3	5	2	7	5	9	9	5	5	9	7	14	8	8	17	15	20	16	7	1	2	1	1	1	1	2	1	1	1	1	1	4	1	2	1	3	3	1	1	1	2	5
86000	-180.315871934914043	-178.952481504641042	-1.363390430273014	0.000176228508616	0.000091823447223	0.521047632666674	0.543096274626313	1	5	9	11	8	13	12	10	14	14	15	15	15	16	16	18	18	19	18	19	17	20	19	0	1	5	5	2	8	8	5	7	2	9	4	7	8	12	6	15	14	6	12	13	16	10	1	2	1	1	2	2	1	1	1	4	1	2	2	3	1	3	1	2	2	2	1	1	2
86500	-163.453299030397233	-161.976641669440170	-1.476657360957052	0.000214599240545	0.000066996888014	0.312195363989190	0.668211949873756	1	7	8	10	10	12	13	12	14	13	15	14	15	16	16	17	17	19	18	20	17	20	21	0	1	2	3	3	4	8	5	6	8	12	4	8	11	4	7	12	13	12	15	15	15	16	1	2	1	1	1	1	1	1	1	1	1	2	2	1	3	2	1	2	1	2	1	2	2
87000	-157.433896404672907	-156.069840772262381	-1.364055632410538	0.000174376947457	0.000089868910571	0.515371509146392	0.695599670027791	1	6	8	11	9	13	12	11	13	12	14	14	15	15	16	18	16	20	20	19	18	20	21	0	1	2	5	2	5	2	5	4	5	10	10	8	11	12	9	6	11	16	15	12	16	16	1	2	1	1	1	1	3	1	1	3	1	1	2	1	1	3	2	3	1	1	3	1	1
87500	-167.088462679840319	-165.534848205640372	-1.553614474199945	0.000223969749478	0.000058723366329	0.262193293805650	0.699965921271078	0	5	9	11	10	13	12	13	13	14	15	14	15	15	16	18	18	20	20	20	18	18	21	0	1	2	3	2	4	5	5	4	9	5	4	8	9	12	13	6	22	17	15	15	2	17	1	2	2	1	2	1	2	1	1	1	2	2	1	1	2	1	3	1	1	2	1	5	1
88000	-176.462922793696464	-175.096056446296643	-1.366866347399827	0.000190082996856	0.000094409315524	0.496674174363205	0.440879882867654	1	7	9	11	10	12	11	11	13	13	12	15	14	16	16	18	17	19	19	20	20	21	22	0	1	2	5	2	7	3	3	7	4	4	4	6	6	12	14	5	7	2	12	15	18	9	1	3	1	1	2	1	1	1	1	1	1	2	1	2	1	2	3	4	7	3	2	1	6
88500	-173.456974083336064	-172.090003421846546	-1.366970661489507	0.000263864641182	0.000130899957712	0.496087528534476	0.724092250269248	0	6	8	9	10	13	12	12	13	13	13	14	14	16	17	19	18	17	19	20	18	19	21	0	1	1	2	4	5	5	5	5	8	4	4	8	6	14	18	7	6	17	17	11	9	16	1	3	4	1	1	1	1	1	1	1	2	2	1	1	1	1	3	2	1	1	1	2	1
89000	-157.068576468705572	-155.614023146427456	-1.454553322278120	0.000215226926109	0.000071379456241	0.331647426887474	0.637955940908412	0	6	8	10	10	13	12	13	12	14	14	14	15	16	17	17	18	17	19	18	18	20	22	0	1	2	3	3	7	5	3	4	9	4	9	10	10	12	10	11	13	17	15	15	8	14	1	2	1	1	1	1	1	3	1	1	1	1	1	2	2	1	2	1	1	1	1	3	3
89500	-170.610517878723016	-169.248855625968957	-1.361662252754047	0.000210194562819	0.000113817872162	0.541488184258751	0.486447874159627	1	6	8	11	9	13	12	12	14	11	14	14	15	16	16	17	19	19	19	19	19	20	21	0	1	2	5	3	8	10	5	3	5	8	8	7	4	12	13	6	8	15	15	12	4	18	1	2	1	1	1	1	1	1	2	1	1	1	2	3	2	1	2	4	1	2	2	4	1
90000	-174.622809811495472	-173.133003864436688	-1.489805947058778	0.000223806659605	0.000067587673603	0.301991342538699	0.474864718859645	0	6	8	10	10	12	11	12	14	13	15	14	15	15	16	18	19	20	19	20	18	19	21	0	1	2	3	3	5	4	7	8	8	4	4	8	4	4	13	13	10	16	12	12	8	22	1	4	1	1	1	1	1	1	1	1	3	2	2	3	3	2	2	4	1	4	3	4	1
90500	-188.467914701594424	-187.106282227338369	-1.361632474256050	0.000242114581824	0.000131223098271	0.541987588200642	0.730361407497247	1	5	6	10	11	13	12	13	12	13	15	13	14	16	17	18	18	19	19	19	20	19	22	0	1	2	2	2	4	4	4	4	9	9	9	7	12	8	11	8	13	5	15	17	11	18	1	3	1	2	3	2	1	2	1	1	1	1	1	1	2	1	3	2	3	1	1	2	2
91000	-168.972393945204971	-167.452812326096335	-1.519581619108647	0.000185027958946	0.000052126254460	0.281720961291877	0.442917643151152	1	6	7	9	10	12	12	12	14	13	15	13	15	16	16	18	19	19	19	19	18	20	22	0	1	2	2	2	4	5	5	10	7	4	4	8	13	12	7	14	13	16	12	15	16	7	1	3	1	2	2	1	1	1	1	1	2	2	2	1	2	4	2	2	1	2	1	1	5
91500	-174.411850441922553	-172.833162504278249	-1.578687937644317	0.000179885057796	0.000044912327133	0.249672361248631	0.506401812706928	-1	5	9	11	10	11	12	13	14	14	15	14	15	17	16	19	16	19	20	19	18	19	21	0	1	2	5	3	3	5	2	5	7	4	6	7	9	12	7	6	7	8	12	12	8	18	1	3	2	1	1	1	1	5	1	1	2	1	2	2	1	2	3	5	3	3	2	2	1
92000	-167.637943397950778	-166.148529965511926	-1.489413432438841	0.000214761161253	0.000064918743681	0.302283445023462	0.531320411261476	1	6	7	10	11	13	12	12	13	13	15	13	15	17	17	16	19	20	20	19	20	18	21	0	1	2	2	2	7	4	2	7	5	5	4	9	4	12	13	6	9	17	15	20	9	14	1	2	1	2	3	1	1	2	1	1	2	1	1	3	2	1	3	3	1	1	1	3	2
92500	-197.484981218385030	-195.943472354515791	-1.541508863869230	0.000227249555247	0.000061077291861	0.268767486893477	0.326458789087423	0	6	8	11	11	13	11	11	13	13	13	13	15	15	16	17	18	18	18	20	20	19	20	0	1	2	2	3	8	3	3	7	5	8	4	11	11	5	14	9	15	11	15	15	5	16	1	4	1	3	2	1	2	1	1	1	1	1	1	2	2	1	2	1	4	2	2	4	1
93000	-203.742682073780543	-202.207642034737489	-1.535040039043056	0.000216217091676	0.000058906319887	0.272440626363313	0.533502684799057	1	5	7	10	9	12	11	10	13	14	14	14	15	16	15	17	19	19	18	19	19	19	22	0	1	2	5	2	8	8	3	5	9	4	8	9	10	9	7	9	9	2	9	15	10	17	1	1	1	1	2	1	1	2	1	1	2	1	2	1	1	3	3	3	7	3	2	3	2
93500	-189.670924142320388	-188.186219925982869	-1.484704216337521	0.000203532739383	0.000062249651266	0.305845887274297	0.452246480758846	-1	6	8	10	9	12	13	11	13	14	15	15	16	16	17	18	18	20	19	20	20	19	21	0	1	2	3	2	5	3	5	5	8	8	5	9	4	4	13	6	9	5	12	12	5	13	1	4	2	1	2	1	2	1	3	2	2	3	1	2	4	1	3	3	4	3	2	6	2
94000	-190.580435801405542	-189.077092421355701	-1.503343380049832	0.000230296034376	0.000067324334178	0.292338226147089	0.534594775568889	-1	6	9	10	10	12	12	11	13	12	14	15	15	17	17	18	17	20	19	18	19	21	21	0	1	2	2	3	5	5	5	5	2	9	6	8	13	12	13	6	17	7	12	15	16	4	1	5	2	2	1	1	2	1	1	4	1	1	2	1	1	1	2	1	3	2	1	2	4
94500	-181.145211306475659	-179.668787311278408	-1.476423995197262	0.000313150240458	0.000097823354066	0.312384732397851	0.604374808970094	1	6	8	11	10	13	12	12	13	11	15	14	15	15	13	17	18	20	19	20	19	20	22	0	1	2	5	3	8	5	5	10	5	15	4	9	15	4	14	5	8	4	4	2	17	17	1	3	1	1	1	1	1	1	1	1	1	1	1	1	2	1	3	4	4	4	4	1	2
95000	-169.732658190254767	-168.137565585335039	-1.595092604919716	0.000256914878533	0.000062217565146	0.242171903398979	0.590771950295634	1	6	9	11	9	12	12	13	13	14	14	14	16	15	15	18	17	19	19	19	19	20	20	0	1	2	5	2	4	5	5	4	9	6	4	8	8	12	7	4	6	17	15	12	10	16	1	3	1	1	1	1	1	2	1	1	1	2	1	1	1	2	2	5	1	1	2	3	1
95500	-175.343804656057671	-173.897329061926655	-1.446475594131028	0.000155908497991	0.000052954541295	0.339651410781287	0.429245318510476	0	6	8	10	10	13	12	12	12	14	14	14	13	15	15	19	18	18	20	19	20	20	21	0	1	2	2	2	7	5	5	4	7	9	2	7	11	12	17	4	7	12	15	15	9	5	1	3	1	2	2	1	1	1	1	1	1	3	1	1	1	1	3	3	4	2	2	4	5
96000	-164.154338352475321	-162.655968437506004	-1.498369914969316	0.000233464964100	0.000069057281058	0.295792909759759	0.627291451785864	0	7	9	11	10	11	12	12	12	14	13	14	15	16	16	17	18	19	20	19	20	19	22	0	1	2	5	2	5	2	5	5	6	9	4	8	11	10	10	7	16	17	12	12	17	13	1	2	2	1	1	1	2	1	1	1	1	2	1	1	1	2	2	1	1	3	3	1	3
96500	-162.094317503492448	-160.595315855958887	-1.499001647533566	0.000205854023196	0.000060798656535	0.295348400729047	0.592002430607243	1	6	8	11	9	13	12	12	12	13	15	14	14	16	16	17	17	20	19	19	18	20	21	0	1	2	5	2	4	5	2	5	4	10	9	9	4	12	14	6	16	17	21	15	7	13	1	3	1	2	1	1	2	3	1	1	1	1	1	2	2	1	1	1	1	1	1	4	3
97000	-194.933699745057680	-193.543532852338217	-1.390166892719455	0.000218688084038	0.000092053855718	0.420936769933470	0.584147124700183	1	7	6	11	10	13	12	11	12	14	14	14	15	16	17	18	19	20	19	18	18	21	20	0	3	1	5	2	4	5	2	3	8	4	9	10	6	13	6	11	11	10	9	12	14	7	1	1	1	1	2	1	1	1	3	2	2	1	1	1	1	1	2	3	1	2	1	3	3
97500	-184.804793153016050	-183.405995529758968	-1.398797623257080	0.000286733119316	0.000115770172830	0.403755844829753	0.690378615398801	0	6	8	11	10	11	9	10	14	14	13	14	15	16	16	19	18	16	17	19	20	20	21	0	1	2	5	7	8	3	7	11	11	8	2	9	12	12	15	8	11	6	15	20	18	16	1	2	1	1	1	1	1	1	1	1	1	3	1	1	1	1	4	1	2	1	1	1	1
98000	-171.771749322855186	-170.349619398110036	-1.422129924745149	0.000161300772527	0.000059329102322	0.367816603679866	0.571745876224910	1	6	8	10	10	11	12	12	13	13	15	14	14	16	15	17	17	19	19	17	19	21	20	0	1	2	2	2	2	6	4	8	5	9	2	8	11	10	8	6	8	6	12	17	16	13	1	3	1	2	2	2	1	1	1	1	1	4	1	1	1	2	4	2	3	1	1	2	3
98500	-167.294470216586831	-165.784607265552836	-1.509862951033991	0.000188879274247	0.000054389448409	0.287958796039541	0.441864735535591	0	6	8	10	11	13	12	12	13	12	15	14	16	16	16	18	18	19	19	19	18	20	21	0	1	2	3	2	5	2	4	10	4	9	7	5	11	12	13	6	16	5	15	15	8	19	1	3	2	1	2	1	4	1	1	1	1	1	2	1	2	1	3	1	4	1	1	2	1
99000	-181.882359721688175	-180.475032112496393	-1.407327609191795	0.000172190965776	0.000067015484486	0.389192802214137	0.534776652716203	0	5	8	10	9	13	12	11	14	13	15	13	15	17	15	18	17	18	19	19	17	20	19	0	1	2	5	3	7	5	2	10	8	6	2	5	11	12	2	8	12	13	21	12	12	16	1	2	1	1	1	1	1	3	1	1	1	4	3	1	1	7	2	3	2	2	2	2	1
99500	-179.040405773037008	-177.511629759277582	-1.528776013759423	0.000193840108233	0.000053521621996	0.276112216836498	0.536711022113768	0	7	8	11	11	12	13	13	13	14	14	13	15	16	17	18	18	19	18	20	20	20	22	0	1	1	3	3	4	5	6	5	4	6	4	5	11	12	8	6	8	7	15	12	7	18	1	5	2	2	2	1	2	1	2	1	1	1	2	1	2	2	2	2	2	2	3	3	2
100000	-175.810907804398454	-174.449911153806397	-1.360996650592043	0.000241874665643	0.000140977059818	0.582851699014480	0.546094185609711	1	7	9	10	11	12	11	13	14	13	14	13	15	16	15	18	18	18	19	19	20	20	21	0	1	2	3	4	7	4	7	10	7	8	4	11	6	12	6	5	8	8	12	15	9	8	1	3	1	1	1	1	1	1	1	1	1	2	1	1	1	3	3	2	3	4	3	2	4