
4	5	6	7	8	
4	5	6	7	8	9	

1	2	3	4	5	
4	8	
2	3	4	5	
2	3	



7	8	9	10	11	12	


3	4	5	6	8	

1	2	



2	3	4	5	
10	11	12	
4	5	7	

6	7	8	
6	7	8	9	10	11	
9	10	11	12	13	
10	12	13	14	
11	12	13	
11	12	13	14	15	
11	12	13	14	
17	18	19	

16	18	19	20	
14	15	16	
13	14	16	17	18	
13	14	15	16	
17	18	19	
14	15	17	


15	16	18	

25	26	

27	29	30	31	


23	24	26	27	
23	24	25	26	27	
24	25	26	27	
27	28	29	30	

28	29	30	

29	30	31	

30	31	32	33	
30	32	33	
31	32	33	
35	36	37	38	39	40	
34	35	36	37	
34	35	36	37	
38	40	41	42	43	
38	39	40	
38	39	40	41	42	43	44	
37	38	39	40	
41	42	43	44	45	47	48	
40	41	42	43	
38	39	40	41	
39	40	

48	49	50	
43	45	46	47	48	
47	48	49	50	
46	47	49	51	52	
45	46	47	

46	47	49	
46	47	48	49	
49	50	


56	58	59	61	
49	50	51	52	
52	53	54	55	



55	56	57	
63	
68	69	70	71	
61	63	64	65	
67	69	70	71	
66	67	68	69	70	71	72	
62	63	64	65	66	67	
67	68	
75	
68	69	70	71	72	
63	65	66	67	68	
65	66	67	
68	69	70	71	72	73	

70	71	72	73	74	
69	70	71	72	
70	71	72	74	75	76	
73	75	76	
70	71	72	73	74	75	
75	76	77	78	79	
71	73	74	
87	88	89	
85	86	87	88	89	

78	79	80	81	

76	77	78	
92	93	94	
81	82	83	84	85	86	
80	81	82	83	84	85	
83	84	85	86	87	
79	80	82	83	
80	81	82	83	

87	89	90	91	
83	84	85	
85	86	87	88	89	
88	89	90	91	92	
96	98	


90	91	92	93	94	
94	95	96	97	98	99	


93	94	95	96	
97	98	99	

96	98	99	

97	98	


