100010
9
10
100010
6
9
10
10
15
8
0
14
16
13
9
100010
3
11
13
100010
6
16
8
13
10
12
15
15
14
16
15
23
29
21
18
19
17
21
18
49
32
19
21
30
47
32
52
38
28
28
28
31
45
31
100010
32
100010
35
35
35
41
38
38
44
43
45
41
49
44
42
42
100010
51
49
51
53
49
51
50
51
51
100010
53
62
53
57
61
85
74
58
68
72
66
72
73
68
73
80
73
69
69
75
71
75
73
77
77
76
80
75
90
90
100010
82
82
81
98
87
86
88
84
84
92
92
86
90
93
102
102
101
96
100
103
106
97
101
100
101
100010
99
100010
100010
