step	p_accept_mu1	p_accept_gamma	p_accept_pi	p_accept_Tinf	sigma_mu1	sigma_gamma	sigma_pi	n_like_zero
1		1.00000	1.00000	1.00000	1.00000	0.000100000000000	1.000000000000000	0.010000000000000	0
500		0.98998	0.13828	1.00000	0.35475	0.000100000000000	1.000000000000000	0.010000000000000	0
1000		0.99400	0.25600	0.92000	0.33327	0.000150000000000	0.666666666666667	0.015000000000000	0
1500		0.99800	0.27900	0.88400	0.32275	0.000225000000000	0.666666666666667	0.022500000000000	0
2000		0.99000	0.28867	0.83600	0.31418	0.000337500000000	0.666666666666667	0.033750000000000	0
2500		0.98000	0.29300	0.71800	0.31135	0.000506250000000	0.666666666666667	0.050625000000000	0
3000		0.97800	0.28800	0.65800	0.30912	0.000759375000000	0.666666666666667	0.075937500000000	0
3500		0.97000	0.28100	0.48200	0.30760	0.001139062500000	0.666666666666667	0.113906250000000	0
4000		0.95600	0.29000	0.48400	0.30516	0.001708593750000	0.666666666666667	0.113906250000000	0
4500		0.94200	0.29125	0.48800	0.30288	0.002562890625000	0.666666666666667	0.113906250000000	0
5000		0.89200	0.29044	0.49400	0.30160	0.003844335937500	0.666666666666667	0.113906250000000	0
5500		0.90800	0.29080	0.49840	0.30103	0.005766503906250	0.666666666666667	0.113906250000000	0
6000		0.89000	0.29127	0.50033	0.30034	0.008649755859375	0.666666666666667	0.113906250000000	0
6500		0.92400	0.29250	0.31600	0.30025	0.012974633789063	0.666666666666667	0.170859375000000	0
7000		0.91600	0.28923	0.34700	0.30065	0.019461950683594	0.666666666666667	0.170859375000000	0
7500		0.86800	0.28843	0.36000	0.30150	0.029192926025391	0.666666666666667	0.170859375000000	0
8000		0.77600	0.28440	0.37150	0.30197	0.043789389038086	0.666666666666667	0.170859375000000	0
8500		0.71000	0.28237	0.37720	0.30227	0.065684083557129	0.666666666666667	0.170859375000000	0
9000		0.59200	0.27941	0.37900	0.30248	0.098526125335693	0.666666666666667	0.170859375000000	0
9500		0.45600	0.27733	0.38314	0.30285	0.147789188003540	0.666666666666667	0.170859375000000	0
10000		0.45200	0.27600	0.38400	0.30357	0.147789188003540	0.666666666666667	0.170859375000000	0
10500		0.45533	0.27510	0.38289	0.30394	0.147789188003540	0.666666666666667	0.170859375000000	0
11000		0.46250	0.27600	0.37900	0.30405	0.147789188003540	0.666666666666667	0.170859375000000	0
11500		0.46440	0.27527	0.38073	0.30447	0.147789188003540	0.666666666666667	0.170859375000000	0
12000		0.47467	0.27357	0.38133	0.30491	0.147789188003540	0.666666666666667	0.170859375000000	0
12500		0.47657	0.27292	0.38462	0.30544	0.147789188003540	0.666666666666667	0.170859375000000	0
13000		0.47550	0.27232	0.38557	0.30586	0.147789188003540	0.666666666666667	0.170859375000000	0
13500		0.47511	0.27108	0.38560	0.30605	0.147789188003540	0.666666666666667	0.170859375000000	0
14000		0.47520	0.27133	0.38588	0.30663	0.147789188003540	0.666666666666667	0.170859375000000	0
14500		0.47436	0.27064	0.38788	0.30702	0.147789188003540	0.666666666666667	0.170859375000000	0
15000		0.47600	0.26986	0.38678	0.30704	0.147789188003540	0.666666666666667	0.170859375000000	0
15500		0.47431	0.26933	0.38653	0.30710	0.147789188003540	0.666666666666667	0.170859375000000	0
16000		0.47443	0.26852	0.38440	0.30741	0.147789188003540	0.666666666666667	0.170859375000000	0
16500		0.47520	0.26925	0.38286	0.30779	0.147789188003540	0.666666666666667	0.170859375000000	0
17000		0.47275	0.26848	0.38309	0.30791	0.147789188003540	0.666666666666667	0.170859375000000	0
17500		0.47376	0.26865	0.38443	0.30786	0.147789188003540	0.666666666666667	0.170859375000000	0
18000		0.47222	0.26731	0.38650	0.30791	0.147789188003540	0.666666666666667	0.170859375000000	0
18500		0.47137	0.26678	0.38640	0.30804	0.147789188003540	0.666666666666667	0.170859375000000	0
19000		0.47200	0.26541	0.38600	0.30812	0.147789188003540	0.666666666666667	0.170859375000000	0
19500		0.47229	0.26605	0.38630	0.30832	0.147789188003540	0.666666666666667	0.170859375000000	0
20000		0.47300	0.26544	0.38521	0.30834	0.147789188003540	0.666666666666667	0.170859375000000	0
20500		0.47383	0.26595	0.38538	0.30834	0.147789188003540	0.666666666666667	0.170859375000000	0
21000		0.47525	0.26576	0.38553	0.30852	0.147789188003540	0.666666666666667	0.170859375000000	0
21500		0.47688	0.26576	0.38697	0.30861	0.147789188003540	0.666666666666667	0.170859375000000	0
22000		0.47777	0.26540	0.38688	0.30879	0.147789188003540	0.666666666666667	0.170859375000000	0
22500		0.47785	0.26573	0.38721	0.30879	0.147789188003540	0.666666666666667	0.170859375000000	0
23000		0.47893	0.26631	0.38788	0.30895	0.147789188003540	0.666666666666667	0.170859375000000	0
23500		0.48062	0.26587	0.38749	0.30900	0.147789188003540	0.666666666666667	0.170859375000000	0
24000		0.47847	0.26579	0.38833	0.30916	0.147789188003540	0.666666666666667	0.170859375000000	0
24500		0.47729	0.26529	0.38854	0.30939	0.147789188003540	0.666666666666667	0.170859375000000	0
25000		0.47713	0.26498	0.38784	0.30951	0.147789188003540	0.666666666666667	0.170859375000000	0
25500		0.47782	0.26556	0.38744	0.30947	0.147789188003540	0.666666666666667	0.170859375000000	0
26000		0.47600	0.26486	0.38740	0.30958	0.147789188003540	0.666666666666667	0.170859375000000	0
26500		0.47594	0.26442	0.38771	0.30966	0.147789188003540	0.666666666666667	0.170859375000000	0
27000		0.47578	0.26366	0.38829	0.30983	0.147789188003540	0.666666666666667	0.170859375000000	0
27500		0.47481	0.26281	0.38865	0.30970	0.147789188003540	0.666666666666667	0.170859375000000	0
28000		0.47526	0.26247	0.38832	0.30989	0.147789188003540	0.666666666666667	0.170859375000000	0
28500		0.47441	0.26232	0.38902	0.31006	0.147789188003540	0.666666666666667	0.170859375000000	0
29000		0.47235	0.26182	0.39000	0.31030	0.147789188003540	0.666666666666667	0.170859375000000	0
29500		0.47141	0.26110	0.39064	0.31050	0.147789188003540	0.666666666666667	0.170859375000000	0
30000		0.47119	0.26031	0.39067	0.31070	0.147789188003540	0.666666666666667	0.170859375000000	0
30500		0.47019	0.25977	0.39057	0.31088	0.147789188003540	0.666666666666667	0.170859375000000	0
31000		0.46950	0.25915	0.39080	0.31103	0.147789188003540	0.666666666666667	0.170859375000000	0
31500		0.46942	0.25861	0.39055	0.31103	0.147789188003540	0.666666666666667	0.170859375000000	0
32000		0.46904	0.25838	0.39027	0.31101	0.147789188003540	0.666666666666667	0.170859375000000	0
32500		0.46868	0.25866	0.39015	0.31117	0.147789188003540	0.666666666666667	0.170859375000000	0
33000		0.46892	0.25917	0.39074	0.31120	0.147789188003540	0.666666666666667	0.170859375000000	0
33500		0.46898	0.25876	0.39124	0.31119	0.147789188003540	0.666666666666667	0.170859375000000	0
34000		0.46876	0.25893	0.39221	0.31141	0.147789188003540	0.666666666666667	0.170859375000000	0
34500		0.46796	0.25865	0.39239	0.31145	0.147789188003540	0.666666666666667	0.170859375000000	0
35000		0.46731	0.25838	0.39248	0.31142	0.147789188003540	0.666666666666667	0.170859375000000	0
35500		0.46709	0.25771	0.39295	0.31150	0.147789188003540	0.666666666666667	0.170859375000000	0
36000		0.46704	0.25718	0.39257	0.31153	0.147789188003540	0.666666666666667	0.170859375000000	0
36500		0.46840	0.25719	0.39220	0.31160	0.147789188003540	0.666666666666667	0.170859375000000	0
37000		0.46864	0.25704	0.39277	0.31167	0.147789188003540	0.666666666666667	0.170859375000000	0
37500		0.46867	0.25708	0.39327	0.31154	0.147789188003540	0.666666666666667	0.170859375000000	0
38000		0.46897	0.25685	0.39275	0.31139	0.147789188003540	0.666666666666667	0.170859375000000	0
38500		0.46895	0.25674	0.39286	0.31142	0.147789188003540	0.666666666666667	0.170859375000000	0
39000		0.46983	0.25771	0.39297	0.31145	0.147789188003540	0.666666666666667	0.170859375000000	0
39500		0.47000	0.25733	0.39230	0.31154	0.147789188003540	0.666666666666667	0.170859375000000	0
40000		0.47010	0.25727	0.39247	0.31162	0.147789188003540	0.666666666666667	0.170859375000000	0
40500		0.46956	0.25707	0.39275	0.31175	0.147789188003540	0.666666666666667	0.170859375000000	0
41000		0.46887	0.25681	0.39297	0.31186	0.147789188003540	0.666666666666667	0.170859375000000	0
41500		0.46840	0.25671	0.39200	0.31177	0.147789188003540	0.666666666666667	0.170859375000000	0
42000		0.46885	0.25701	0.39150	0.31171	0.147789188003540	0.666666666666667	0.170859375000000	0
42500		0.46797	0.25650	0.39181	0.31183	0.147789188003540	0.666666666666667	0.170859375000000	0
43000		0.46809	0.25612	0.39192	0.31193	0.147789188003540	0.666666666666667	0.170859375000000	0
43500		0.46852	0.25600	0.39147	0.31203	0.147789188003540	0.666666666666667	0.170859375000000	0
44000		0.46917	0.25625	0.39139	0.31206	0.147789188003540	0.666666666666667	0.170859375000000	0
44500		0.46899	0.25611	0.39174	0.31215	0.147789188003540	0.666666666666667	0.170859375000000	0
45000		0.46947	0.25643	0.39182	0.31216	0.147789188003540	0.666666666666667	0.170859375000000	0
45500		0.46978	0.25640	0.39139	0.31213	0.147789188003540	0.666666666666667	0.170859375000000	0
46000		0.46986	0.25607	0.39193	0.31211	0.147789188003540	0.666666666666667	0.170859375000000	0
46500		0.46997	0.25557	0.39185	0.31211	0.147789188003540	0.666666666666667	0.170859375000000	0
47000		0.46995	0.25535	0.39185	0.31224	0.147789188003540	0.666666666666667	0.170859375000000	0
47500		0.47016	0.25568	0.39176	0.31223	0.147789188003540	0.666666666666667	0.170859375000000	0
48000		0.47013	0.25539	0.39186	0.31223	0.147789188003540	0.666666666666667	0.170859375000000	0
48500		0.47053	0.25544	0.39134	0.31219	0.147789188003540	0.666666666666667	0.170859375000000	0
49000		0.47070	0.25563	0.39149	0.31223	0.147789188003540	0.666666666666667	0.170859375000000	0
49500		0.47116	0.25551	0.39133	0.31211	0.147789188003540	0.666666666666667	0.170859375000000	0
50000		0.47122	0.25552	0.39102	0.31214	0.147789188003540	0.666666666666667	0.170859375000000	0
50500		0.47140	0.25526	0.39081	0.31215	0.147789188003540	0.666666666666667	0.170859375000000	0
51000		0.47205	0.25533	0.39022	0.31211	0.147789188003540	0.666666666666667	0.170859375000000	0
51500		0.47216	0.25525	0.38989	0.31210	0.147789188003540	0.666666666666667	0.170859375000000	0
52000		0.47205	0.25577	0.38991	0.31209	0.147789188003540	0.666666666666667	0.170859375000000	0
52500		0.47267	0.25600	0.38961	0.31211	0.147789188003540	0.666666666666667	0.170859375000000	0
53000		0.47243	0.25610	0.38955	0.31219	0.147789188003540	0.666666666666667	0.170859375000000	0
53500		0.47211	0.25604	0.38952	0.31218	0.147789188003540	0.666666666666667	0.170859375000000	0
54000		0.47256	0.25585	0.38958	0.31216	0.147789188003540	0.666666666666667	0.170859375000000	0
54500		0.47275	0.25591	0.38926	0.31219	0.147789188003540	0.666666666666667	0.170859375000000	0
55000		0.47289	0.25617	0.38918	0.31223	0.147789188003540	0.666666666666667	0.170859375000000	0
55500		0.47297	0.25640	0.38929	0.31219	0.147789188003540	0.666666666666667	0.170859375000000	0
56000		0.47306	0.25604	0.38978	0.31222	0.147789188003540	0.666666666666667	0.170859375000000	0
56500		0.47333	0.25550	0.39036	0.31222	0.147789188003540	0.666666666666667	0.170859375000000	0
57000		0.47304	0.25549	0.39053	0.31221	0.147789188003540	0.666666666666667	0.170859375000000	0
57500		0.47309	0.25530	0.39068	0.31226	0.147789188003540	0.666666666666667	0.170859375000000	0
58000		0.47255	0.25522	0.39108	0.31235	0.147789188003540	0.666666666666667	0.170859375000000	0
58500		0.47269	0.25548	0.39141	0.31232	0.147789188003540	0.666666666666667	0.170859375000000	0
59000		0.47292	0.25585	0.39126	0.31231	0.147789188003540	0.666666666666667	0.170859375000000	0
59500		0.47297	0.25576	0.39112	0.31231	0.147789188003540	0.666666666666667	0.170859375000000	0
60000		0.47280	0.25563	0.39135	0.31235	0.147789188003540	0.666666666666667	0.170859375000000	0
60500		0.47307	0.25583	0.39125	0.31229	0.147789188003540	0.666666666666667	0.170859375000000	0
61000		0.47333	0.25598	0.39118	0.31220	0.147789188003540	0.666666666666667	0.170859375000000	0
61500		0.47352	0.25597	0.39101	0.31227	0.147789188003540	0.666666666666667	0.170859375000000	0
62000		0.47351	0.25571	0.39134	0.31240	0.147789188003540	0.666666666666667	0.170859375000000	0
62500		0.47340	0.25571	0.39104	0.31233	0.147789188003540	0.666666666666667	0.170859375000000	0
63000		0.47307	0.25539	0.39111	0.31234	0.147789188003540	0.666666666666667	0.170859375000000	0
63500		0.47327	0.25537	0.39071	0.31234	0.147789188003540	0.666666666666667	0.170859375000000	0
64000		0.47329	0.25565	0.39066	0.31227	0.147789188003540	0.666666666666667	0.170859375000000	0
64500		0.47312	0.25570	0.39060	0.31233	0.147789188003540	0.666666666666667	0.170859375000000	0
65000		0.47287	0.25574	0.39041	0.31228	0.147789188003540	0.666666666666667	0.170859375000000	0
65500		0.47265	0.25592	0.39086	0.31230	0.147789188003540	0.666666666666667	0.170859375000000	0
66000		0.47275	0.25573	0.39080	0.31229	0.147789188003540	0.666666666666667	0.170859375000000	0
66500		0.47292	0.25565	0.39050	0.31236	0.147789188003540	0.666666666666667	0.170859375000000	0
67000		0.47303	0.25541	0.39092	0.31239	0.147789188003540	0.666666666666667	0.170859375000000	0
67500		0.47239	0.25501	0.39137	0.31260	0.147789188003540	0.666666666666667	0.170859375000000	0
68000		0.47234	0.25480	0.39148	0.31265	0.147789188003540	0.666666666666667	0.170859375000000	0
68500		0.47267	0.25479	0.39139	0.31261	0.147789188003540	0.666666666666667	0.170859375000000	0
69000		0.47297	0.25483	0.39108	0.31257	0.147789188003540	0.666666666666667	0.170859375000000	0
69500		0.47294	0.25488	0.39123	0.31253	0.147789188003540	0.666666666666667	0.170859375000000	0
70000		0.47318	0.25509	0.39106	0.31247	0.147789188003540	0.666666666666667	0.170859375000000	0
70500		0.47317	0.25474	0.39119	0.31250	0.147789188003540	0.666666666666667	0.170859375000000	0
71000		0.47318	0.25451	0.39114	0.31253	0.147789188003540	0.666666666666667	0.170859375000000	0
71500		0.47315	0.25463	0.39115	0.31252	0.147789188003540	0.666666666666667	0.170859375000000	0
72000		0.47338	0.25481	0.39120	0.31249	0.147789188003540	0.666666666666667	0.170859375000000	0
72500		0.47342	0.25483	0.39107	0.31242	0.147789188003540	0.666666666666667	0.170859375000000	0
73000		0.47372	0.25490	0.39078	0.31240	0.147789188003540	0.666666666666667	0.170859375000000	0
73500		0.47411	0.25495	0.39077	0.31239	0.147789188003540	0.666666666666667	0.170859375000000	0
74000		0.47426	0.25482	0.39081	0.31240	0.147789188003540	0.666666666666667	0.170859375000000	0
74500		0.47383	0.25473	0.39073	0.31242	0.147789188003540	0.666666666666667	0.170859375000000	0
75000		0.47376	0.25444	0.39055	0.31239	0.147789188003540	0.666666666666667	0.170859375000000	0
75500		0.47388	0.25447	0.39033	0.31238	0.147789188003540	0.666666666666667	0.170859375000000	0
76000		0.47410	0.25441	0.39044	0.31232	0.147789188003540	0.666666666666667	0.170859375000000	0
76500		0.47424	0.25439	0.39013	0.31226	0.147789188003540	0.666666666666667	0.170859375000000	0
77000		0.47437	0.25422	0.38976	0.31226	0.147789188003540	0.666666666666667	0.170859375000000	0
77500		0.47460	0.25409	0.38965	0.31223	0.147789188003540	0.666666666666667	0.170859375000000	0
78000		0.47468	0.25391	0.38962	0.31222	0.147789188003540	0.666666666666667	0.170859375000000	0
78500		0.47449	0.25382	0.38996	0.31227	0.147789188003540	0.666666666666667	0.170859375000000	0
79000		0.47446	0.25373	0.39010	0.31228	0.147789188003540	0.666666666666667	0.170859375000000	0
79500		0.47470	0.25395	0.38981	0.31223	0.147789188003540	0.666666666666667	0.170859375000000	0
80000		0.47492	0.25429	0.38981	0.31222	0.147789188003540	0.666666666666667	0.170859375000000	0
80500		0.47519	0.25461	0.38985	0.31219	0.147789188003540	0.666666666666667	0.170859375000000	0
81000		0.47500	0.25497	0.38985	0.31220	0.147789188003540	0.666666666666667	0.170859375000000	0
81500		0.47490	0.25504	0.38988	0.31218	0.147789188003540	0.666666666666667	0.170859375000000	0
82000		0.47521	0.25525	0.39005	0.31216	0.147789188003540	0.666666666666667	0.170859375000000	0
82500		0.47554	0.25518	0.39014	0.31218	0.147789188003540	0.666666666666667	0.170859375000000	0
83000		0.47553	0.25498	0.39026	0.31224	0.147789188003540	0.666666666666667	0.170859375000000	0
83500		0.47591	0.25495	0.39008	0.31220	0.147789188003540	0.666666666666667	0.170859375000000	0
84000		0.47619	0.25516	0.38997	0.31221	0.147789188003540	0.666666666666667	0.170859375000000	0
84500		0.47629	0.25529	0.39015	0.31225	0.147789188003540	0.666666666666667	0.170859375000000	0
85000		0.47641	0.25511	0.39019	0.31217	0.147789188003540	0.666666666666667	0.170859375000000	0
85500		0.47641	0.25508	0.39016	0.31219	0.147789188003540	0.666666666666667	0.170859375000000	0
86000		0.47612	0.25516	0.39034	0.31222	0.147789188003540	0.666666666666667	0.170859375000000	0
86500		0.47612	0.25513	0.39039	0.31223	0.147789188003540	0.666666666666667	0.170859375000000	0
87000		0.47619	0.25512	0.39043	0.31233	0.147789188003540	0.666666666666667	0.170859375000000	0
87500		0.47613	0.25507	0.39049	0.31232	0.147789188003540	0.666666666666667	0.170859375000000	0
88000		0.47610	0.25498	0.39051	0.31228	0.147789188003540	0.666666666666667	0.170859375000000	0
88500		0.47608	0.25481	0.39050	0.31229	0.147789188003540	0.666666666666667	0.170859375000000	0
89000		0.47651	0.25471	0.39064	0.31226	0.147789188003540	0.666666666666667	0.170859375000000	0
89500		0.47651	0.25458	0.39049	0.31225	0.147789188003540	0.666666666666667	0.170859375000000	0
90000		0.47675	0.25469	0.39054	0.31225	0.147789188003540	0.666666666666667	0.170859375000000	0
90500		0.47683	0.25486	0.39054	0.31226	0.147789188003540	0.666666666666667	0.170859375000000	0
91000		0.47670	0.25495	0.39022	0.31224	0.147789188003540	0.666666666666667	0.170859375000000	0
91500		0.47659	0.25500	0.39051	0.31227	0.147789188003540	0.666666666666667	0.170859375000000	0
92000		0.47631	0.25485	0.39073	0.31235	0.147789188003540	0.666666666666667	0.170859375000000	0
92500		0.47626	0.25487	0.39060	0.31238	0.147789188003540	0.666666666666667	0.170859375000000	0
93000		0.47608	0.25479	0.39060	0.31235	0.147789188003540	0.666666666666667	0.170859375000000	0
93500		0.47619	0.25477	0.39058	0.31236	0.147789188003540	0.666666666666667	0.170859375000000	0
94000		0.47600	0.25466	0.39069	0.31244	0.147789188003540	0.666666666666667	0.170859375000000	0
94500		0.47595	0.25448	0.39059	0.31248	0.147789188003540	0.666666666666667	0.170859375000000	0
95000		0.47601	0.25459	0.39069	0.31250	0.147789188003540	0.666666666666667	0.170859375000000	0
95500		0.47598	0.25457	0.39059	0.31250	0.147789188003540	0.666666666666667	0.170859375000000	0
96000		0.47601	0.25446	0.39049	0.31251	0.147789188003540	0.666666666666667	0.170859375000000	0
96500		0.47606	0.25460	0.39049	0.31249	0.147789188003540	0.666666666666667	0.170859375000000	0
97000		0.47609	0.25464	0.39040	0.31250	0.147789188003540	0.666666666666667	0.170859375000000	0
97500		0.47592	0.25449	0.39030	0.31251	0.147789188003540	0.666666666666667	0.170859375000000	0
98000		0.47593	0.25450	0.39034	0.31248	0.147789188003540	0.666666666666667	0.170859375000000	0
98500		0.47583	0.25456	0.39037	0.31246	0.147789188003540	0.666666666666667	0.170859375000000	0
99000		0.47597	0.25472	0.39017	0.31242	0.147789188003540	0.666666666666667	0.170859375000000	0
99500		0.47607	0.25481	0.39011	0.31240	0.147789188003540	0.666666666666667	0.170859375000000	0
100000		0.47631	0.25497	0.38983	0.31235	0.147789188003540	0.666666666666667	0.170859375000000	0