step	p_accept_mu1	p_accept_gamma	p_accept_pi	p_accept_Tinf	sigma_mu1	sigma_gamma	sigma_pi	n_like_zero
1		1.00000	1.00000	1.00000	1.00000	0.000100000000000	1.000000000000000	0.010000000000000	0
500		1.00000	0.58317	1.00000	0.40691	0.000100000000000	1.000000000000000	0.010000000000000	0
1000		1.00000	0.55200	0.90600	0.38274	0.000150000000000	1.000000000000000	0.015000000000000	0
1500		1.00000	0.58400	0.88600	0.36207	0.000225000000000	1.000000000000000	0.022500000000000	0
2000		0.99800	0.55000	0.83600	0.34901	0.000337500000000	1.000000000000000	0.033750000000000	0
2500		0.99600	0.58400	0.74600	0.34003	0.000506250000000	1.000000000000000	0.050625000000000	0
3000		0.99400	0.62600	0.48400	0.33271	0.000759375000000	1.000000000000000	0.075937500000000	0
3500		1.00000	0.58200	0.48600	0.32628	0.001139062500000	1.000000000000000	0.075937500000000	0
4000		0.99800	0.57000	0.49267	0.32151	0.001708593750000	1.000000000000000	0.075937500000000	0
4500		0.99000	0.59000	0.48200	0.31748	0.002562890625000	1.000000000000000	0.075937500000000	0
5000		0.98800	0.57600	0.46840	0.31348	0.003844335937500	1.000000000000000	0.075937500000000	0
5500		0.98400	0.55600	0.45967	0.31088	0.005766503906250	1.000000000000000	0.075937500000000	0
6000		0.95000	0.60000	0.46114	0.30882	0.008649755859375	1.000000000000000	0.075937500000000	0
6500		0.96200	0.60400	0.46725	0.30719	0.012974633789063	1.000000000000000	0.075937500000000	0
7000		0.95800	0.62000	0.47089	0.30583	0.019461950683594	1.000000000000000	0.075937500000000	0
7500		0.96600	0.60800	0.47020	0.30486	0.029192926025391	1.000000000000000	0.075937500000000	0
8000		0.96400	0.65400	0.47436	0.30413	0.043789389038086	1.000000000000000	0.075937500000000	0
8500		0.99000	0.69200	0.48017	0.30327	0.065684083557129	1.000000000000000	0.075937500000000	0
9000		0.98000	0.67400	0.48708	0.30248	0.098526125335693	1.000000000000000	0.075937500000000	0
9500		0.97800	0.71000	0.48829	0.30174	0.147789188003540	1.000000000000000	0.075937500000000	0
10000		0.95200	0.67200	0.49760	0.30137	0.221683782005310	1.000000000000000	0.075937500000000	0
10500		0.90600	0.72400	0.49825	0.30125	0.332525673007965	1.000000000000000	0.075937500000000	0
11000		0.88600	0.71000	0.50165	0.30061	0.498788509511948	1.000000000000000	0.075937500000000	0
11500		0.80200	0.74600	0.52200	0.30095	0.748182764267921	1.000000000000000	0.113906250000000	0
12000		0.68800	0.71000	0.25200	0.30050	1.000000000000000	1.000000000000000	0.170859375000000	0
12500		0.70600	0.69300	0.26000	0.29985	1.000000000000000	1.000000000000000	0.170859375000000	0
13000		0.70667	0.69267	0.26533	0.29933	1.000000000000000	1.000000000000000	0.170859375000000	0
13500		0.71150	0.69050	0.26600	0.29867	1.000000000000000	1.000000000000000	0.170859375000000	0
14000		0.70680	0.68360	0.27240	0.29809	1.000000000000000	1.000000000000000	0.170859375000000	0
14500		0.70600	0.68367	0.28200	0.29767	1.000000000000000	1.000000000000000	0.170859375000000	0
15000		0.71086	0.69114	0.27314	0.29729	1.000000000000000	1.000000000000000	0.170859375000000	0
15500		0.71525	0.69250	0.26375	0.29685	1.000000000000000	1.000000000000000	0.170859375000000	0
16000		0.71956	0.69267	0.26156	0.29625	1.000000000000000	1.000000000000000	0.170859375000000	0
16500		0.72260	0.69120	0.26720	0.29569	1.000000000000000	1.000000000000000	0.170859375000000	0
17000		0.72236	0.69073	0.27436	0.29533	1.000000000000000	1.000000000000000	0.170859375000000	0
17500		0.72433	0.69200	0.27600	0.29487	1.000000000000000	1.000000000000000	0.170859375000000	0
18000		0.72600	0.69277	0.28246	0.29485	1.000000000000000	1.000000000000000	0.170859375000000	0
18500		0.72586	0.69157	0.28557	0.29463	1.000000000000000	1.000000000000000	0.170859375000000	0
19000		0.72680	0.69107	0.28733	0.29450	1.000000000000000	1.000000000000000	0.170859375000000	0
19500		0.72750	0.69163	0.28825	0.29441	1.000000000000000	1.000000000000000	0.170859375000000	0
20000		0.72482	0.69059	0.28812	0.29419	1.000000000000000	1.000000000000000	0.170859375000000	0
20500		0.72389	0.69067	0.28878	0.29396	1.000000000000000	1.000000000000000	0.170859375000000	0
21000		0.72379	0.69053	0.29095	0.29401	1.000000000000000	1.000000000000000	0.170859375000000	0
21500		0.72270	0.68930	0.29020	0.29378	1.000000000000000	1.000000000000000	0.170859375000000	0
22000		0.72314	0.68810	0.29038	0.29342	1.000000000000000	1.000000000000000	0.170859375000000	0
22500		0.72227	0.68900	0.28773	0.29315	1.000000000000000	1.000000000000000	0.170859375000000	0
23000		0.72374	0.69017	0.29000	0.29305	1.000000000000000	1.000000000000000	0.170859375000000	0
23500		0.72475	0.69042	0.29058	0.29282	1.000000000000000	1.000000000000000	0.170859375000000	0
24000		0.72528	0.69200	0.28808	0.29256	1.000000000000000	1.000000000000000	0.170859375000000	0
24500		0.72362	0.69077	0.29000	0.29246	1.000000000000000	1.000000000000000	0.170859375000000	0
25000		0.72430	0.69022	0.28985	0.29208	1.000000000000000	1.000000000000000	0.170859375000000	0
25500		0.72429	0.69036	0.28807	0.29182	1.000000000000000	1.000000000000000	0.170859375000000	0
26000		0.72490	0.69041	0.28986	0.29186	1.000000000000000	1.000000000000000	0.170859375000000	0
26500		0.72467	0.69093	0.29173	0.29207	1.000000000000000	1.000000000000000	0.170859375000000	0
27000		0.72490	0.69155	0.29419	0.29218	1.000000000000000	1.000000000000000	0.170859375000000	0
27500		0.72475	0.69206	0.29637	0.29220	1.000000000000000	1.000000000000000	0.170859375000000	0
28000		0.72503	0.69212	0.29679	0.29219	1.000000000000000	1.000000000000000	0.170859375000000	0
28500		0.72647	0.69200	0.29782	0.29227	1.000000000000000	1.000000000000000	0.170859375000000	0
29000		0.72691	0.69274	0.29954	0.29219	1.000000000000000	1.000000000000000	0.170859375000000	0
29500		0.72567	0.69267	0.30128	0.29235	1.000000000000000	1.000000000000000	0.170859375000000	0
30000		0.72551	0.69341	0.30227	0.29230	1.000000000000000	1.000000000000000	0.170859375000000	0
30500		0.72526	0.69274	0.30384	0.29253	1.000000000000000	1.000000000000000	0.170859375000000	0
31000		0.72518	0.69267	0.30359	0.29225	1.000000000000000	1.000000000000000	0.170859375000000	0
31500		0.72495	0.69360	0.30505	0.29212	1.000000000000000	1.000000000000000	0.170859375000000	0
32000		0.72429	0.69298	0.30629	0.29206	1.000000000000000	1.000000000000000	0.170859375000000	0
32500		0.72438	0.69248	0.30686	0.29207	1.000000000000000	1.000000000000000	0.170859375000000	0
33000		0.72456	0.69228	0.30670	0.29198	1.000000000000000	1.000000000000000	0.170859375000000	0
33500		0.72418	0.69250	0.30473	0.29195	1.000000000000000	1.000000000000000	0.170859375000000	0
34000		0.72431	0.69324	0.30467	0.29180	1.000000000000000	1.000000000000000	0.170859375000000	0
34500		0.72413	0.69391	0.30604	0.29184	1.000000000000000	1.000000000000000	0.170859375000000	0
35000		0.72383	0.69464	0.30451	0.29165	1.000000000000000	1.000000000000000	0.170859375000000	0
35500		0.72508	0.69488	0.30454	0.29163	1.000000000000000	1.000000000000000	0.170859375000000	0
36000		0.72567	0.69506	0.30612	0.29167	1.000000000000000	1.000000000000000	0.170859375000000	0
36500		0.72608	0.69440	0.30700	0.29163	1.000000000000000	1.000000000000000	0.170859375000000	0
37000		0.72600	0.69471	0.30796	0.29162	1.000000000000000	1.000000000000000	0.170859375000000	0
37500		0.72638	0.69485	0.30896	0.29168	1.000000000000000	1.000000000000000	0.170859375000000	0
38000		0.72668	0.69445	0.31113	0.29188	1.000000000000000	1.000000000000000	0.170859375000000	0
38500		0.72707	0.69463	0.31174	0.29180	1.000000000000000	1.000000000000000	0.170859375000000	0
39000		0.72702	0.69429	0.31356	0.29190	1.000000000000000	1.000000000000000	0.170859375000000	0
39500		0.72771	0.69421	0.31421	0.29197	1.000000000000000	1.000000000000000	0.170859375000000	0
40000		0.72726	0.69502	0.31495	0.29215	1.000000000000000	1.000000000000000	0.170859375000000	0
40500		0.72766	0.69500	0.31666	0.29230	1.000000000000000	1.000000000000000	0.170859375000000	0
41000		0.72793	0.69563	0.31783	0.29226	1.000000000000000	1.000000000000000	0.170859375000000	0
41500		0.72767	0.69523	0.31827	0.29232	1.000000000000000	1.000000000000000	0.170859375000000	0
42000		0.72751	0.69593	0.31839	0.29239	1.000000000000000	1.000000000000000	0.170859375000000	0
42500		0.72761	0.69606	0.31787	0.29231	1.000000000000000	1.000000000000000	0.170859375000000	0
43000		0.72686	0.69622	0.31711	0.29226	1.000000000000000	1.000000000000000	0.170859375000000	0
43500		0.72678	0.69584	0.31634	0.29207	1.000000000000000	1.000000000000000	0.170859375000000	0
44000		0.72689	0.69594	0.31652	0.29201	1.000000000000000	1.000000000000000	0.170859375000000	0
44500		0.72721	0.69618	0.31718	0.29206	1.000000000000000	1.000000000000000	0.170859375000000	0
45000		0.72687	0.69591	0.31773	0.29214	1.000000000000000	1.000000000000000	0.170859375000000	0
45500		0.72741	0.69556	0.31856	0.29221	1.000000000000000	1.000000000000000	0.170859375000000	0
46000		0.72774	0.69557	0.31762	0.29212	1.000000000000000	1.000000000000000	0.170859375000000	0
46500		0.72786	0.69591	0.31803	0.29217	1.000000000000000	1.000000000000000	0.170859375000000	0
47000		0.72794	0.69617	0.31904	0.29216	1.000000000000000	1.000000000000000	0.170859375000000	0
47500		0.72808	0.69614	0.31928	0.29205	1.000000000000000	1.000000000000000	0.170859375000000	0
48000		0.72833	0.69597	0.31926	0.29192	1.000000000000000	1.000000000000000	0.170859375000000	0
48500		0.72832	0.69611	0.31892	0.29177	1.000000000000000	1.000000000000000	0.170859375000000	0
49000		0.72819	0.69648	0.31813	0.29165	1.000000000000000	1.000000000000000	0.170859375000000	0
49500		0.72821	0.69655	0.31821	0.29155	1.000000000000000	1.000000000000000	0.170859375000000	0
50000		0.72818	0.69706	0.31696	0.29145	1.000000000000000	1.000000000000000	0.170859375000000	0
50500		0.72833	0.69687	0.31733	0.29137	1.000000000000000	1.000000000000000	0.170859375000000	0
51000		0.72825	0.69709	0.31673	0.29123	1.000000000000000	1.000000000000000	0.170859375000000	0
51500		0.72860	0.69740	0.31688	0.29112	1.000000000000000	1.000000000000000	0.170859375000000	0
52000		0.72859	0.69731	0.31738	0.29114	1.000000000000000	1.000000000000000	0.170859375000000	0
52500		0.72854	0.69739	0.31717	0.29107	1.000000000000000	1.000000000000000	0.170859375000000	0
53000		0.72766	0.69730	0.31706	0.29107	1.000000000000000	1.000000000000000	0.170859375000000	0
53500		0.72771	0.69745	0.31643	0.29101	1.000000000000000	1.000000000000000	0.170859375000000	0
54000		0.72734	0.69741	0.31605	0.29094	1.000000000000000	1.000000000000000	0.170859375000000	0
54500		0.72742	0.69742	0.31512	0.29086	1.000000000000000	1.000000000000000	0.170859375000000	0
55000		0.72816	0.69720	0.31510	0.29093	1.000000000000000	1.000000000000000	0.170859375000000	0
55500		0.72866	0.69716	0.31457	0.29089	1.000000000000000	1.000000000000000	0.170859375000000	0
56000		0.72827	0.69717	0.31402	0.29077	1.000000000000000	1.000000000000000	0.170859375000000	0
56500		0.72860	0.69704	0.31436	0.29083	1.000000000000000	1.000000000000000	0.170859375000000	0
57000		0.72875	0.69692	0.31508	0.29088	1.000000000000000	1.000000000000000	0.170859375000000	0
57500		0.72865	0.69691	0.31587	0.29098	1.000000000000000	1.000000000000000	0.170859375000000	0
58000		0.72899	0.69712	0.31609	0.29098	1.000000000000000	1.000000000000000	0.170859375000000	0
58500		0.72843	0.69745	0.31632	0.29093	1.000000000000000	1.000000000000000	0.170859375000000	0
59000		0.72829	0.69741	0.31613	0.29089	1.000000000000000	1.000000000000000	0.170859375000000	0
59500		0.72856	0.69794	0.31627	0.29079	1.000000000000000	1.000000000000000	0.170859375000000	0
60000		0.72860	0.69821	0.31633	0.29077	1.000000000000000	1.000000000000000	0.170859375000000	0
60500		0.72873	0.69845	0.31659	0.29080	1.000000000000000	1.000000000000000	0.170859375000000	0
61000		0.72899	0.69800	0.31661	0.29077	1.000000000000000	1.000000000000000	0.170859375000000	0
61500		0.72930	0.69810	0.31672	0.29069	1.000000000000000	1.000000000000000	0.170859375000000	0
62000		0.72949	0.69778	0.31731	0.29080	1.000000000000000	1.000000000000000	0.170859375000000	0
62500		0.72912	0.69808	0.31775	0.29076	1.000000000000000	1.000000000000000	0.170859375000000	0
63000		0.72907	0.69806	0.31753	0.29067	1.000000000000000	1.000000000000000	0.170859375000000	0
63500		0.72877	0.69792	0.31746	0.29068	1.000000000000000	1.000000000000000	0.170859375000000	0
64000		0.72882	0.69817	0.31781	0.29067	1.000000000000000	1.000000000000000	0.170859375000000	0
64500		0.72889	0.69830	0.31834	0.29068	1.000000000000000	1.000000000000000	0.170859375000000	0
65000		0.72910	0.69830	0.31828	0.29060	1.000000000000000	1.000000000000000	0.170859375000000	0
65500		0.72913	0.69846	0.31815	0.29057	1.000000000000000	1.000000000000000	0.170859375000000	0
66000		0.72925	0.69842	0.31802	0.29057	1.000000000000000	1.000000000000000	0.170859375000000	0
66500		0.72938	0.69855	0.31815	0.29058	1.000000000000000	1.000000000000000	0.170859375000000	0
67000		0.72924	0.69858	0.31816	0.29057	1.000000000000000	1.000000000000000	0.170859375000000	0
67500		0.72920	0.69839	0.31798	0.29057	1.000000000000000	1.000000000000000	0.170859375000000	0
68000		0.72917	0.69855	0.31818	0.29059	1.000000000000000	1.000000000000000	0.170859375000000	0
68500		0.72898	0.69860	0.31849	0.29057	1.000000000000000	1.000000000000000	0.170859375000000	0
69000		0.72904	0.69861	0.31877	0.29061	1.000000000000000	1.000000000000000	0.170859375000000	0
69500		0.72922	0.69879	0.31876	0.29059	1.000000000000000	1.000000000000000	0.170859375000000	0
70000		0.72901	0.69872	0.31891	0.29060	1.000000000000000	1.000000000000000	0.170859375000000	0
70500		0.72910	0.69875	0.31976	0.29069	1.000000000000000	1.000000000000000	0.170859375000000	0
71000		0.72903	0.69874	0.32042	0.29074	1.000000000000000	1.000000000000000	0.170859375000000	0
71500		0.72882	0.69863	0.32080	0.29073	1.000000000000000	1.000000000000000	0.170859375000000	0
72000		0.72879	0.69836	0.31998	0.29067	1.000000000000000	1.000000000000000	0.170859375000000	0
72500		0.72877	0.69828	0.31913	0.29062	1.000000000000000	1.000000000000000	0.170859375000000	0
73000		0.72902	0.69807	0.31891	0.29053	1.000000000000000	1.000000000000000	0.170859375000000	0
73500		0.72915	0.69808	0.31894	0.29050	1.000000000000000	1.000000000000000	0.170859375000000	0
74000		0.72882	0.69792	0.31925	0.29053	1.000000000000000	1.000000000000000	0.170859375000000	0
74500		0.72875	0.69770	0.31927	0.29051	1.000000000000000	1.000000000000000	0.170859375000000	0
75000		0.72872	0.69775	0.31969	0.29054	1.000000000000000	1.000000000000000	0.170859375000000	0
75500		0.72858	0.69792	0.31948	0.29047	1.000000000000000	1.000000000000000	0.170859375000000	0
76000		0.72871	0.69798	0.31902	0.29040	1.000000000000000	1.000000000000000	0.170859375000000	0
76500		0.72905	0.69795	0.31903	0.29038	1.000000000000000	1.000000000000000	0.170859375000000	0
77000		0.72924	0.69800	0.31937	0.29034	1.000000000000000	1.000000000000000	0.170859375000000	0
77500		0.72920	0.69773	0.31927	0.29033	1.000000000000000	1.000000000000000	0.170859375000000	0
78000		0.72919	0.69741	0.31952	0.29042	1.000000000000000	1.000000000000000	0.170859375000000	0
78500		0.72933	0.69748	0.31949	0.29037	1.000000000000000	1.000000000000000	0.170859375000000	0
79000		0.72930	0.69757	0.31978	0.29040	1.000000000000000	1.000000000000000	0.170859375000000	0
79500		0.72929	0.69746	0.31954	0.29037	1.000000000000000	1.000000000000000	0.170859375000000	0
80000		0.72920	0.69750	0.31980	0.29034	1.000000000000000	1.000000000000000	0.170859375000000	0
80500		0.72886	0.69736	0.32036	0.29041	1.000000000000000	1.000000000000000	0.170859375000000	0
81000		0.72894	0.69740	0.32023	0.29041	1.000000000000000	1.000000000000000	0.170859375000000	0
81500		0.72910	0.69740	0.32040	0.29037	1.000000000000000	1.000000000000000	0.170859375000000	0
82000		0.72912	0.69742	0.31942	0.29032	1.000000000000000	1.000000000000000	0.170859375000000	0
82500		0.72896	0.69728	0.31930	0.29029	1.000000000000000	1.000000000000000	0.170859375000000	0
83000		0.72870	0.69733	0.31927	0.29029	1.000000000000000	1.000000000000000	0.170859375000000	0
83500		0.72869	0.69735	0.31940	0.29030	1.000000000000000	1.000000000000000	0.170859375000000	0
84000		0.72861	0.69743	0.31953	0.29027	1.000000000000000	1.000000000000000	0.170859375000000	0
84500		0.72864	0.69741	0.31868	0.29018	1.000000000000000	1.000000000000000	0.170859375000000	0
85000		0.72888	0.69744	0.31777	0.29011	1.000000000000000	1.000000000000000	0.170859375000000	0
85500		0.72880	0.69766	0.31727	0.29008	1.000000000000000	1.000000000000000	0.170859375000000	0
86000		0.72879	0.69789	0.31694	0.29002	1.000000000000000	1.000000000000000	0.170859375000000	0
86500		0.72881	0.69789	0.31628	0.28999	1.000000000000000	1.000000000000000	0.170859375000000	0
87000		0.72893	0.69785	0.31620	0.29002	1.000000000000000	1.000000000000000	0.170859375000000	0
87500		0.72895	0.69791	0.31639	0.29006	1.000000000000000	1.000000000000000	0.170859375000000	0
88000		0.72889	0.69824	0.31660	0.29008	1.000000000000000	1.000000000000000	0.170859375000000	0
88500		0.72877	0.69810	0.31597	0.29001	1.000000000000000	1.000000000000000	0.170859375000000	0
89000		0.72840	0.69791	0.31568	0.28993	1.000000000000000	1.000000000000000	0.170859375000000	0
89500		0.72846	0.69790	0.31515	0.28985	1.000000000000000	1.000000000000000	0.170859375000000	0
90000		0.72862	0.69796	0.31450	0.28985	1.000000000000000	1.000000000000000	0.170859375000000	0
90500		0.72878	0.69809	0.31420	0.28981	1.000000000000000	1.000000000000000	0.170859375000000	0
91000		0.72893	0.69791	0.31390	0.28976	1.000000000000000	1.000000000000000	0.170859375000000	0
91500		0.72901	0.69799	0.31434	0.28981	1.000000000000000	1.000000000000000	0.170859375000000	0
92000		0.72908	0.69798	0.31476	0.28989	1.000000000000000	1.000000000000000	0.170859375000000	0
92500		0.72905	0.69796	0.31505	0.28994	1.000000000000000	1.000000000000000	0.170859375000000	0
93000		0.72913	0.69785	0.31521	0.28994	1.000000000000000	1.000000000000000	0.170859375000000	0
93500		0.72896	0.69804	0.31463	0.28986	1.000000000000000	1.000000000000000	0.170859375000000	0
94000		0.72904	0.69806	0.31418	0.28983	1.000000000000000	1.000000000000000	0.170859375000000	0
94500		0.72887	0.69818	0.31441	0.28984	1.000000000000000	1.000000000000000	0.170859375000000	0
95000		0.72877	0.69793	0.31473	0.28990	1.000000000000000	1.000000000000000	0.170859375000000	0
95500		0.72889	0.69790	0.31444	0.28987	1.000000000000000	1.000000000000000	0.170859375000000	0
96000		0.72895	0.69776	0.31453	0.28983	1.000000000000000	1.000000000000000	0.170859375000000	0
96500		0.72913	0.69795	0.31418	0.28982	1.000000000000000	1.000000000000000	0.170859375000000	0
97000		0.72904	0.69789	0.31374	0.28979	1.000000000000000	1.000000000000000	0.170859375000000	0
97500		0.72901	0.69802	0.31349	0.28975	1.000000000000000	1.000000000000000	0.170859375000000	0
98000		0.72894	0.69795	0.31329	0.28973	1.000000000000000	1.000000000000000	0.170859375000000	0
98500		0.72897	0.69798	0.31280	0.28968	1.000000000000000	1.000000000000000	0.170859375000000	0
99000		0.72897	0.69785	0.31286	0.28970	1.000000000000000	1.000000000000000	0.170859375000000	0
99500		0.72889	0.69785	0.31281	0.28964	1.000000000000000	1.000000000000000	0.170859375000000	0
100000		0.72878	0.69799	0.31264	0.28961	1.000000000000000	1.000000000000000	0.170859375000000	0