step	post	like	prior	mu1	mu2	gamma	pi	Tinf_1	Tinf_2	Tinf_3	Tinf_4	Tinf_5	Tinf_6	Tinf_7	Tinf_8	Tinf_9	Tinf_10	Tinf_11	Tinf_12	Tinf_13	Tinf_14	Tinf_15	Tinf_16	Tinf_17	Tinf_18	Tinf_19	Tinf_20	Tinf_21	Tinf_22	Tinf_23	Tinf_24	Tinf_25	Tinf_26	Tinf_27	Tinf_28	alpha_1	alpha_2	alpha_3	alpha_4	alpha_5	alpha_6	alpha_7	alpha_8	alpha_9	alpha_10	alpha_11	alpha_12	alpha_13	alpha_14	alpha_15	alpha_16	alpha_17	alpha_18	alpha_19	alpha_20	alpha_21	alpha_22	alpha_23	alpha_24	alpha_25	alpha_26	alpha_27	alpha_28	kappa_1	kappa_2	kappa_3	kappa_4	kappa_5	kappa_6	kappa_7	kappa_8	kappa_9	kappa_10	kappa_11	kappa_12	kappa_13	kappa_14	kappa_15	kappa_16	kappa_17	kappa_18	kappa_19	kappa_20	kappa_21	kappa_22	kappa_23	kappa_24	kappa_25	kappa_26	kappa_27	kappa_28
1	-669.041042639841407	-667.578960555322510	-1.462082084518882	0.000010000000000	0.000010000000000	1.000000000000000	0.449451350094730	0	3	3	3	4	5	6	6	7	7	6	7	6	8	8	8	8	8	10	11	11	11	12	13	11	13	13	13	0	1	1	1	1	1	1	1	1	1	1	1	1	1	1	1	1	1	1	1	1	1	1	1	1	1	1	1	1	2	2	2	2	3	3	3	4	4	3	4	3	4	4	4	4	4	5	6	6	6	6	7	6	7	7	7
500	-319.533309314145981	-316.983006921810329	-2.550302392335627	0.000009987850541	0.000039128310263	3.917590687227388	0.416882027031883	0	2	2	1	5	5	5	6	8	6	5	6	4	9	6	9	7	8	10	10	11	10	12	13	11	13	12	14	0	1	1	1	4	13	4	4	2	13	13	11	4	10	11	12	0	2	13	5	6	6	19	4	14	22	7	8	1	1	1	1	2	1	2	2	3	1	1	1	2	2	1	1	1	3	2	3	3	4	1	7	1	1	3	4
1000	-242.381133385498998	-240.350992953299794	-2.030140432199211	0.000009997593591	0.000024193329928	2.419915323450828	0.540623572702333	0	4	3	2	5	5	7	5	6	8	6	7	6	9	8	9	8	8	10	11	10	11	12	13	12	13	13	14	0	1	1	1	4	4	4	4	2	8	2	11	4	10	11	12	0	9	13	5	6	21	8	7	19	22	21	7	1	2	1	1	2	2	2	2	1	1	1	1	2	1	1	1	1	1	2	2	3	1	4	4	1	1	2	3
1500	-256.704099553272556	-253.464915584944379	-3.239183968328185	0.000009988597327	0.000064181912363	6.425518044163415	0.844130556262099	1	4	3	4	5	6	7	6	7	6	5	6	6	7	8	8	9	8	10	10	9	11	12	13	11	14	11	12	0	1	1	1	4	4	13	4	2	4	3	11	4	10	11	12	0	9	13	5	6	21	7	28	2	22	21	19	1	1	1	1	1	1	1	1	2	1	1	1	1	1	1	1	1	1	2	2	2	1	2	1	2	2	1	1
2000	-269.474974052790344	-267.096319860018468	-2.378654192771884	0.000009954418354	0.000033749532332	3.390407267518440	0.744879556025661	1	3	2	3	4	6	5	5	7	4	5	7	6	8	7	9	8	9	8	9	10	12	13	13	11	14	13	12	0	1	1	1	4	8	4	4	2	1	2	11	4	10	11	12	0	9	8	5	4	21	19	28	19	22	21	4	1	1	1	1	1	1	1	2	2	2	1	1	2	2	1	1	1	1	2	2	3	2	2	1	2	1	1	3
2500	-254.882613034283821	-252.063787988502042	-2.818825045781774	0.000009909010366	0.000047726020358	4.816426524732387	0.545469418211514	1	3	4	3	4	5	6	5	7	7	6	7	7	9	8	9	7	8	8	11	10	12	10	13	11	13	14	12	0	1	4	1	4	4	6	4	2	4	4	11	8	10	11	12	0	9	8	5	19	21	8	28	19	22	26	4	1	1	1	2	1	1	1	1	1	2	1	1	1	1	1	1	1	1	2	3	1	1	2	1	2	1	1	5
3000	-260.637066844560991	-258.422054462257620	-2.215012382303384	0.000010012124725	0.000029227212042	2.919181776535337	0.735937982966579	0	3	4	2	4	5	6	4	7	7	5	6	6	9	9	9	8	8	11	9	10	11	12	12	11	14	13	13	0	1	4	1	4	8	8	4	2	7	2	11	8	10	11	12	0	9	8	5	13	21	13	19	9	22	21	19	1	1	1	1	1	1	1	1	2	1	1	1	1	1	2	2	1	1	4	2	2	1	2	1	2	1	2	1
3500	-246.353069711709878	-244.103769773436426	-2.249299938273459	0.000010026627505	0.000030235484080	3.015518833566113	0.694566392229463	0	3	2	3	4	5	6	6	7	8	5	7	6	9	7	8	9	8	10	10	10	11	12	12	12	12	13	14	0	1	1	1	4	4	4	4	2	8	4	11	4	10	11	12	0	9	7	5	13	21	8	8	8	22	21	24	1	2	1	1	1	1	1	2	2	1	1	1	2	1	1	1	1	1	2	3	3	1	4	2	3	1	2	1
4000	-246.824649684247078	-245.086279648860142	-1.738370035386929	0.000010691950807	0.000018050619246	1.688243761324977	0.672600569383690	0	3	4	2	5	5	5	7	7	7	5	6	4	8	9	9	8	9	10	11	9	12	13	11	11	13	13	13	0	1	2	1	13	4	4	13	2	4	2	11	4	10	11	12	0	9	4	5	6	21	24	7	9	22	21	24	1	2	1	1	1	1	1	1	2	2	2	1	1	1	2	2	1	1	3	3	2	2	1	3	1	1	2	1
4500	-240.297509318118813	-238.020844751052067	-2.276664567066736	0.000010795044130	0.000033392284503	3.093297637403646	0.690597062041955	0	2	4	2	5	5	6	6	7	7	5	7	6	9	8	9	9	9	11	10	9	12	13	11	12	13	13	13	0	1	4	1	4	4	4	4	2	13	2	11	4	10	11	12	0	9	7	5	13	21	24	13	19	21	22	24	1	1	1	1	1	1	2	2	2	1	1	2	2	1	2	1	1	1	3	2	1	2	1	2	1	2	1	1
5000	-252.500726972370927	-250.496979484590867	-2.003747487780073	0.000013522132793	0.000031793402748	2.351212137549822	0.716049366304824	0	3	3	3	5	5	6	4	7	7	6	8	7	9	7	9	7	8	10	11	8	11	13	11	10	12	13	14	0	1	1	1	4	4	8	4	1	4	2	11	8	13	11	12	0	9	13	5	13	21	24	8	8	21	26	24	1	1	1	1	1	1	1	1	4	2	2	1	1	1	1	1	1	1	2	2	1	2	1	3	4	2	1	2
5500	-244.205197866266502	-242.566943875463721	-1.638253990802792	0.000016355387213	0.000023645086182	1.445706290805295	0.653178150932547	1	3	4	2	4	6	7	5	7	8	5	6	6	7	9	8	6	8	8	12	9	11	12	11	10	13	13	13	0	1	2	1	4	4	4	4	2	14	2	11	4	8	11	11	0	9	7	5	8	21	13	8	7	22	21	24	1	1	1	1	2	2	3	1	2	1	1	1	2	1	3	2	1	1	1	3	2	1	2	3	1	1	2	1
6000	-207.173949563870934	-205.637753195518570	-1.536196368352376	0.000037616472066	0.000044935193358	1.194561607984333	0.770611764775002	0	3	2	3	5	5	7	5	6	7	5	7	7	6	7	9	8	8	11	12	10	11	13	10	11	13	13	11	0	1	1	1	4	4	4	4	1	14	2	11	8	4	11	12	0	9	13	5	7	21	7	13	13	22	21	13	1	1	1	1	1	1	2	1	3	1	2	1	1	1	1	1	1	1	2	2	2	1	2	1	2	2	2	2
6500	-195.582360243247507	-194.220275440211111	-1.362084803036409	0.000092563883497	0.000049542511170	0.535225071571765	0.699817951962953	1	4	3	3	5	5	7	5	6	8	6	7	7	8	9	9	8	8	11	11	9	11	10	13	12	13	13	12	0	1	1	1	4	4	4	4	1	1	3	11	4	7	4	12	0	9	15	4	13	21	13	20	13	22	21	7	1	1	1	1	2	1	2	1	2	3	2	1	2	1	4	1	1	1	1	2	1	1	1	1	2	2	2	3
7000	-193.266562431581349	-191.501805100951401	-1.764757330629938	0.000248581065980	0.000046051609763	0.185257914079674	0.654530617031953	1	3	3	2	4	5	7	6	7	7	5	6	4	7	7	8	9	9	11	12	11	12	11	12	10	13	14	14	0	1	1	1	4	13	13	13	13	8	4	11	4	3	11	12	0	7	14	7	6	6	9	18	9	10	21	24	1	1	1	1	1	1	1	1	1	1	1	1	1	1	1	1	1	1	2	3	2	3	2	1	2	3	2	1
7500	-178.075423963405683	-176.129937408245524	-1.945486555160170	0.000303764157663	0.000044793777574	0.147462353422476	0.736506666391124	0	3	2	3	4	4	6	7	7	8	7	7	6	8	9	9	8	8	10	11	12	10	11	12	12	12	13	13	0	1	1	3	4	4	2	7	13	12	13	4	5	8	12	8	0	2	18	19	8	7	12	22	14	8	22	14	1	2	1	1	1	1	1	1	1	1	1	2	1	1	1	1	1	2	1	1	2	2	1	1	2	3	1	2
8000	-183.796645837741949	-182.072143075825153	-1.724502761916793	0.000210923796365	0.000041386015645	0.196213117525706	0.766172030858490	1	4	3	3	5	6	7	5	7	6	6	7	6	6	8	9	9	9	8	11	11	11	13	13	12	13	12	13	0	1	1	1	4	4	13	4	2	2	2	11	5	2	11	3	0	9	7	19	8	14	20	13	19	22	21	16	1	1	1	1	1	1	1	1	1	1	1	1	1	1	1	3	1	1	1	2	3	3	1	2	2	1	1	2
8500	-193.979307397781895	-191.894339605459066	-2.084967792322842	0.000308849581717	0.000039097264680	0.126589987472436	0.695112905520395	1	2	4	4	5	5	7	6	6	8	7	6	5	9	8	8	6	8	11	10	11	11	11	13	11	14	13	13	0	1	2	2	3	4	4	3	13	12	12	4	4	15	3	9	0	5	20	7	15	8	18	18	18	28	22	15	1	1	1	1	1	1	2	1	1	1	1	1	1	1	2	1	1	1	1	1	1	3	1	3	1	1	1	3
9000	-183.443891341440150	-181.948866203338696	-1.495025138101447	0.000228610737592	0.000068165991999	0.298174935773645	0.716002041457150	0	3	4	3	4	6	4	6	6	7	7	6	6	8	8	6	8	8	9	10	10	11	13	14	11	14	14	13	0	1	2	1	4	5	4	5	2	7	16	2	5	10	11	7	0	9	11	13	6	8	19	20	8	21	21	20	1	2	1	1	1	1	1	1	1	2	1	2	1	1	1	1	1	1	1	2	1	3	1	1	2	2	2	1
9500	-180.806732510793552	-178.852394731110309	-1.954337779683236	0.000289898744087	0.000042315610035	0.145966862216119	0.761741064016856	0	4	4	3	5	4	6	6	7	8	6	6	5	8	9	8	8	9	10	11	11	11	12	14	10	14	13	14	0	4	4	1	4	4	13	4	2	11	2	3	4	11	9	12	0	2	14	18	18	18	20	21	9	9	22	14	1	1	1	1	1	1	1	2	2	1	2	1	1	1	1	1	1	2	1	1	1	1	1	1	1	5	1	3
10000	-178.539979891428970	-176.693661976770301	-1.846317914658663	0.000295282696093	0.000049092658941	0.166256470800090	0.692070398446117	0	4	3	2	4	5	5	5	7	7	5	7	6	8	8	9	7	8	10	11	11	11	13	13	11	12	14	14	0	4	1	1	4	3	2	4	13	7	2	11	11	8	13	12	0	9	14	9	13	6	20	8	13	8	21	12	1	1	2	1	1	1	1	1	1	1	1	1	1	1	1	1	1	1	1	2	2	3	2	5	2	3	2	3
10500	-188.533806995927648	-186.856168716946229	-1.677638278981426	0.000288265665886	0.000060726813663	0.210662665899514	0.547936696195965	0	3	4	2	5	5	7	4	7	6	5	7	7	6	9	8	8	8	9	11	10	11	13	14	11	10	13	13	0	4	1	1	8	4	11	4	14	4	4	14	5	2	12	14	0	2	10	14	10	19	13	13	18	8	21	18	1	1	2	1	1	2	1	1	1	2	1	1	1	2	1	1	1	3	2	2	2	1	3	4	2	3	2	2
11000	-183.786031604378394	-182.130057036797581	-1.655974567580813	0.000367747733715	0.000080199889332	0.218083979801863	0.643179279374648	1	3	2	3	5	5	6	5	7	8	6	7	5	9	8	8	8	8	8	10	10	11	13	14	11	14	12	13	0	1	1	1	4	4	8	4	6	12	4	11	2	9	11	4	0	5	12	16	6	12	6	21	7	16	22	14	1	1	1	1	1	1	1	1	1	1	1	1	1	1	1	2	1	2	1	1	2	2	4	1	2	2	1	2
11500	-189.748629277952801	-188.261637582137496	-1.486991695815318	0.000371345300317	0.000112926822745	0.304101930597942	0.827808230082583	0	2	4	3	5	5	5	6	7	7	6	6	6	7	9	7	7	9	9	11	10	11	12	13	11	10	12	12	0	1	2	2	4	4	4	7	6	7	3	3	7	7	12	12	0	11	7	26	6	8	26	20	18	19	21	18	1	1	1	1	1	1	1	1	1	1	1	1	1	1	1	1	1	2	2	1	2	3	1	1	1	1	2	1
12000	-183.533482734630098	-181.715391912950849	-1.818090821679250	0.000270606478922	0.000046655255113	0.172409970738558	0.662939619124517	1	4	4	3	5	5	6	6	7	7	7	8	5	7	9	7	7	7	10	11	11	11	13	13	11	12	14	13	0	1	1	1	4	3	4	2	1	13	7	16	4	4	11	7	0	3	8	7	9	7	7	21	7	20	26	22	1	1	2	1	1	1	2	1	2	1	1	1	1	2	1	1	1	2	2	1	3	2	3	1	2	1	1	1
12500	-181.307714047008943	-179.502354502316621	-1.805359544692316	0.000261627115770	0.000045869431123	0.175323689165446	0.726176184280825	0	3	2	3	5	5	4	6	8	6	7	8	7	7	7	7	8	9	10	11	8	10	12	12	10	13	12	13	0	3	1	1	2	4	2	7	15	4	4	15	8	4	4	8	0	9	13	19	4	6	19	12	13	27	22	20	1	1	1	2	1	1	1	1	1	1	1	1	1	2	2	1	1	1	1	1	2	2	1	1	2	1	1	1
13000	-178.902210640303934	-177.123403029486212	-1.778807610817726	0.000218189277922	0.000039645737825	0.181703419173401	0.694124666428823	1	3	4	3	4	5	5	7	6	7	6	5	6	8	8	8	9	8	9	8	12	9	13	11	10	13	13	13	0	1	1	1	4	4	4	4	3	9	3	3	3	2	8	12	0	9	14	13	22	6	24	13	1	22	22	8	1	1	2	1	1	1	1	2	1	1	1	1	1	2	1	1	1	1	1	1	2	1	2	2	5	2	2	3
13500	-178.835679984131531	-177.352114752264100	-1.483565231867427	0.000200332716003	0.000061446853147	0.306724005808563	0.791749990899347	1	2	3	3	5	5	6	6	7	7	6	6	4	8	8	9	9	9	10	11	10	11	13	13	11	14	13	12	0	1	2	1	13	4	13	13	8	2	4	4	4	7	12	14	0	9	14	10	16	21	16	20	16	22	21	14	1	1	1	1	1	1	1	1	1	3	1	2	1	1	1	1	1	1	1	2	1	1	2	1	1	2	2	2
14000	-182.204726745247001	-180.538413971063250	-1.666312774183750	0.000367946141180	0.000078916185032	0.214477544944349	0.814925085367303	-1	2	3	3	4	5	5	5	8	7	7	7	7	8	9	8	8	9	10	11	11	11	12	13	11	13	14	12	0	1	2	1	4	2	4	4	11	4	2	8	6	7	8	12	0	8	16	6	15	4	19	25	15	21	21	18	1	1	1	1	1	1	1	1	1	1	2	1	1	1	2	1	1	3	1	3	1	3	1	1	1	1	2	1
14500	-199.471083810252622	-197.610459810652344	-1.860623999600267	0.000274753955783	0.000044864019414	0.163287983557941	0.548199304423075	-1	2	3	4	3	5	7	6	7	7	7	7	7	8	8	8	9	9	7	11	10	11	12	13	12	12	12	14	0	1	1	2	2	3	1	4	6	2	3	3	8	11	4	8	0	7	4	4	7	8	7	13	10	21	21	14	1	1	1	1	1	1	4	1	1	2	2	2	1	1	2	1	1	1	1	3	2	3	3	3	2	1	2	2
15000	-169.868933957898321	-168.039970993673705	-1.828962964224605	0.000269722059978	0.000045850415947	0.169991345724298	0.724256894099799	1	4	4	3	4	5	6	6	8	8	5	7	6	9	9	9	8	8	11	10	12	12	11	11	11	11	13	13	0	4	4	1	4	4	2	2	2	2	4	11	2	10	10	12	0	13	20	10	20	24	20	13	20	8	24	26	1	1	1	1	1	1	1	1	2	2	1	1	1	1	1	1	1	1	1	2	1	1	1	3	1	3	1	1
15500	-160.127441898259804	-158.740218782713697	-1.387223115546112	0.000157926974145	0.000067521995199	0.427552009811587	0.856633065437403	1	3	3	3	4	6	5	5	7	8	6	8	7	7	8	7	8	9	10	11	11	12	12	14	11	13	14	13	0	1	1	1	4	8	4	4	2	1	3	16	7	7	11	11	0	9	13	19	10	21	19	28	19	6	26	20	1	1	1	1	1	1	1	1	1	3	1	1	1	1	1	1	1	1	2	1	1	1	1	1	1	3	1	1
16000	-171.745014054272104	-170.041478115252943	-1.703535939019150	0.000254674286154	0.000051553417234	0.202428827865087	0.747622456632170	1	2	4	3	4	6	5	5	7	7	6	7	7	8	8	9	9	8	9	11	10	9	13	13	11	12	13	14	0	1	2	1	4	4	4	4	7	7	3	11	8	10	11	12	0	9	9	19	6	6	13	9	13	13	21	23	1	1	1	1	1	1	1	1	1	1	1	1	1	1	1	2	1	1	1	1	2	1	2	2	2	2	2	1
16500	-173.010434847295386	-171.469000871162535	-1.541433976132854	0.000213241629838	0.000057321343471	0.268809347942443	0.597250257933792	1	3	4	3	5	5	6	5	7	7	4	7	7	8	7	9	8	8	10	11	10	11	12	13	10	14	13	13	0	1	4	1	4	4	8	4	2	2	4	2	7	8	11	11	0	2	12	5	6	16	16	25	14	22	21	20	1	1	1	1	1	1	1	1	2	2	1	2	1	2	1	3	1	3	1	2	4	1	2	1	1	1	2	1
17000	-183.833509843092770	-182.409551773682381	-1.423958069410390	0.000224206107639	0.000081934187803	0.365441372968272	0.720887518669798	1	3	4	4	4	6	5	6	7	6	5	7	7	8	7	9	9	8	10	12	11	10	11	12	10	13	13	11	0	1	1	2	1	7	2	4	2	3	2	11	8	7	5	12	0	2	13	6	9	14	18	19	13	22	21	18	1	1	1	1	1	1	1	1	2	1	1	1	1	1	1	1	1	3	1	3	1	1	1	1	2	1	1	2
17500	-190.282628711845291	-188.769921931922681	-1.512706779922600	0.000228197634827	0.000065287054729	0.286098735328371	0.591519993436861	1	3	4	3	4	6	7	6	7	6	7	5	7	9	9	8	7	9	10	9	12	10	12	13	9	14	12	14	0	1	1	1	4	4	1	5	8	4	12	3	8	10	12	12	0	11	15	8	6	6	4	22	7	22	22	20	1	1	1	1	1	1	4	1	1	1	2	1	1	1	2	2	1	1	1	1	3	2	3	1	1	2	1	2
18000	-184.012906772110000	-182.458841168109643	-1.554065604000348	0.000263733155363	0.000069086331375	0.261955427182915	0.813733472002859	1	3	4	3	5	6	7	6	6	8	6	7	5	8	8	8	8	7	11	11	9	12	11	11	10	14	13	14	0	1	2	1	4	13	13	4	13	8	3	11	4	11	11	12	0	9	7	25	6	10	13	7	1	24	21	22	1	1	1	1	1	1	1	1	1	1	1	1	1	1	1	1	1	1	2	1	1	2	3	2	3	2	2	1
18500	-183.160616108177237	-181.313116761796039	-1.847499346381209	0.000243276330784	0.000040385729456	0.166007639650062	0.712884223769363	0	3	3	2	4	5	6	6	8	8	6	8	7	5	8	6	8	8	9	10	12	10	12	13	11	13	13	10	0	1	4	1	4	4	6	4	8	8	2	16	7	3	11	14	0	8	12	2	6	12	20	21	9	20	21	9	1	1	1	1	1	1	1	2	1	1	1	1	1	1	1	1	1	1	1	2	4	1	1	1	1	1	1	1
19000	-187.374581628420515	-185.701910392181247	-1.672671236239275	0.000263126309050	0.000055866664271	0.212318807926061	0.533057918692560	1	4	3	3	5	6	5	5	8	8	6	7	6	8	7	9	8	8	11	10	11	11	13	12	10	13	14	13	0	1	1	1	4	1	4	4	11	6	4	1	7	13	11	15	0	7	9	8	4	6	21	20	7	19	21	14	1	2	1	1	1	3	1	1	1	1	2	3	1	1	1	2	1	1	1	2	3	2	1	1	3	1	2	3
19500	-189.554383528687453	-187.850819875595022	-1.703563653092419	0.000339781121451	0.000068778616154	0.202420357729241	0.718242738307082	0	4	4	3	3	6	7	5	7	8	5	8	6	6	8	8	9	7	10	9	9	11	11	12	11	13	13	13	0	4	1	1	1	11	8	5	2	14	4	7	11	8	7	14	0	2	15	10	6	13	8	22	21	6	21	12	1	1	1	1	1	1	1	1	1	1	1	1	1	1	1	1	1	1	1	1	2	2	2	1	2	4	2	3
20000	-188.725409808990150	-187.176315934427663	-1.549093874562480	0.000239282872735	0.000063315328372	0.264604514513590	0.681019300760142	0	3	4	2	4	6	7	5	8	7	6	8	6	9	9	8	9	8	9	10	11	9	11	13	10	13	14	11	0	1	1	1	4	8	8	3	3	8	3	11	5	10	11	7	0	2	13	13	9	7	3	19	13	6	19	9	1	1	2	1	1	1	1	1	2	1	1	1	1	1	1	1	1	2	2	2	2	1	2	3	2	3	3	1
20500	-184.925699409009269	-183.245033860637164	-1.680665548372091	0.000375965238095	0.000078827106894	0.209665944899490	0.794183880807539	0	3	3	2	4	5	6	5	7	7	6	7	6	9	9	8	8	5	9	11	10	11	13	12	9	13	12	13	0	4	4	1	4	4	4	5	11	8	2	7	8	12	16	12	0	2	9	16	7	6	9	12	9	15	21	22	1	1	1	1	1	1	2	1	1	1	1	1	1	1	1	1	1	1	1	1	2	2	3	3	1	2	1	1
21000	-176.546797451378723	-174.921681030495847	-1.625116420882875	0.000284462610887	0.000065321270519	0.229630425998673	0.792164270590110	-1	2	1	3	4	6	5	7	6	6	6	7	7	8	8	9	8	8	10	9	12	10	13	12	10	13	13	13	0	1	1	3	4	4	4	7	4	4	2	11	7	10	12	12	0	9	14	13	22	6	24	19	13	8	21	18	1	2	1	1	1	2	1	1	1	1	2	1	1	1	1	1	1	1	1	1	1	2	1	1	2	3	1	2
21500	-182.477752713604161	-180.547932799753170	-1.929819913850994	0.000233504829380	0.000035066753411	0.150175709446626	0.738314999105646	1	4	3	3	4	6	4	4	7	6	6	8	6	7	7	8	8	9	10	11	11	10	12	12	11	12	14	12	0	1	1	1	4	7	4	4	1	7	2	13	8	10	11	13	0	2	16	2	13	13	20	18	9	6	21	9	1	2	1	1	1	1	1	1	2	1	1	1	1	1	1	1	1	2	1	2	3	2	1	1	1	3	2	2
22000	-200.494713586051546	-198.494118268381499	-2.000595317670055	0.000278551892785	0.000038596145975	0.138559984602544	0.571213691158203	1	4	3	4	4	5	6	6	7	7	4	7	7	8	9	8	8	7	10	11	12	11	10	13	11	14	14	10	0	1	1	1	1	1	1	5	2	8	3	11	8	10	11	2	0	6	9	16	16	7	7	22	14	15	6	5	1	2	1	2	1	2	2	1	1	1	1	1	1	1	4	2	1	1	2	1	2	2	2	1	2	3	7	3
22500	-182.549289485809766	-181.016601925343480	-1.532687560466280	0.000225707235377	0.000061799971601	0.273805895047980	0.755233826160256	0	4	2	3	5	6	6	7	8	8	7	6	5	7	7	7	7	9	10	10	10	11	13	12	11	12	12	13	0	3	1	1	4	2	4	13	2	7	12	2	4	2	12	12	0	9	9	4	6	6	2	10	8	7	21	8	1	1	1	1	1	1	2	1	1	1	1	1	1	1	1	1	1	1	1	3	2	2	4	2	1	3	1	2
23000	-191.608524960776975	-189.974950087116952	-1.633574873660016	0.000274847175257	0.000062209192190	0.226341027997479	0.697854561217068	0	3	2	3	5	5	6	6	6	7	7	8	6	7	8	7	8	8	11	10	11	12	12	12	10	13	13	13	0	1	1	1	4	4	4	4	4	8	13	3	4	13	8	8	0	8	12	10	20	10	12	20	10	23	21	20	1	1	1	1	1	1	2	2	1	1	1	2	2	1	2	1	1	1	1	2	1	2	2	1	2	1	1	2
23500	-184.508529745484367	-182.707066295277997	-1.801463450206367	0.000214207170758	0.000037750499161	0.176233592119912	0.722430561978282	0	1	3	3	4	5	7	5	6	7	6	7	6	8	7	7	8	7	10	10	10	11	13	14	8	14	12	13	0	1	1	2	4	4	8	1	8	8	3	5	2	13	11	8	0	9	16	13	6	19	7	9	8	22	22	20	1	1	1	1	1	1	1	2	1	1	1	1	2	1	1	1	1	1	2	2	2	1	2	5	2	2	1	2
24000	-184.411562921939975	-183.024644568623160	-1.386918353316825	0.000320443467577	0.000137234276910	0.428263612138198	0.776079869484538	0	4	3	3	4	5	6	6	6	7	7	8	7	9	8	8	8	8	11	9	11	12	12	13	11	14	13	12	0	3	1	1	4	4	5	4	2	8	7	11	8	10	11	11	0	9	20	8	8	20	13	25	7	28	25	7	1	1	1	1	1	1	1	1	1	1	1	1	1	1	1	1	1	1	1	1	2	2	2	1	2	1	2	4
24500	-185.838139337464099	-184.023810595786557	-1.814328741677543	0.000220874335093	0.000038269049513	0.173261639913292	0.805333298159138	0	3	4	2	5	5	6	5	8	8	6	5	7	9	7	7	8	7	10	11	11	12	12	12	12	13	13	13	0	1	2	1	2	4	8	4	11	12	4	3	7	16	12	12	0	2	10	7	6	21	7	8	19	21	22	10	1	2	1	1	1	1	1	1	1	2	2	1	1	1	1	1	1	2	1	2	2	1	2	3	1	2	1	2
25000	-170.409025895328512	-168.477268159975068	-1.931757735353446	0.000265338745965	0.000039757132745	0.149835383448551	0.794490184952694	0	4	4	2	5	6	5	4	6	8	6	7	6	7	8	8	9	8	10	11	11	11	12	13	10	12	13	12	0	4	4	1	8	8	4	4	2	14	7	11	1	2	11	12	0	9	16	25	13	13	7	21	7	22	26	25	1	1	1	1	1	1	1	1	1	1	1	1	3	1	1	1	1	1	1	1	2	1	2	1	2	1	1	1
25500	-185.210984076569815	-183.591329560492767	-1.619654516077057	0.000178929224262	0.000041477290978	0.231808365286610	0.706002783425467	1	3	4	3	4	5	6	7	6	8	5	8	6	8	6	9	7	8	10	10	11	10	12	13	11	12	14	11	0	1	1	1	4	4	4	13	2	8	2	11	5	13	3	15	0	13	3	5	7	7	13	20	20	8	26	20	1	1	1	1	1	1	2	1	1	1	1	2	1	1	1	1	1	1	3	2	2	2	4	1	1	2	1	1
26000	-190.633707460008736	-189.097410417556716	-1.536297042452011	0.000359705400648	0.000097738313892	0.271717671506721	0.870493055101681	1	4	4	3	4	5	5	7	7	8	6	7	6	7	8	8	8	9	10	11	10	11	11	13	11	13	14	14	0	1	4	1	4	4	5	7	2	14	2	11	4	5	11	12	0	15	12	21	6	6	2	25	8	23	23	15	1	1	1	1	1	1	1	1	1	1	1	1	1	1	1	1	1	1	1	1	2	2	2	1	1	1	2	2
26500	-173.240532834131727	-171.659323004672160	-1.581209829459579	0.000285585030062	0.000070963955644	0.248486258640501	0.751841332089012	1	4	3	3	5	6	6	7	7	6	6	7	5	8	8	8	9	8	10	11	12	12	12	11	9	13	13	13	0	1	1	1	4	13	13	5	2	2	2	13	4	10	9	9	0	2	9	14	6	6	8	14	7	20	22	20	1	1	1	1	1	1	1	1	2	1	1	1	1	1	1	1	1	2	2	1	3	3	3	1	1	1	1	1
27000	-181.178765306430705	-179.454484716615895	-1.724280589814797	0.000277587855429	0.000054484120231	0.196277031452716	0.766732445422597	1	3	3	3	4	5	6	4	8	7	6	7	7	7	8	7	8	8	11	11	11	11	12	13	11	13	14	12	0	1	1	1	4	8	4	4	11	5	4	2	6	2	11	11	0	7	18	10	6	14	25	8	14	22	26	9	1	1	1	1	1	1	1	1	1	1	1	2	1	2	1	1	1	1	1	2	3	2	1	3	2	1	1	3
27500	-196.702342431396971	-194.826629432659701	-1.875712998737284	0.000226189429647	0.000036248864936	0.160258881206358	0.784523379090795	1	4	2	3	4	5	6	7	8	7	6	7	5	8	9	5	9	8	10	9	11	12	9	12	11	13	13	14	0	1	1	1	4	4	13	13	2	4	16	16	4	16	11	2	0	4	4	5	6	21	8	19	15	6	21	20	1	1	1	1	1	1	1	1	1	3	1	1	1	1	1	1	1	3	2	3	2	1	1	1	1	5	1	2
28000	-175.036889833390660	-173.471044008134072	-1.565845825256596	0.000315092691365	0.000080636346769	0.255913097886530	0.813242236210440	1	3	4	3	4	5	5	6	7	6	5	6	6	8	9	8	8	9	11	11	10	11	12	11	12	13	13	13	0	1	4	1	4	4	5	3	2	7	3	7	3	10	7	8	0	9	18	13	6	15	13	21	19	22	21	9	1	2	1	1	1	1	1	1	1	1	1	1	1	1	2	1	1	1	1	2	2	1	2	1	1	1	2	3
28500	-177.821611476811483	-176.091797373444763	-1.729814103366732	0.000215820534581	0.000042019625720	0.194697069959995	0.596052652223745	0	2	4	4	4	5	6	6	7	5	6	6	6	8	8	9	9	9	7	11	10	10	11	12	10	13	14	13	0	1	2	1	2	5	2	5	2	4	4	4	1	7	13	3	0	9	8	7	13	6	13	19	16	24	22	8	1	1	1	2	1	1	2	1	2	1	1	2	3	1	1	3	1	1	1	2	2	3	3	2	1	1	2	3
29000	-186.813790497302278	-185.278409909428234	-1.535380587874043	0.000203426267925	0.000055381645126	0.272244315793166	0.807851921645998	1	3	3	4	5	6	4	6	6	7	5	7	5	9	7	9	8	9	10	10	12	9	12	14	12	13	13	13	0	1	1	1	7	4	2	7	1	4	7	11	4	4	9	12	0	9	8	5	8	4	19	16	19	6	21	21	1	1	1	2	1	1	1	1	2	2	1	1	1	2	1	1	1	2	2	2	3	2	1	2	1	3	1	1
29500	-190.481712228229753	-189.023648287336670	-1.458063940893090	0.000268456487117	0.000088143250916	0.328333473563130	0.793084538963846	1	3	4	3	5	5	6	6	6	7	5	7	5	8	8	9	8	9	10	10	10	10	12	12	11	13	13	13	0	1	1	1	4	4	13	13	2	8	2	11	4	8	11	12	0	9	9	15	13	15	10	6	7	19	21	21	1	1	1	1	1	1	1	1	1	1	1	2	1	1	2	1	1	1	2	1	2	1	2	2	1	2	2	2
30000	-197.823510379711479	-196.361002591946999	-1.462507787764466	0.000214961476357	0.000069705384248	0.324269191992187	0.639925692854598	0	4	4	3	5	6	5	7	8	7	7	7	6	8	9	9	7	9	11	9	10	11	12	14	12	12	13	14	0	1	1	1	4	3	4	1	10	7	3	13	4	13	11	12	0	10	9	13	10	6	20	21	3	21	22	12	1	1	2	1	1	1	1	3	1	1	1	1	2	1	1	1	1	1	1	2	2	2	2	1	4	1	1	3
30500	-178.257993815787415	-176.725403846761708	-1.532589969025707	0.000193091063778	0.000052880475196	0.273862881905665	0.892839018937632	1	4	4	3	5	5	4	6	7	8	6	8	6	5	8	6	7	9	9	9	11	12	11	12	10	14	14	13	0	1	4	1	4	4	4	4	1	14	14	16	4	4	11	14	0	9	13	8	9	21	7	21	13	22	22	24	1	1	1	1	1	1	1	1	2	1	1	1	1	1	1	1	1	1	1	1	2	1	2	1	2	1	1	1
31000	-183.194850189779913	-181.695041171285965	-1.499809018493946	0.000252126722053	0.000074322608816	0.294782751351227	0.912194884214969	1	4	3	2	4	6	7	5	5	7	5	8	6	9	8	7	9	8	10	11	11	10	12	13	11	10	11	13	0	1	1	1	4	4	8	4	3	13	2	16	4	10	11	11	0	9	15	14	7	6	13	19	13	6	26	20	1	1	1	1	1	1	1	1	1	1	1	1	1	1	1	1	1	1	1	1	1	2	3	1	2	2	1	1
31500	-175.754173437688422	-174.300804625134560	-1.453368812553870	0.000201079679832	0.000066916741957	0.332787191691229	0.757119158944351	1	3	3	2	4	6	4	5	8	6	5	6	6	8	7	9	9	8	9	10	10	10	11	14	11	13	14	13	0	1	1	1	4	8	4	7	2	2	7	11	7	10	11	15	0	2	8	5	19	6	19	20	20	22	21	20	1	1	1	1	1	1	1	1	2	1	1	1	1	1	1	1	1	2	2	2	1	2	1	2	1	2	3	1
32000	-176.915880412805166	-175.368077075344786	-1.547803337460382	0.000252359207905	0.000066951469326	0.265302264506897	0.680619384882359	1	4	3	3	5	5	7	7	7	7	6	8	6	9	9	8	9	8	11	10	11	11	11	12	10	12	13	12	0	1	1	1	4	4	4	5	1	13	2	13	5	8	11	11	0	13	8	5	6	13	8	23	13	13	22	7	1	1	1	1	1	1	1	1	3	1	1	1	1	1	1	1	1	1	1	2	3	3	2	1	2	3	1	2
32500	-209.267596115903729	-207.893232580592553	-1.374363535311179	0.000268853782249	0.000124715182471	0.463877359013831	0.581466687303950	0	2	4	3	4	4	6	5	4	8	7	7	6	6	8	8	8	7	9	10	12	11	13	12	11	12	14	13	0	1	2	1	2	2	8	4	1	14	2	14	1	3	12	12	0	7	2	6	3	4	20	5	7	6	24	22	1	1	1	2	1	1	1	1	2	1	2	1	3	1	1	1	1	1	3	3	3	4	3	4	3	5	1	1
33000	-184.554867026471072	-182.855354956831661	-1.699512069639407	0.000334795565501	0.000068186498378	0.203666073880856	0.642153742995861	1	4	3	3	5	6	6	5	7	7	4	6	6	8	8	8	8	9	10	11	10	11	13	12	11	14	12	12	0	3	1	1	4	4	8	4	2	1	4	4	11	7	8	10	0	15	9	5	6	6	13	9	16	27	21	12	1	1	1	1	1	2	1	1	1	3	1	1	2	1	2	1	1	1	2	2	2	2	3	2	1	2	1	3
33500	-180.674962106733744	-179.128318658313020	-1.546643448420714	0.000217728901644	0.000057901302718	0.265933012480576	0.671461431384012	1	3	3	2	4	6	6	5	5	7	7	7	5	9	8	9	9	8	10	10	10	11	12	14	12	13	13	13	0	1	1	1	4	5	13	4	2	13	13	9	4	18	11	12	0	9	14	7	6	6	7	19	13	20	21	2	1	1	1	1	1	2	1	1	2	1	1	1	1	1	1	1	1	2	1	2	2	3	3	2	3	2	1	4
34000	-179.793333881706957	-178.120683304885858	-1.672650576821089	0.000190467136453	0.000040441077784	0.212325750980059	0.626879469721969	0	3	2	3	4	6	7	6	8	7	6	6	5	8	8	8	8	7	9	10	9	11	11	14	11	13	14	14	0	1	1	1	4	2	13	13	6	13	2	2	4	18	11	12	0	2	7	5	13	6	8	7	7	21	26	20	1	2	1	1	1	1	1	1	1	1	1	1	1	1	2	1	1	2	1	2	2	2	2	3	2	2	1	2
34500	-174.853128824387341	-173.481264332248799	-1.371864492138543	0.000152028971820	0.000071944373511	0.473228047586894	0.702491236954214	1	3	3	4	5	6	7	6	8	8	6	7	7	9	9	9	9	9	10	9	10	11	11	13	10	13	13	12	0	1	1	1	1	4	8	4	2	8	5	11	8	10	11	12	0	9	7	7	6	21	8	25	4	22	21	8	1	1	1	1	2	1	1	1	2	1	1	1	1	1	1	1	1	1	2	1	2	1	2	1	2	1	2	3
35000	-189.964826473787468	-188.510004273150543	-1.454822200636923	0.000232658824570	0.000077100866458	0.331390251801658	0.657584851323775	0	3	4	3	4	6	6	7	7	6	7	6	5	8	8	7	8	9	9	11	10	11	13	11	9	14	14	12	0	1	2	1	1	13	5	7	10	4	12	3	3	6	11	12	0	10	8	19	13	4	28	19	10	21	21	22	1	2	1	2	2	1	1	1	1	2	1	1	1	1	1	1	1	2	1	1	2	5	1	1	1	2	3	1
35500	-189.768892935181071	-188.199203921899993	-1.569689013281073	0.000248224530023	0.000063051311755	0.254009189781704	0.695611916049394	-2	4	3	2	4	5	6	6	5	6	6	7	4	8	8	9	9	8	10	9	10	12	12	14	10	14	13	13	0	4	4	1	4	5	5	13	13	2	5	7	3	10	4	12	0	2	7	9	20	21	19	14	18	27	21	16	1	1	1	2	1	1	2	1	1	1	1	1	1	1	3	1	1	3	2	2	1	2	1	4	1	1	2	2
36000	-199.791141181654723	-198.124045455416905	-1.667095726237825	0.000242593610557	0.000051965816658	0.214209337742435	0.417639974544324	1	4	3	2	4	6	6	6	6	7	7	7	7	9	9	8	8	9	10	11	12	11	13	13	11	12	12	13	0	4	4	1	4	4	1	1	4	4	5	3	3	11	2	7	0	12	16	12	7	6	13	7	5	6	8	27	1	2	1	1	1	2	3	4	1	2	2	2	2	1	4	1	1	1	1	2	2	3	3	3	3	3	3	1
36500	-201.666515519067076	-200.196364475742826	-1.470151043324252	0.000266903186148	0.000084766619120	0.317593133088656	0.639801349389405	1	2	4	3	4	6	4	6	7	7	5	6	5	8	9	8	8	8	8	11	12	10	12	11	11	12	12	13	0	1	1	2	4	4	2	11	13	3	1	4	4	2	10	12	0	9	11	10	25	4	8	6	9	5	22	12	1	1	1	1	1	1	1	1	1	1	2	1	1	2	1	1	1	1	2	2	1	3	3	1	2	4	1	3
37000	-170.931128843344510	-169.466594403576948	-1.464534439767573	0.000218102043578	0.000070329525369	0.322461560721559	0.826650322486948	1	3	3	3	4	6	5	6	7	6	6	7	6	8	9	9	6	8	10	11	9	10	12	12	11	13	14	13	0	1	1	1	4	7	4	5	13	3	3	11	4	13	11	12	0	9	15	5	6	6	13	19	8	21	22	20	1	1	1	1	1	1	1	1	1	1	1	1	1	1	2	2	1	1	1	2	1	2	2	1	3	2	2	1
37500	-184.602255319342390	-182.576688837209105	-2.025566482133299	0.000270454142427	0.000036463805648	0.134824356248781	0.535793394026939	-1	1	3	2	4	5	7	4	6	7	6	8	6	8	8	8	8	8	10	12	9	11	13	13	12	13	12	13	0	1	2	1	4	4	11	2	3	3	4	5	5	8	13	7	0	9	7	12	7	21	13	10	7	21	21	12	1	1	1	1	1	2	1	1	1	2	2	2	1	2	1	1	1	1	1	2	1	1	4	2	2	2	1	1
38000	-181.654696912357025	-179.926703678299987	-1.727993234057026	0.000268702226857	0.000052454504271	0.195214252165778	0.713290730410629	1	4	4	2	4	5	7	6	7	8	6	7	6	8	9	6	8	8	10	10	10	12	12	13	11	14	14	11	0	4	4	1	4	4	13	3	13	13	4	16	3	8	11	2	0	9	14	10	6	13	7	23	10	19	22	8	1	1	1	1	1	1	1	1	1	1	2	1	1	1	2	1	1	1	2	1	2	3	1	1	1	2	1	2
38500	-176.420201849909631	-174.427024364400637	-1.993177485508997	0.000310643690909	0.000043398100015	0.139703786958858	0.564217821504892	1	3	4	4	4	5	7	7	6	8	6	6	7	8	8	8	9	8	11	11	11	11	12	11	11	14	14	13	0	1	2	2	1	5	1	2	1	12	4	3	11	4	9	9	0	2	18	9	14	6	8	18	8	6	22	20	1	1	1	1	1	1	3	2	2	1	1	1	1	2	1	1	1	3	2	2	2	2	2	1	2	5	2	1
39000	-180.697413314915366	-179.044796680142156	-1.652616634773201	0.000256565808143	0.000056260293003	0.219282114831433	0.663644667732165	0	3	4	4	5	6	6	6	7	7	6	7	6	8	9	8	9	8	11	12	11	11	12	10	12	12	13	13	0	1	2	1	2	4	2	5	2	8	4	4	2	13	16	12	0	13	24	24	4	24	15	8	24	6	22	20	1	1	1	2	1	1	1	1	2	1	1	1	1	1	1	1	1	1	1	1	3	1	2	2	2	3	2	1
39500	-186.520364081342649	-184.772942287635061	-1.747421793707587	0.000213905588880	0.000040605437103	0.189828780611266	0.672747865690284	0	4	4	3	5	5	6	6	7	7	6	5	6	8	8	8	9	9	10	11	8	10	13	11	10	14	12	12	0	1	1	1	4	3	4	4	7	12	3	3	12	13	11	12	0	9	11	8	6	21	24	16	3	21	21	7	1	2	3	2	1	1	1	1	1	1	1	1	1	1	1	1	1	1	1	3	1	1	1	2	3	3	1	3
40000	-187.445553870611406	-185.848309267489213	-1.597244603122199	0.000286687676174	0.000069156009364	0.241224214055705	0.795813182350873	1	4	3	3	5	5	4	6	7	7	6	6	7	8	7	8	9	9	9	11	9	11	11	14	12	12	13	12	0	1	1	1	7	4	4	4	2	12	7	4	12	13	12	12	0	9	14	19	6	4	8	23	13	6	22	9	1	2	1	1	1	1	1	1	1	1	1	1	1	1	1	1	1	1	1	1	3	2	2	1	1	2	1	3
40500	-187.701748533403332	-186.252930783762167	-1.448817749641152	0.000296786785471	0.000100098257281	0.337273295784705	0.697338076882123	1	3	3	3	4	5	6	5	6	7	6	7	5	8	9	9	8	8	10	9	9	10	12	12	11	14	14	10	0	1	1	1	4	4	8	5	13	7	3	8	4	12	11	12	0	9	15	7	6	6	12	20	7	21	22	15	1	1	1	1	1	1	1	1	1	1	1	1	1	1	2	1	1	1	1	1	2	1	3	1	1	2	2	1
41000	-194.286155863557354	-192.807308480867761	-1.478847382689599	0.000268109419128	0.000083230005450	0.310432978148518	0.563756304396603	1	2	4	2	4	6	6	6	7	7	6	7	5	8	8	6	8	8	11	11	12	10	11	12	10	14	13	13	0	1	2	1	4	13	2	1	13	4	3	16	2	7	11	3	0	8	14	9	4	6	13	16	13	8	22	4	1	1	1	1	1	1	1	3	1	2	1	1	1	1	1	1	1	1	1	2	4	3	2	4	3	3	2	4
41500	-192.043496463954455	-189.871590156102542	-2.171906307851903	0.000255835000627	0.000029665590728	0.115955950731214	0.651573165082977	1	3	3	4	5	4	6	6	7	7	6	7	5	7	8	8	8	6	8	11	11	10	13	12	12	12	13	12	0	1	1	2	4	3	3	5	13	2	6	11	2	5	14	4	0	1	18	5	4	16	4	2	16	22	26	16	1	1	1	1	1	1	2	1	1	2	1	1	1	1	1	3	1	2	2	2	4	1	3	5	2	1	1	3
42000	-165.732369272897898	-164.215246381096193	-1.517122891801710	0.000386792715259	0.000109565927442	0.283267815343491	0.947055054878965	1	3	3	3	4	6	6	6	8	7	7	6	7	9	9	8	8	9	10	11	11	9	11	12	9	11	11	13	0	1	1	1	4	5	4	5	12	7	12	4	7	10	10	7	0	13	9	25	22	8	19	9	16	22	22	20	1	1	1	1	1	1	1	1	1	1	1	1	1	1	1	1	1	1	1	1	1	1	1	1	1	1	1	1
42500	-194.651484611991378	-193.212069011054979	-1.439415600936401	0.000201349762022	0.000069894697360	0.347130767169348	0.619918012452457	1	3	3	4	5	5	6	5	6	5	6	7	6	9	9	8	7	8	10	11	9	12	11	13	11	13	12	12	0	1	1	1	2	2	4	1	1	2	2	11	8	12	11	12	0	2	18	6	6	6	4	20	7	21	21	7	1	1	1	2	1	1	1	1	3	1	1	1	1	1	2	1	1	1	1	4	1	3	2	1	2	2	2	3
43000	-208.718909270918715	-206.870769639698892	-1.848139631219810	0.000279541754740	0.000046368447817	0.165873065583102	0.587309208496454	1	4	4	3	5	5	7	6	6	8	6	8	4	9	9	7	8	7	10	11	12	10	12	12	10	11	13	14	0	1	1	1	4	13	13	4	3	2	4	16	4	16	11	11	0	9	13	7	13	6	13	5	15	6	6	10	1	1	2	1	1	1	1	2	1	1	1	1	1	1	2	1	1	1	4	2	3	3	3	3	1	3	3	3
43500	-175.833278912728389	-174.111403963243220	-1.721874949485166	0.000268238635086	0.000052835413059	0.196971674276825	0.898387104600998	0	3	4	3	5	6	5	5	8	8	5	7	6	7	8	9	9	8	10	10	12	11	13	13	11	13	14	14	0	1	2	1	4	8	4	4	13	14	4	11	8	13	11	12	0	6	18	15	22	8	20	20	16	21	21	20	1	1	1	1	1	1	1	1	1	1	1	1	1	1	2	1	1	1	1	1	1	3	2	1	1	1	1	2
44000	-173.879088496212489	-171.707389494319557	-2.171699001892944	0.000286817767259	0.000033264994689	0.115979546899240	0.777368355198488	1	3	4	3	4	5	6	6	7	7	7	8	5	7	9	9	9	8	10	10	10	11	12	13	9	13	13	10	0	1	4	1	4	4	13	4	4	13	13	8	4	13	11	11	0	9	12	7	6	6	8	20	14	21	22	16	1	1	1	1	1	1	1	1	1	1	1	1	1	1	2	1	1	1	1	1	2	2	2	1	1	2	1	1
44500	-199.378831002712872	-197.945146815889643	-1.433684186823225	0.000271421430487	0.000095969694124	0.353581859588149	0.688116366654947	1	3	3	3	4	5	4	6	7	8	6	7	4	8	9	9	9	9	11	12	10	9	11	13	12	14	13	12	0	1	1	1	4	13	4	7	2	4	13	1	4	9	10	8	0	9	16	7	22	6	14	15	22	21	28	12	1	1	1	1	1	1	1	1	1	3	1	3	1	1	1	1	1	2	1	4	1	2	2	2	2	2	1	3
45000	-183.992079724607152	-182.471546796163153	-1.520532928444001	0.000231275464767	0.000065017994115	0.281127936247458	0.738005413152257	1	4	4	3	3	5	6	5	7	8	5	7	7	9	7	8	8	8	10	10	9	11	13	13	11	14	12	11	0	5	4	1	1	4	1	5	3	7	4	8	2	8	11	12	0	13	16	12	6	9	9	22	14	27	21	9	1	1	1	1	1	1	3	1	1	1	1	1	1	2	1	1	1	1	1	1	2	2	4	1	1	1	1	2
45500	-186.674814857220809	-185.046354705305617	-1.628460151915193	0.000210289157915	0.000048012841778	0.228318198875735	0.547638895788404	1	4	4	2	3	5	6	5	7	8	6	7	6	6	7	7	9	8	11	12	11	10	11	10	11	13	13	14	0	4	4	1	4	4	5	4	6	7	8	4	8	3	11	6	0	1	9	5	7	6	7	16	7	7	21	14	1	1	1	1	1	2	2	1	1	1	1	3	1	1	1	2	1	3	2	3	2	2	3	1	2	2	1	3
46000	-205.279283269447802	-203.022782780734985	-2.256500488712805	0.000270271638234	0.000028902183080	0.106937536135267	0.816296358274171	0	2	4	3	5	6	5	5	7	8	7	8	7	6	8	7	8	8	9	11	11	11	10	12	10	13	14	13	0	1	1	1	1	7	4	4	3	14	3	16	4	3	7	14	0	5	9	19	6	7	16	23	16	14	22	22	1	1	2	1	3	1	2	1	1	1	1	1	1	1	2	1	1	1	1	1	1	3	2	1	1	2	1	1
46500	-191.456390391531500	-189.773978398213387	-1.682411993318122	0.000210304536889	0.000043973671855	0.209095212618611	0.725648088665410	0	4	4	3	4	6	6	6	7	6	5	7	5	8	8	9	7	9	11	11	11	10	10	12	10	14	13	13	0	1	4	1	1	5	13	5	6	3	5	11	5	10	11	12	0	9	2	13	8	6	7	16	8	8	22	12	1	2	1	1	2	1	1	1	1	1	1	1	1	1	1	1	1	1	3	2	1	2	2	1	2	3	2	3
47000	-167.602354243200153	-165.475231701544573	-2.127122541655587	0.000331976160042	0.000040249396428	0.121241827795310	0.741328498730591	0	4	3	3	4	6	7	6	7	7	6	6	5	9	8	8	8	8	10	11	9	11	11	13	11	14	12	13	0	4	1	1	4	13	12	4	5	13	13	3	5	11	9	13	0	8	14	21	6	12	8	22	12	27	21	20	1	1	1	1	1	1	1	2	2	1	1	2	1	1	1	1	1	1	1	1	2	2	2	1	3	1	2	1
47500	-194.669778868209676	-193.000066675749935	-1.669712192459742	0.000134091457540	0.000028604113633	0.213317941035550	0.557768432625545	0	3	2	4	5	5	6	6	5	8	6	5	7	7	8	6	8	8	9	10	9	12	12	11	11	11	13	14	0	1	1	2	1	4	4	4	1	4	12	2	4	9	11	12	0	2	7	9	6	26	9	10	18	21	21	4	1	1	1	1	2	1	1	1	4	2	1	2	1	1	1	1	1	3	2	2	2	1	4	1	2	1	2	5
48000	-190.384441038923143	-188.982636737394756	-1.401804301528388	0.000184374921923	0.000073453097672	0.398389850991442	0.622845613716533	1	3	3	3	5	6	5	6	6	7	6	7	7	9	8	9	8	8	8	10	12	11	11	12	11	13	12	13	0	1	1	1	4	4	4	7	7	7	4	8	6	10	11	12	0	1	9	6	4	8	13	20	18	6	22	24	1	1	1	1	1	2	1	1	1	1	1	1	1	1	2	1	1	6	1	1	3	2	2	1	1	3	1	1
48500	-193.969369160715218	-192.470012676921641	-1.499356483793571	0.000256848692164	0.000075795911268	0.295099463535703	0.750469586815876	1	3	4	4	4	6	6	6	7	7	6	7	7	8	8	8	8	8	9	12	11	9	11	13	12	13	13	11	0	1	2	1	1	2	2	4	7	7	4	5	4	10	5	12	0	5	13	14	5	6	7	8	18	8	21	1	1	1	1	1	2	1	2	1	1	1	1	1	1	1	2	1	1	2	1	2	3	2	2	3	3	4	1	3
49000	-181.795228092288312	-180.397325835901825	-1.397902256386492	0.000192884422773	0.000078197064436	0.405408914373447	0.838713990274806	1	3	3	4	3	6	6	6	7	7	6	5	5	9	8	8	8	9	9	11	10	11	12	13	10	13	13	13	0	1	1	2	1	4	4	4	1	4	12	1	4	10	11	12	0	9	10	14	6	6	19	21	19	22	21	21	1	1	1	1	1	1	1	1	2	1	1	1	1	2	1	1	1	1	1	1	2	2	2	1	1	2	2	1
49500	-185.182197689859038	-183.691934027899293	-1.490263661959734	0.000252549989025	0.000076182117240	0.301651635520040	0.806994081987409	1	4	4	3	4	5	6	7	7	7	6	7	5	5	7	9	7	9	10	12	11	10	12	10	11	13	13	13	0	1	4	1	4	4	4	2	6	2	6	11	4	2	11	12	0	9	9	19	19	8	8	7	24	21	22	9	1	2	1	1	1	2	2	2	1	1	1	1	1	1	1	1	1	1	2	1	1	3	3	2	1	1	2	2
50000	-178.360075728796517	-176.887677103303048	-1.472398625493460	0.000246478500993	0.000077813327084	0.315700260956769	0.688390651063642	1	4	4	3	4	6	5	7	5	6	6	8	6	8	7	9	9	8	9	11	10	12	12	12	12	12	14	12	0	4	1	1	4	4	4	7	2	2	2	11	4	10	11	12	0	9	7	5	16	19	20	19	19	21	22	8	1	1	1	1	1	2	1	1	1	1	1	1	1	1	1	1	1	2	2	3	1	2	1	1	2	1	1	2
50500	-186.731520383010775	-185.303556216505967	-1.427964166504808	0.000225882843786	0.000081409383318	0.360405340900689	0.716010529213579	1	3	2	3	5	5	5	6	6	6	5	7	6	8	9	9	9	8	10	11	10	9	11	11	11	14	13	13	0	1	1	1	4	4	4	4	1	1	2	11	4	10	12	12	0	9	14	4	22	7	13	22	14	21	21	24	1	1	1	1	1	2	1	1	2	2	1	1	1	2	2	1	1	1	1	3	1	2	2	1	1	2	2	1
51000	-177.294737375728261	-175.691067185281355	-1.603670190446908	0.000258835355583	0.000061717112721	0.238441586088079	0.798480307012828	1	2	4	3	5	5	7	6	7	7	7	6	5	9	9	8	9	8	10	9	11	10	12	13	11	13	13	12	0	1	4	1	4	4	5	4	13	12	12	13	4	10	8	12	0	7	7	5	8	7	20	19	20	7	22	20	1	1	1	1	1	2	1	2	1	1	1	1	1	1	1	1	1	1	2	2	3	2	2	2	1	2	2	1
51500	-187.750055896156510	-186.151848101102161	-1.598207795054342	0.000341829813066	0.000082313522016	0.240802641753869	0.580093725481914	1	4	3	3	5	5	7	6	6	7	5	6	6	8	8	8	9	9	10	11	11	12	12	13	10	14	13	14	0	1	1	1	4	4	4	6	2	3	4	11	2	10	11	11	0	9	15	7	12	16	5	16	13	24	21	20	1	1	1	1	1	1	2	1	1	1	1	1	1	1	1	1	1	1	1	2	2	1	3	3	2	1	1	1
52000	-185.356780070369268	-183.705283095822296	-1.651496974546973	0.000287707885080	0.000063204996706	0.219684617569550	0.766767711863761	1	3	3	2	5	4	6	5	6	7	5	7	7	7	8	9	8	8	10	10	12	10	13	14	10	13	13	13	0	1	4	1	4	4	8	4	2	3	3	7	8	7	11	12	0	14	6	13	19	13	20	21	13	22	21	2	1	1	1	1	1	1	1	1	1	1	1	1	1	1	2	1	1	1	3	1	2	1	2	1	2	2	1	4
52500	-186.923667649611389	-184.783739502260602	-2.139928147350793	0.000241211544844	0.000028870772516	0.119690674567268	0.677414147033584	1	3	3	4	5	6	7	6	8	7	5	7	6	9	9	8	9	8	10	11	10	12	11	14	12	12	12	13	0	1	1	1	4	5	13	4	6	8	3	11	4	10	11	12	0	2	8	19	6	21	6	15	4	8	21	13	1	1	1	1	1	1	1	1	1	1	1	1	1	1	2	1	1	2	2	1	2	1	2	3	3	2	1	3
53000	-191.676551340413226	-190.066865530794132	-1.609685809619086	0.000188273578011	0.000044413403554	0.235898228648437	0.607706283030965	0	4	4	3	5	6	5	7	7	6	6	7	6	7	8	7	7	8	10	10	11	11	11	14	10	13	14	12	0	4	4	1	3	3	3	13	7	3	4	2	5	10	16	13	0	9	3	8	6	19	1	20	8	21	22	5	1	1	1	2	1	1	1	1	1	1	1	1	1	1	1	1	1	1	3	2	1	1	5	2	2	1	2	2
53500	-172.967003635227428	-171.304435297410976	-1.662568337816455	0.000164010740348	0.000035388547633	0.215769696290502	0.767973455621581	0	2	4	3	5	5	6	5	6	7	7	7	7	9	9	8	7	8	11	10	10	11	12	13	11	13	14	14	0	1	4	1	4	4	4	4	1	8	9	8	9	9	11	12	0	9	14	5	9	21	13	13	20	21	21	24	1	2	1	1	1	1	1	1	2	1	1	1	1	1	1	1	1	1	1	2	2	1	2	2	1	2	1	1
54000	-187.872302933526555	-186.456752440260374	-1.415550493266188	0.000267453357824	0.000100778973528	0.376809528015058	0.667889962677879	1	4	4	3	4	4	6	6	8	7	5	7	5	8	7	8	8	8	10	11	9	11	10	12	11	11	13	12	0	1	1	1	4	4	13	6	2	3	4	11	4	2	11	12	0	2	18	23	7	10	8	23	2	9	21	23	1	2	2	1	1	1	1	1	2	2	1	1	1	2	1	1	1	2	1	1	2	2	2	1	3	2	2	1
54500	-188.179227138016984	-186.522841810330590	-1.656385327686380	0.000296977052157	0.000064722684271	0.217938334967459	0.704104111538873	1	3	3	2	4	6	6	6	8	7	4	6	6	9	7	8	7	7	10	11	11	11	12	14	12	14	12	14	0	1	1	1	4	5	11	11	2	3	4	11	1	15	13	12	0	13	18	16	8	13	20	25	13	27	20	16	1	1	1	1	1	1	1	1	2	2	1	1	3	1	1	1	1	1	1	2	3	2	1	1	2	2	1	3
55000	-177.506223478230197	-176.061069573416745	-1.445153904813451	0.000203391800531	0.000069359707775	0.341015260171219	0.757877673236341	0	3	4	3	5	5	5	5	7	7	6	7	4	8	9	5	8	6	10	11	11	12	12	11	11	13	13	13	0	1	4	1	4	4	4	4	7	2	2	3	4	11	11	3	0	2	14	19	6	25	25	14	5	22	21	20	1	2	1	1	1	1	1	1	2	1	1	1	1	1	2	1	1	1	1	1	3	1	1	1	3	1	1	1
55500	-173.380193137651077	-171.607223480286279	-1.772969657364784	0.000297904844342	0.000054565625888	0.183164614218823	0.684338940229067	1	4	4	3	5	4	6	6	8	7	6	7	5	9	8	8	8	9	11	11	11	11	12	14	12	13	12	13	0	1	4	1	4	4	6	13	8	4	3	7	4	12	13	11	0	7	18	13	9	9	8	9	8	21	22	14	1	2	1	1	1	1	1	1	2	2	1	1	1	1	1	1	1	1	1	2	1	1	3	2	3	1	1	2
56000	-186.241696445420445	-184.681763216492641	-1.559933228927817	0.000264698362194	0.000068531947723	0.258905824557096	0.757795541044231	1	3	4	2	5	6	5	7	6	8	6	5	6	8	7	9	7	9	8	11	12	11	11	14	12	13	14	12	0	1	4	1	4	7	3	5	2	13	12	2	7	13	11	9	0	9	7	7	13	6	8	21	20	6	22	20	1	1	1	1	1	1	1	1	1	1	1	1	1	1	1	2	1	1	2	4	3	3	2	1	1	2	2	1
56500	-189.127508252241768	-187.551803586881277	-1.575704665360499	0.000256974759213	0.000064524240690	0.251091744914896	0.561484676286343	1	3	3	3	5	5	6	5	7	6	4	6	7	8	7	9	7	8	11	10	11	11	12	13	11	13	13	13	0	1	1	1	4	4	4	4	8	3	3	11	4	10	11	11	0	2	16	5	6	8	6	9	7	22	21	6	1	1	1	1	1	1	1	1	1	1	1	1	2	1	2	2	1	2	2	2	3	2	4	4	3	1	1	4
57000	-187.197435119508015	-185.544673217508944	-1.652761901999077	0.000243243524335	0.000053326278782	0.219230003871898	0.811172265478734	1	4	3	3	4	5	7	6	8	8	6	7	6	8	9	6	8	8	9	10	11	10	13	11	11	13	13	14	0	1	1	1	4	4	13	4	8	16	2	8	6	16	11	4	0	1	13	19	22	6	19	13	12	22	21	24	1	1	1	1	1	1	1	1	1	1	1	1	1	1	1	2	1	2	2	1	1	3	1	2	1	2	1	1
57500	-180.929485390608392	-179.479126117481655	-1.450359273126729	0.000186145989449	0.000062495592720	0.335734295995377	0.756133396753375	1	2	4	4	4	6	7	6	7	7	6	7	5	9	8	9	6	9	10	12	11	11	12	13	11	14	14	13	0	1	2	1	1	4	4	13	8	3	4	11	4	11	8	12	0	9	4	19	19	6	19	25	16	21	21	25	1	1	1	1	1	1	1	1	1	1	1	1	1	2	1	1	1	1	4	1	1	2	1	1	1	2	2	1
58000	-174.255612372951987	-172.797216349884508	-1.458396023067470	0.000212109505210	0.000069577181423	0.328024816021392	0.789539813799864	1	2	3	4	4	6	7	6	7	8	7	7	5	7	8	9	8	8	9	10	10	11	12	13	12	13	13	13	0	1	1	2	2	13	13	4	2	14	5	6	4	4	11	12	0	9	8	5	6	6	20	7	19	22	22	22	1	1	1	1	1	1	1	1	2	1	2	1	1	1	1	1	1	1	1	3	2	2	1	2	1	1	1	1
58500	-195.908551370980632	-194.526375668897288	-1.382175702083345	0.000240618321275	0.000105895295884	0.440096561739572	0.660242063835973	0	2	2	3	4	6	6	7	7	8	5	6	6	8	8	8	8	8	9	10	9	12	13	13	10	11	11	13	0	1	1	1	4	4	5	11	6	6	3	11	2	7	7	12	0	9	12	8	6	26	8	20	7	19	7	16	1	1	1	1	1	2	1	1	1	1	1	1	2	1	1	1	1	1	1	2	2	1	2	1	1	1	1	3
59000	-198.260919475139076	-196.718348355028212	-1.542571120110873	0.000224694760411	0.000060257592356	0.268175333709720	0.738970752731684	0	4	3	4	5	5	7	3	8	6	6	6	6	8	8	9	8	8	10	12	10	9	12	10	11	13	12	13	0	1	1	8	8	8	11	1	2	4	4	2	4	12	11	11	0	10	12	3	9	2	24	4	24	4	22	20	1	2	1	1	2	1	1	1	2	1	1	1	1	1	2	1	1	1	1	4	1	2	1	3	1	4	2	1
59500	-187.996234157120170	-186.457756640088149	-1.538477517032026	0.000256788462916	0.000069454658280	0.270474216369332	0.695900023194962	0	3	3	4	5	6	7	7	5	7	5	7	6	8	8	8	8	8	10	12	11	9	12	13	9	12	14	13	0	1	1	1	4	4	13	9	2	4	2	9	4	10	11	12	0	2	25	8	6	6	18	19	2	25	26	25	1	1	1	2	1	1	1	1	2	1	1	1	1	1	1	1	1	3	1	3	2	2	2	2	3	2	1	2
60000	-167.749663066675254	-166.154899728039254	-1.594763338636009	0.000197592340453	0.000047880105056	0.242317616899289	0.761906189840998	0	1	3	3	5	5	7	6	7	6	5	6	5	8	8	8	9	8	11	11	12	12	12	14	10	13	13	13	0	1	2	1	4	4	13	13	13	3	4	11	3	10	12	12	0	9	7	25	6	25	25	20	4	22	22	8	1	1	1	2	1	1	1	1	1	1	1	1	1	1	1	1	1	1	1	1	4	1	1	1	4	1	1	3
60500	-181.886344223736842	-180.161974165217714	-1.724370058519128	0.000286865051074	0.000056297635888	0.196251288462353	0.730056390008339	0	3	4	3	5	5	7	6	6	5	6	7	6	9	8	9	8	9	10	11	11	11	12	13	11	14	14	12	0	1	1	1	4	4	9	3	2	4	2	11	2	11	8	12	0	9	11	5	6	6	7	20	8	20	22	25	1	1	2	2	1	1	1	1	1	1	2	1	1	1	1	1	1	1	2	3	3	2	2	1	2	2	1	1
61000	-184.349895540317050	-182.535872821241071	-1.814022719075980	0.000185569694449	0.000032165028655	0.173331258373896	0.769627642236719	1	4	3	3	5	6	6	6	7	7	6	7	6	7	9	9	9	8	10	8	9	11	12	13	11	14	13	11	0	1	1	1	4	2	4	4	7	7	3	8	2	2	11	12	0	9	10	13	7	21	7	21	7	22	21	19	1	2	1	1	1	2	2	1	1	1	1	1	1	1	1	1	1	1	1	1	2	2	2	1	1	2	2	1
61500	-186.995948770300402	-185.377830636043711	-1.618118134256682	0.000217680127919	0.000050595147333	0.232428875419183	0.599743311350077	1	3	3	4	4	6	6	6	8	7	6	8	7	8	8	9	9	8	10	9	10	10	10	13	12	12	13	12	0	1	1	3	2	5	1	3	7	8	3	11	1	7	11	12	0	2	5	13	4	6	8	18	7	19	22	8	1	1	1	1	1	1	2	1	1	1	2	1	3	1	1	1	1	2	2	1	3	2	2	2	2	1	1	2
62000	-198.827264114672801	-197.026063359698099	-1.801200754974699	0.000325898614306	0.000057454380012	0.176295257144316	0.685065274541329	0	3	4	4	5	5	6	6	7	7	6	8	6	8	8	9	9	8	11	11	12	10	11	14	11	12	14	14	0	1	1	2	4	4	4	4	6	13	2	2	4	3	11	12	0	9	8	5	6	14	13	7	12	22	22	25	1	2	2	1	1	1	1	1	1	1	2	2	1	2	1	1	1	1	2	2	5	1	2	2	1	1	2	1
62500	-179.079394279230058	-177.343811087861127	-1.735583191368939	0.000213242115442	0.000041171890891	0.193075794648744	0.812602163856856	0	2	3	3	5	5	6	7	7	8	6	8	6	9	8	8	8	8	9	11	11	9	12	13	12	13	14	13	0	1	2	2	4	4	2	6	1	9	2	13	1	13	8	8	0	13	11	19	13	6	8	25	7	22	26	9	1	1	1	1	1	1	3	2	2	1	2	1	2	2	1	1	1	1	1	1	2	1	2	1	2	1	1	2
63000	-193.540002193421486	-192.129004095326991	-1.410998098094501	0.000221885002399	0.000085090793944	0.383490515466953	0.608935179104362	1	4	3	3	5	5	6	5	7	6	7	8	7	8	8	9	8	9	9	10	11	10	11	13	12	14	14	13	0	4	1	1	4	4	8	4	10	3	4	10	4	10	11	12	0	11	7	5	6	11	13	20	20	22	21	10	1	1	1	1	1	1	1	1	1	2	1	1	2	1	1	1	1	1	2	2	4	1	1	1	1	2	2	3
63500	-181.126091630892375	-179.605012005450703	-1.521079625441679	0.000259044489147	0.000072736713466	0.280788499711927	0.668422629536439	1	3	2	3	4	5	6	6	6	7	6	7	5	8	9	9	8	7	10	10	9	12	12	14	10	13	13	13	0	1	1	1	4	1	4	4	6	8	13	4	4	2	11	11	0	9	9	6	6	19	19	1	7	19	21	5	1	1	1	1	1	1	1	1	1	1	1	2	1	3	2	1	1	1	2	3	2	1	1	5	2	1	2	4
64000	-189.124861896272961	-187.286790404745489	-1.838071491527459	0.000215247388693	0.000036164215824	0.168012332433323	0.633332900556056	1	2	3	3	5	5	6	4	7	5	5	7	5	8	7	8	8	7	11	11	12	11	11	13	10	13	14	14	0	1	2	2	8	4	4	2	8	2	1	11	8	4	11	12	0	1	9	18	18	6	7	19	14	6	26	18	1	1	1	1	1	1	2	1	1	1	3	1	1	3	1	1	1	3	1	2	2	2	2	1	1	3	1	3
64500	-171.015186502214874	-169.358566299787071	-1.656620202427789	0.000239431904227	0.000052161471893	0.217855143662973	0.858589141155454	0	2	4	4	5	6	7	5	6	8	6	7	6	8	8	8	8	8	10	9	11	11	11	13	10	13	14	11	0	1	2	2	4	4	5	4	3	13	3	11	4	9	11	5	0	9	13	16	6	16	9	22	16	21	21	7	1	1	1	1	1	1	1	1	1	1	1	1	1	1	1	2	1	1	1	1	2	2	2	1	1	1	1	2
65000	-195.888380496120419	-193.962382411249905	-1.925998084870517	0.000226374878596	0.000034148851952	0.150850890187662	0.696031281917052	1	3	3	2	5	5	6	7	7	8	6	7	5	8	9	9	9	8	10	11	11	11	13	12	12	13	14	13	0	1	4	1	4	2	3	3	4	11	6	6	4	7	11	12	0	8	1	10	8	16	9	5	19	19	24	16	1	1	1	1	2	2	1	2	3	1	1	1	1	1	2	1	1	1	4	2	2	2	3	4	1	2	1	2
65500	-187.264309598556935	-185.329079794393124	-1.935229804163816	0.000300771219423	0.000044883779276	0.149228969985928	0.707558474952293	0	2	3	2	4	5	6	4	7	6	5	8	4	9	7	8	9	9	11	12	10	12	13	12	12	14	13	11	0	1	1	1	4	13	5	4	7	3	13	6	4	7	11	11	0	10	18	7	14	21	18	14	14	18	21	9	1	1	1	1	1	1	1	1	1	3	1	1	1	2	1	1	1	2	1	3	1	1	2	1	2	3	1	3
66000	-197.890653423804338	-196.409832865790662	-1.480820558013669	0.000310550875478	0.000095919060266	0.308867460502429	0.487989777389413	1	3	4	3	5	4	7	6	7	6	3	6	5	9	8	8	8	9	10	11	12	12	10	14	11	12	13	13	0	1	11	1	4	4	8	4	13	4	1	11	2	9	8	12	0	16	5	6	6	19	9	14	13	8	22	18	1	1	1	1	1	1	1	1	1	1	1	1	1	1	1	1	1	1	3	5	3	1	2	3	4	4	1	2
66500	-192.948691535468129	-191.245307778449273	-1.703383757018864	0.000267642869091	0.000054191083871	0.202475351034307	0.683129118922729	1	4	3	3	4	6	6	6	7	8	6	7	5	9	9	5	8	8	8	12	9	12	12	13	11	13	14	14	0	1	1	1	4	2	4	13	11	8	2	7	4	8	11	4	0	13	7	21	13	25	7	20	13	21	22	24	1	2	1	1	1	1	1	1	1	1	1	1	1	1	2	2	1	2	1	2	2	1	2	1	2	3	1	1
67000	-168.832527385790740	-167.130881087168120	-1.701646298622632	0.000248810864147	0.000050510595855	0.203007999783790	0.763119636015372	1	3	3	3	5	5	7	5	7	8	5	7	6	9	9	9	9	8	11	10	12	11	11	13	10	11	13	11	0	1	1	1	4	4	13	4	8	12	4	11	2	12	11	12	0	2	2	8	18	6	7	22	18	18	22	18	1	1	1	1	1	1	1	1	1	1	1	1	1	1	2	1	1	3	3	3	2	3	2	1	1	1	1	1
67500	-185.960148329677651	-184.323251898521306	-1.636896431156355	0.000263416275257	0.000059288688786	0.225076027395013	0.612375223993203	0	4	2	2	4	5	5	7	6	7	6	7	7	9	8	8	9	8	10	11	10	11	9	14	11	13	12	13	0	4	1	1	4	4	2	7	2	7	3	7	7	10	4	12	0	6	12	23	11	6	6	15	12	21	21	20	1	1	1	1	1	2	1	1	1	1	3	1	1	1	3	1	1	1	2	1	3	3	3	2	2	2	1	1
68000	-196.956015574711955	-194.919623435106075	-2.036392139605880	0.000243243136652	0.000032413997536	0.133257603821244	0.438081620190508	1	3	3	3	5	5	6	7	7	7	6	8	5	8	9	7	7	7	10	9	12	11	11	13	11	11	13	12	0	1	1	1	1	2	3	3	5	4	2	7	1	3	12	7	0	11	12	7	6	8	7	20	1	8	26	20	1	1	1	1	2	1	3	3	1	3	1	1	2	2	1	1	1	1	1	1	4	1	2	2	5	2	1	2
68500	-171.950742488251848	-170.020881114519568	-1.929861373732271	0.000287332025043	0.000043148194488	0.150168413984404	0.840575861630509	1	3	3	3	5	5	5	5	7	8	6	7	7	7	9	9	9	8	10	12	10	12	11	14	11	13	13	13	0	1	1	1	4	1	2	4	1	4	4	11	7	7	11	12	0	2	10	10	10	21	10	20	13	20	22	19	1	1	1	1	1	1	1	1	2	2	1	1	1	1	1	1	1	2	1	2	1	1	1	1	3	1	1	1
69000	-178.898096999478014	-177.354594645271703	-1.543502354206324	0.000246722813946	0.000066037510007	0.267658709589196	0.709820471837236	1	3	4	3	5	6	7	7	7	7	6	7	5	8	7	9	7	9	11	10	11	9	12	13	11	11	13	13	0	1	2	1	4	4	13	13	13	3	4	11	4	10	11	9	0	9	8	6	13	8	20	23	8	9	26	20	1	1	1	1	1	1	1	1	1	2	1	1	1	1	1	1	1	1	1	2	3	1	1	1	2	2	1	2
69500	-179.746528043920819	-178.115044050536113	-1.631483993384717	0.000246271936462	0.000055939427508	0.227144953303541	0.803857586501687	1	3	4	3	5	5	6	7	7	8	7	6	3	9	8	8	8	8	9	11	9	11	10	12	11	11	14	14	0	1	13	1	4	13	4	4	2	3	2	13	1	10	12	12	0	7	8	7	8	6	8	25	8	21	22	14	1	1	1	1	1	1	2	2	2	1	2	1	1	1	1	1	1	1	1	3	1	3	2	1	2	1	1	2
70000	-197.941544786854138	-196.561011134060436	-1.380533652793697	0.000174017211848	0.000077364376415	0.444578875806184	0.653537259720698	0	3	4	3	2	4	5	6	7	7	6	7	7	8	9	8	8	8	10	9	10	11	10	14	11	13	12	14	0	1	2	5	1	2	4	5	7	7	3	11	7	10	16	12	0	4	18	13	13	20	7	13	13	21	21	19	1	1	1	1	1	1	1	1	1	1	1	1	1	1	1	1	1	2	1	1	1	2	1	2	3	2	2	2
70500	-167.626466633471068	-165.755622359965145	-1.870844273505915	0.000247543698890	0.000039910279579	0.161225188756072	0.777167662703241	1	3	3	3	5	6	6	6	8	8	5	7	4	7	8	9	8	8	9	11	10	11	12	13	12	14	13	14	0	1	1	1	4	4	13	13	6	6	13	11	4	8	11	12	0	6	15	8	6	6	8	23	12	20	22	20	1	1	1	1	1	2	1	1	1	1	1	1	1	1	2	1	1	1	1	3	2	2	3	1	2	1	1	1
71000	-200.081220476540210	-198.460615245478891	-1.620605231061323	0.000212253799774	0.000049121078045	0.231426142179095	0.741323030658961	1	3	3	2	3	5	6	7	7	7	6	7	5	9	8	8	8	9	11	12	10	11	10	14	8	13	13	11	0	1	1	1	4	4	2	6	2	13	3	3	4	10	3	12	0	9	23	28	9	9	13	7	4	23	22	8	1	1	2	1	1	1	1	1	3	1	2	2	1	1	1	1	1	1	1	1	1	2	2	2	3	2	1	2
71500	-174.733774972639168	-172.931913239960494	-1.801861732678670	0.000372971137841	0.000065695201691	0.176140175539828	0.804922828392919	1	4	4	3	5	5	6	7	8	8	6	7	7	8	8	9	8	9	10	11	10	11	10	13	11	13	12	11	0	1	4	1	4	4	4	5	12	3	2	11	5	12	11	8	0	9	14	6	6	18	8	22	19	6	21	13	1	1	1	1	1	1	1	1	1	2	1	1	1	1	1	1	1	1	1	3	2	1	1	1	1	4	1	2
72000	-179.733733170516103	-178.094408006824210	-1.639325163691902	0.000216151546951	0.000048452597636	0.224160309370981	0.700238070799389	1	3	3	2	5	6	6	6	8	8	7	4	5	9	8	8	9	8	9	10	10	10	12	13	12	12	12	12	0	1	1	1	4	3	13	13	11	7	12	4	2	11	12	2	0	2	9	5	6	18	18	2	18	22	22	18	1	1	1	1	1	1	1	1	1	1	2	1	1	1	2	2	1	4	1	3	2	1	2	4	1	1	1	2
72500	-168.298740041157714	-166.818092294625444	-1.480647746532266	0.000214891901094	0.000066402400576	0.309003737403278	0.756910026938235	1	3	3	3	4	4	6	6	7	7	7	7	5	8	8	9	8	8	9	11	11	12	11	13	11	13	14	12	0	1	1	1	4	3	13	1	7	13	13	8	4	10	8	12	0	9	7	13	8	21	7	20	16	21	22	20	1	1	1	1	1	1	1	2	1	1	1	1	1	1	1	2	1	1	1	2	1	1	3	2	1	2	1	1
73000	-171.569678358642733	-170.015482362486637	-1.554195996156104	0.000198617710896	0.000052015350253	0.261886767391176	0.949628170544640	1	2	3	3	4	5	7	7	6	8	6	5	6	6	8	8	6	8	10	11	12	11	11	13	8	12	13	14	0	1	1	2	4	4	13	13	12	14	12	3	4	3	11	12	0	9	13	19	22	7	7	23	13	19	22	24	1	1	1	1	1	1	1	1	1	1	1	1	1	1	2	1	1	1	2	1	1	1	2	1	1	1	1	1
73500	-164.922942487813543	-163.484084267842434	-1.438858219971099	0.000245058092494	0.000085217102425	0.347742453871644	0.809661991316561	1	3	2	3	5	5	7	6	7	8	5	7	5	8	8	8	9	9	10	11	11	11	13	12	11	14	13	13	0	3	1	1	4	2	5	1	2	8	4	11	2	12	11	12	0	9	10	19	13	6	22	22	14	27	22	24	1	1	1	1	1	1	1	3	1	1	1	1	1	1	2	1	1	1	1	1	3	3	1	1	1	1	1	1
74000	-193.570340173273479	-191.887531047459674	-1.682809125813794	0.000303986740435	0.000063522851869	0.208965864030849	0.771442460302666	1	4	3	3	5	6	5	6	8	7	6	7	7	8	7	9	7	9	7	12	10	10	11	13	10	14	11	13	0	3	1	1	4	5	3	7	7	7	4	3	7	7	6	15	0	9	8	12	6	13	13	7	8	12	22	20	1	1	1	2	1	1	1	1	1	2	2	2	1	2	1	1	1	1	1	2	2	2	2	3	2	3	1	1
74500	-188.372846615338233	-186.678329100919370	-1.694517514418857	0.000200789065061	0.000041206471118	0.205222685337160	0.670175147419282	1	3	3	3	4	5	7	6	6	8	6	7	5	8	7	9	9	8	10	12	10	12	10	13	11	13	14	13	0	1	1	1	4	4	1	5	2	11	1	2	5	11	1	12	0	15	7	8	8	19	7	12	19	22	26	10	1	1	1	1	1	1	3	1	2	1	3	2	1	1	3	1	1	1	2	2	2	1	2	2	1	1	1	2
75000	-178.861345377444565	-176.914721077044504	-1.946624300400073	0.000267276983684	0.000039361516067	0.147268633176013	0.760558651550487	1	4	3	4	5	5	7	6	8	6	6	7	6	7	8	8	8	8	10	11	10	10	11	13	12	14	13	12	0	1	1	1	2	1	13	5	6	4	4	11	1	4	11	10	0	2	9	10	6	18	18	18	21	27	21	18	1	1	1	1	1	2	1	1	1	1	1	1	2	1	1	1	1	2	1	2	2	2	1	2	1	1	1	2
75500	-173.309788061862292	-171.734507067531126	-1.575280994331152	0.000258549287408	0.000064972084411	0.251294772699659	0.875778224342457	0	2	3	3	4	6	7	6	8	7	6	6	5	9	8	8	8	9	9	11	11	12	12	12	10	13	14	12	0	1	2	1	3	13	8	13	12	12	2	13	4	10	11	12	0	9	7	14	6	25	25	21	13	22	26	20	1	1	1	1	1	1	1	1	1	1	2	1	1	2	1	1	1	1	1	1	2	1	1	1	2	1	1	1
76000	-191.052892299196628	-189.424683711200004	-1.628208587996632	0.000269362973804	0.000061526914500	0.228416376725714	0.742409951972975	1	3	3	3	4	5	6	7	7	6	5	7	6	8	9	9	8	8	7	11	10	12	12	12	11	13	12	11	0	1	1	1	4	2	5	6	10	1	3	11	4	7	12	12	0	12	4	13	6	18	18	19	18	27	21	14	1	1	1	1	1	1	1	1	1	2	1	1	2	1	1	1	1	1	2	1	2	2	2	3	1	1	1	1
76500	-183.693955967974262	-182.072663413890012	-1.621292554084257	0.000203545791796	0.000047049739973	0.231150639658375	0.722344090468144	0	4	4	3	5	6	5	7	5	7	6	7	7	8	8	8	8	8	11	9	11	11	12	13	10	14	12	13	0	1	4	1	4	2	4	4	1	3	7	11	4	10	2	12	0	9	20	6	7	6	13	22	13	27	21	8	1	2	1	1	1	1	1	2	1	1	1	1	2	1	2	1	1	1	1	1	2	3	3	1	1	2	1	3
77000	-202.050637520019109	-200.128039767230405	-1.922597752788701	0.000216308888090	0.000032761298985	0.151456092601395	0.716813545911777	-1	2	3	4	5	6	5	7	7	7	7	7	6	8	8	8	9	8	8	10	12	10	11	14	12	13	14	12	0	1	2	1	4	4	4	7	4	3	3	7	7	3	11	4	0	4	8	14	20	6	20	25	9	22	21	12	1	1	1	2	1	2	1	1	1	2	1	1	1	2	1	2	1	2	1	2	2	2	1	2	3	2	2	2
77500	-175.312896577864791	-173.648688447429038	-1.664208130435739	0.000300294155119	0.000064623869918	0.215201890599809	0.898931755762520	0	4	3	2	4	6	6	6	5	8	7	7	6	7	8	8	9	8	10	11	11	11	11	13	12	13	13	13	0	3	4	1	4	2	2	5	2	12	13	7	2	3	11	12	0	9	8	8	6	6	13	16	14	21	21	22	1	1	1	1	1	1	1	1	1	1	1	1	1	1	1	1	1	1	1	1	2	2	2	4	1	1	1	1
78000	-179.057353438203279	-177.350329014058531	-1.707024424144762	0.000252028367004	0.000050750473762	0.201368101398444	0.796482630624899	0	4	4	3	5	6	6	4	6	8	6	8	5	9	7	7	7	8	9	11	11	10	12	13	11	14	13	13	0	1	4	1	8	8	8	4	2	8	13	16	4	10	11	7	0	9	7	12	6	6	7	23	10	6	21	20	1	1	1	1	1	1	1	1	1	2	1	1	1	1	1	1	1	1	1	2	2	2	2	1	1	2	1	1
78500	-192.385774213177086	-190.920598117984440	-1.465176095192654	0.000269646850102	0.000086797979133	0.321895023438004	0.575046178073452	0	4	3	3	4	5	6	5	6	6	6	7	6	9	9	8	8	9	10	11	12	12	12	10	9	13	14	12	0	3	1	1	4	3	5	1	2	2	3	3	1	16	7	8	0	9	14	6	24	6	20	11	4	6	8	11	1	1	2	1	1	1	1	2	1	1	2	1	3	1	2	1	1	1	1	3	1	3	1	2	3	5	5	2
79000	-190.836861879529891	-189.023976287293721	-1.812885592236180	0.000288642317262	0.000050105535363	0.173590400182209	0.711590467414875	1	4	3	3	4	6	7	7	7	8	6	7	5	8	7	8	6	8	9	12	10	10	10	13	12	13	14	13	0	1	1	1	4	13	4	5	13	4	4	11	2	6	11	12	0	9	13	13	18	6	13	19	2	21	22	10	1	1	1	1	1	1	2	2	1	3	1	1	1	1	1	1	1	1	2	3	1	2	2	1	3	1	2	2
79500	-175.697290073261854	-173.751255049523508	-1.946035023738348	0.000297656119261	0.000043865258484	0.147368912129751	0.777379558631816	0	3	4	3	4	5	6	5	7	7	7	6	6	9	8	8	8	9	10	11	8	10	12	13	11	14	13	13	0	1	1	1	1	4	8	2	3	13	8	3	8	16	11	12	0	5	15	14	6	6	7	13	18	27	22	20	1	1	2	2	1	1	1	1	1	1	1	1	1	1	1	1	1	2	1	1	2	2	2	2	1	1	1	1
80000	-178.587780997671132	-176.991131572633606	-1.596649425037519	0.000179362935836	0.000043313550429	0.241485512196866	0.730556789987020	0	2	4	3	4	6	6	5	7	7	5	7	6	9	7	8	7	9	11	12	12	10	12	10	12	14	13	12	0	1	2	1	4	4	8	4	7	8	4	11	4	10	11	12	0	9	12	6	6	6	24	8	24	21	22	12	1	1	1	2	1	2	1	1	1	1	1	1	1	1	1	1	1	1	1	2	3	2	1	2	1	2	2	2
80500	-187.563580309818121	-185.744112134450944	-1.819468175367186	0.000280614297903	0.000048293743919	0.172100082854911	0.655948487344487	1	3	4	2	3	4	6	4	7	7	6	6	6	8	9	9	9	8	10	11	10	11	13	11	12	13	11	12	0	1	2	1	4	4	2	2	12	4	8	4	8	7	11	11	0	12	12	15	4	16	20	13	14	20	21	20	1	1	1	1	1	1	1	1	1	2	1	2	1	1	1	2	1	1	2	2	4	2	1	2	2	1	1	1
81000	-198.469495559808678	-196.737693646592390	-1.731801913216285	0.000310208684692	0.000060222513307	0.194135484526582	0.793804317774011	0	3	4	3	4	6	6	6	6	7	6	6	5	9	8	8	8	8	11	10	11	11	12	13	9	12	14	13	0	1	2	1	4	13	3	13	2	8	2	2	4	9	9	10	0	12	16	16	12	12	9	23	7	11	28	7	1	2	1	1	1	1	1	1	2	1	1	2	1	1	1	1	1	1	2	1	1	3	2	1	1	2	1	3
81500	-173.628917700660622	-172.127225087286917	-1.501692613373704	0.000226949427013	0.000066603670073	0.293473620751728	0.766757477876147	1	3	4	3	4	5	5	6	7	7	6	7	6	8	7	9	7	9	10	11	11	11	11	13	12	12	13	13	0	1	1	1	4	4	4	4	7	8	2	11	7	15	11	12	0	8	13	9	19	6	13	23	18	19	22	20	1	1	1	1	1	1	2	2	1	1	1	1	1	1	1	1	1	1	2	2	1	3	2	1	1	1	1	1
82000	-177.694657406759774	-176.043200780392908	-1.651456626366861	0.000313446810876	0.000068863998061	0.219699150452092	0.650510737900570	1	4	3	3	5	6	6	6	8	5	6	7	6	8	8	8	8	9	8	9	11	10	13	11	10	14	12	12	0	4	1	1	4	2	2	4	7	3	3	2	5	10	8	13	0	9	7	12	6	6	24	8	13	7	22	15	1	1	1	1	1	1	1	1	1	1	2	1	1	2	1	1	1	1	1	1	2	2	1	2	2	3	1	1
82500	-178.113764154639824	-176.520891727943479	-1.592872426696353	0.000192285035706	0.000046755667887	0.243158120521147	0.866955805452184	0	4	4	3	4	5	5	5	6	7	5	8	6	9	7	7	9	8	10	10	11	12	12	13	11	14	13	14	0	4	4	1	4	4	1	4	2	8	4	16	7	10	11	11	0	9	18	13	6	20	20	20	8	8	21	20	1	1	1	2	1	1	2	1	1	1	1	1	1	1	1	1	1	1	1	2	2	1	1	1	2	4	1	1
83000	-189.703823040655408	-188.014183205970170	-1.689639834685248	0.000237701923501	0.000049148620223	0.206765765707915	0.844810133392978	1	2	4	3	4	6	5	7	8	8	7	7	6	8	8	9	8	6	7	12	11	11	12	11	10	14	13	13	0	1	4	1	4	4	4	18	12	13	7	3	2	8	11	11	0	2	13	24	12	19	24	8	7	24	21	25	1	1	1	1	1	1	1	1	1	1	1	2	3	1	1	1	1	2	1	1	3	2	1	2	2	1	1	2
83500	-183.828291672438752	-182.260929958980427	-1.567361713458333	0.000216300266241	0.000055190811712	0.255158316126681	0.672285992998139	0	3	3	4	5	5	6	5	7	6	5	7	7	8	8	9	9	9	9	10	12	11	12	14	11	13	13	14	0	1	1	1	4	4	8	2	2	4	3	11	8	2	11	15	0	7	8	7	22	14	6	8	8	21	22	5	1	1	1	2	1	1	1	1	2	1	1	1	1	3	1	1	1	1	2	2	1	1	4	2	2	1	1	4
84000	-156.961807867692812	-155.465095447831061	-1.496712419861739	0.000226573732891	0.000067284981497	0.296967263764321	0.793311770038117	0	2	4	3	4	5	6	5	7	7	6	7	5	9	9	8	8	9	10	12	11	11	12	12	12	13	13	14	0	1	2	2	4	4	13	4	6	8	6	8	4	3	12	11	0	9	7	19	19	6	19	15	19	21	22	24	1	1	1	1	1	1	1	1	1	1	1	1	1	3	2	1	1	1	2	1	1	2	1	1	1	1	1	1
84500	-202.813959735492148	-201.405748369105822	-1.408211366386332	0.000190624216105	0.000073922559208	0.387792069228330	0.712155587917310	0	2	4	3	5	4	7	6	7	6	6	7	5	8	9	8	8	9	10	11	12	11	12	13	11	14	13	13	0	1	2	2	4	1	2	2	3	3	13	1	4	13	13	11	0	9	7	7	6	7	12	6	13	22	22	15	1	1	1	1	1	1	3	3	1	1	1	3	1	2	2	1	1	1	1	2	2	2	2	5	4	2	2	1
85000	-182.318752327666061	-180.779497786018311	-1.539254541647737	0.000213299099118	0.000057598077029	0.270034319259551	0.719638202550839	0	3	4	3	4	5	6	5	7	6	7	6	7	8	7	8	8	8	10	11	11	11	13	13	11	13	13	13	0	1	2	1	4	4	3	1	1	3	4	2	4	11	8	12	0	13	7	13	8	8	11	25	11	19	21	11	1	1	1	1	1	1	1	3	2	1	2	2	2	1	1	1	1	1	2	2	3	3	2	1	2	2	1	2
85500	-190.722673599248793	-188.881706538746300	-1.840967060502506	0.000369203084966	0.000061801633738	0.167391975460036	0.644409346304285	1	4	3	2	4	5	6	5	6	7	4	8	6	8	7	8	8	8	10	9	11	9	12	14	11	13	13	13	0	4	4	1	4	4	3	4	2	2	3	4	8	13	6	3	0	9	18	5	6	7	12	16	20	16	22	5	1	1	1	1	1	2	1	2	1	1	1	3	1	1	1	3	1	1	1	2	2	2	2	2	1	3	1	5
86000	-195.795181265415295	-194.077008528036629	-1.718172737378673	0.000251458833225	0.000049801443494	0.198050085792617	0.641264198529331	0	4	3	2	4	6	6	6	8	6	6	6	4	8	7	8	8	7	10	11	10	11	10	12	10	12	13	12	0	1	4	1	4	13	13	13	8	5	4	2	4	10	11	11	0	5	14	23	2	6	4	20	16	7	21	7	1	1	1	1	2	1	1	1	1	1	2	1	1	1	1	1	1	2	1	1	4	2	4	1	1	2	1	2
86500	-191.914313494996122	-190.308993114898726	-1.605320380097392	0.000201853716244	0.000047988312590	0.237738068356168	0.653446852795533	0	3	4	3	2	5	5	7	8	6	6	8	6	7	5	9	8	9	11	11	11	10	11	13	11	14	14	11	0	1	4	5	1	4	4	7	10	2	15	11	4	2	2	12	0	9	18	10	6	6	7	20	16	23	21	8	1	1	1	1	1	1	1	1	1	2	1	1	1	1	1	1	1	1	1	2	4	3	3	1	1	2	2	2
87000	-189.666442665841004	-187.765022067653575	-1.901420598187442	0.000314125144991	0.000048790990387	0.155323415412021	0.719271340914034	1	3	3	4	4	5	7	6	6	8	5	6	6	9	9	8	9	9	10	12	11	10	12	13	10	13	13	12	0	1	1	2	1	5	1	5	2	4	3	3	5	8	3	9	0	16	11	22	15	5	19	21	8	15	22	15	1	1	2	1	1	1	3	1	2	3	1	1	1	1	3	1	1	1	2	1	2	3	1	1	2	3	2	1
87500	-181.607586810945293	-180.002563227521591	-1.605023583423715	0.000214605135011	0.000051046894142	0.237864271695939	0.642972196758497	0	3	4	3	5	5	7	7	6	7	7	6	6	8	9	8	8	8	9	11	10	12	12	12	10	14	13	11	0	1	4	1	2	2	13	13	2	3	12	2	4	13	11	12	0	10	8	13	6	21	19	10	18	22	21	8	1	1	1	1	1	1	1	1	2	2	1	1	1	1	1	2	1	1	1	3	2	1	2	2	1	2	2	2
88000	-187.725025277067857	-186.048066338409456	-1.676958938658399	0.000271707199881	0.000057299690919	0.210887642814540	0.693391313989837	1	3	4	3	4	6	6	5	8	8	5	7	6	9	9	8	9	7	10	12	10	11	12	13	11	13	13	12	0	1	1	1	4	4	5	4	13	13	1	4	4	8	12	8	0	2	2	14	13	11	8	22	16	13	22	9	1	1	1	1	1	2	1	1	1	1	2	1	2	2	1	3	1	2	2	1	3	2	3	1	2	2	1	1
88500	-174.978970333673743	-173.495251933069909	-1.483718400603842	0.000216467027673	0.000066369988753	0.306605534644399	0.725317714895099	1	3	3	2	4	6	5	6	6	7	5	6	7	8	8	7	8	8	11	11	11	10	11	13	11	12	13	13	0	1	1	1	4	7	4	4	2	7	3	11	8	4	11	12	0	2	22	13	22	6	7	20	7	21	26	20	1	1	1	1	1	1	1	2	1	1	1	1	1	2	2	1	1	2	1	2	1	2	2	1	3	1	1	1
89000	-177.838504923691204	-176.098703985510951	-1.739800938180241	0.000224579318045	0.000043098307642	0.191906841722990	0.657294460602696	1	3	3	2	4	6	6	6	7	8	7	6	4	7	9	8	8	9	9	11	10	11	12	14	10	13	14	13	0	1	1	1	4	13	13	2	2	8	12	2	4	2	8	12	0	9	14	6	6	21	13	23	7	22	21	20	1	1	1	1	1	2	1	1	1	2	1	1	1	1	2	1	1	1	1	3	2	1	3	1	2	1	2	2
89500	-196.493323837038247	-194.572187751577985	-1.921136085460266	0.000357817924526	0.000054287260825	0.151717555504835	0.713234202946780	0	4	1	3	5	5	6	7	6	8	6	6	6	8	9	8	8	8	11	12	11	10	11	14	8	13	14	13	0	3	1	1	4	4	2	3	2	1	2	2	6	7	9	12	0	9	10	10	15	8	13	7	9	20	26	15	1	1	1	1	1	1	1	3	1	3	1	1	1	2	1	1	1	1	2	2	1	2	2	4	1	1	1	1
90000	-189.800907265557015	-187.703176673619083	-2.097730591937941	0.000286051602288	0.000035736468703	0.124930146926812	0.675551278419156	1	3	3	4	5	6	4	6	8	7	6	7	6	8	7	9	7	7	10	9	11	12	11	13	10	12	14	12	0	1	1	1	7	4	2	7	2	13	4	11	7	3	11	12	0	2	20	7	14	21	8	16	3	6	22	25	1	1	1	2	1	1	1	1	2	1	1	1	1	4	1	2	1	2	1	3	1	1	3	2	3	2	1	1
90500	-181.688947040790708	-180.223677935746167	-1.465269105044535	0.000242695162328	0.000078102489670	0.321813129365424	0.836629243569752	0	4	2	4	5	6	7	5	7	5	5	7	6	9	9	7	8	8	10	11	11	10	13	12	11	12	12	11	0	3	1	3	4	4	8	4	2	4	3	11	1	6	11	10	0	9	7	19	13	6	26	21	14	13	21	16	1	1	1	1	1	1	1	1	1	1	1	1	2	1	1	1	1	1	1	1	1	2	1	1	1	3	1	2
91000	-197.159079515420302	-195.572760194773281	-1.586319320647021	0.000245391006307	0.000060395824454	0.246120774200023	0.449661396658788	1	3	3	3	5	5	7	5	7	6	6	7	6	8	9	9	9	9	11	9	10	11	13	11	11	12	14	14	0	1	1	1	4	4	4	4	1	8	8	11	4	10	11	12	0	9	9	5	5	6	8	20	14	6	23	13	1	1	1	1	1	1	1	1	2	1	1	1	2	1	2	1	1	1	3	2	3	3	4	1	1	4	1	3
91500	-186.367015722675376	-184.701810762077940	-1.665204960597437	0.000272320031654	0.000058510191689	0.214858199501342	0.792362698356395	1	4	4	3	4	5	6	6	7	6	6	8	7	7	8	8	8	8	10	9	11	12	12	12	10	13	14	13	0	1	1	1	4	4	1	4	1	3	2	14	4	10	11	8	0	7	13	13	8	25	4	6	8	7	22	21	1	1	1	1	1	1	3	2	2	1	1	1	2	1	1	1	1	1	2	1	2	1	4	2	2	3	1	1
92000	-172.836048490279637	-171.031686849464023	-1.804361640815628	0.000277028617507	0.000048634011820	0.175555912805891	0.616872393907169	1	3	3	3	4	5	5	5	7	6	7	7	6	7	9	8	8	8	10	10	11	11	12	14	10	12	13	13	0	1	1	1	4	4	3	5	10	3	2	1	8	7	16	7	0	12	9	4	12	6	19	5	12	13	22	22	1	1	1	1	1	1	1	1	1	2	2	3	1	1	1	1	1	1	2	4	2	3	1	5	2	3	1	1
92500	-173.526330361399090	-172.134956176660921	-1.391374184738164	0.000217143559785	0.000090841703946	0.418348598668169	0.767096489355487	1	3	3	3	5	5	5	6	7	5	5	6	6	9	8	9	8	7	10	11	12	11	13	13	12	14	13	13	0	1	1	1	4	4	4	7	7	2	4	11	6	18	11	12	0	2	3	5	8	7	20	22	19	20	21	20	1	1	1	1	1	1	1	1	1	1	1	1	1	1	2	1	1	2	4	2	2	3	1	1	1	1	1	1
93000	-189.224017431001357	-187.630843108348273	-1.593174322653097	0.000195319279193	0.000047467175656	0.243023504141602	0.706943091270568	0	3	3	4	5	5	6	6	8	7	7	7	7	9	8	8	9	7	11	11	10	10	12	13	9	14	13	12	0	1	1	2	4	4	4	1	13	4	3	7	6	13	11	12	0	2	13	5	6	6	13	20	10	22	22	10	1	1	1	1	1	1	1	4	1	1	1	1	1	1	1	1	1	1	2	3	3	2	2	1	1	2	2	2
93500	-159.954669447164918	-158.352832926969739	-1.601836520195180	0.000194624586956	0.000046559765818	0.239228591548929	0.938442800899521	1	3	4	3	4	5	7	4	6	8	7	7	5	6	8	9	9	9	10	12	10	11	13	12	10	13	13	14	0	1	2	1	4	8	13	4	2	14	9	9	8	3	11	12	0	9	9	19	6	21	24	19	18	22	21	24	1	1	1	1	1	1	1	1	1	1	1	1	1	1	1	1	1	2	1	1	2	1	1	1	1	1	1	1
94000	-185.092172584948742	-183.375755846619626	-1.716416738329104	0.000280730690661	0.000055743461904	0.198565613799895	0.676223948113451	1	4	3	3	4	5	6	7	8	8	6	7	5	9	8	8	9	7	10	9	10	11	13	13	10	14	14	13	0	1	1	1	4	4	4	13	13	12	3	5	4	18	2	12	0	1	14	5	9	8	7	5	9	22	21	9	1	1	1	1	1	1	2	1	2	1	2	1	1	1	2	1	1	2	1	2	1	2	3	5	1	2	2	3
94500	-179.836957636275855	-177.932006251322406	-1.904951384953460	0.000300912768750	0.000046541155103	0.154666600876529	0.864856687024340	1	3	4	4	5	5	7	7	7	6	6	6	6	9	9	7	7	8	10	9	11	10	12	13	11	13	13	12	0	1	1	2	2	1	5	12	13	4	4	4	3	9	11	12	0	9	3	2	8	6	8	22	20	6	21	20	1	1	1	1	1	1	1	1	1	1	1	1	1	1	2	1	1	1	2	3	1	1	2	1	1	4	1	1
95000	-178.827502595456366	-177.380205977752098	-1.447296617704256	0.000168654504062	0.000057142206302	0.338812216250420	0.752461942491682	0	2	4	4	5	6	6	5	6	7	6	7	7	9	9	8	8	8	9	11	9	11	12	12	11	14	13	14	0	1	2	2	4	4	8	4	1	7	3	11	1	10	11	12	0	9	9	19	6	21	7	7	19	22	22	25	1	1	1	1	1	1	1	1	2	1	1	1	4	1	2	1	1	1	1	1	2	1	2	2	1	2	1	1
95500	-181.465152137651870	-179.889092396041264	-1.576059741610615	0.000347637895490	0.000087229950403	0.250921868801689	0.773796426803625	1	3	4	3	4	5	7	3	6	7	7	7	5	7	9	9	8	8	9	11	11	10	11	13	11	14	12	13	0	1	8	1	4	8	13	1	6	13	8	2	8	4	14	13	0	9	9	5	6	4	19	9	12	27	21	25	1	1	1	1	1	1	1	1	1	1	2	2	1	2	1	1	1	1	1	3	2	3	1	3	1	1	1	1
96000	-177.377022533969182	-175.304488459386874	-2.072534074582300	0.000279349239291	0.000035824483723	0.128242639264374	0.656920081778456	0	3	4	2	4	5	4	7	6	7	7	7	5	7	8	9	8	6	10	11	11	11	12	13	12	13	14	14	0	1	4	1	4	4	2	13	5	13	9	7	4	4	11	12	0	7	8	8	13	6	20	8	20	22	22	20	1	1	1	1	1	2	1	1	1	1	1	1	1	2	1	1	1	1	2	2	4	2	1	2	1	1	2	2
96500	-177.884436741365533	-176.404418545991092	-1.480018195374440	0.000288861291504	0.000089403013579	0.309501536579049	0.832490481200155	1	2	4	3	4	5	7	5	6	8	6	7	6	9	8	8	9	9	10	10	12	11	11	13	10	12	13	13	0	1	2	1	4	4	6	4	4	8	3	11	8	16	11	12	0	4	10	10	6	7	13	20	7	18	21	23	1	1	1	1	1	1	1	1	1	2	1	1	1	1	2	1	1	2	1	1	3	2	2	2	1	1	1	1
97000	-188.879858321264265	-187.217520763017689	-1.662337558246580	0.000293376726423	0.000063325322889	0.215849851692797	0.617734766506359	1	3	4	2	4	5	7	5	8	7	7	5	7	8	8	9	9	9	9	9	8	11	13	13	11	13	14	13	0	1	1	1	4	2	3	5	11	4	12	2	8	13	3	8	0	7	10	13	10	21	16	14	15	2	21	20	1	1	1	1	1	1	1	1	1	2	1	1	1	1	3	2	1	1	1	1	1	2	2	2	2	6	3	2
97500	-194.015911940338867	-192.138147934343635	-1.877764005995239	0.000224454545350	0.000035880160998	0.159854909341234	0.410137058359600	1	2	3	3	5	5	6	6	6	7	7	7	7	8	7	7	8	9	10	11	10	11	12	12	10	14	13	14	0	1	1	1	4	1	1	1	2	3	2	2	4	16	4	2	0	9	12	13	11	13	8	6	13	13	21	13	1	1	1	1	1	2	4	3	2	2	3	2	2	1	2	2	1	1	1	2	2	2	2	4	1	5	1	3
98000	-199.010176726308572	-197.570608774087219	-1.439567952221350	0.000279888484067	0.000097111266300	0.346964136891496	0.669643327189320	0	3	4	2	4	5	6	7	7	8	5	7	7	6	7	9	8	8	10	12	10	9	11	11	10	13	14	13	0	1	4	1	4	4	2	6	14	9	4	11	4	4	11	12	0	9	6	24	7	14	9	5	9	21	26	20	1	1	1	1	1	1	1	1	1	1	2	1	2	2	1	1	1	1	3	1	2	1	1	3	1	2	1	1
98500	-192.189342985589661	-190.536613857048877	-1.652729128540786	0.000264122873334	0.000057906763160	0.219241758310230	0.708176780905818	1	3	2	4	5	6	6	5	5	7	5	7	6	8	9	8	5	6	10	11	12	11	10	11	11	13	14	14	0	1	1	3	4	4	11	4	2	3	1	13	4	2	12	9	0	2	11	10	6	16	8	7	19	19	21	7	1	1	1	1	1	1	1	1	2	2	2	1	1	2	1	2	1	1	2	2	3	2	2	2	1	1	1	4
99000	-190.856825368373137	-189.306746105037774	-1.550079263335357	0.000318760282318	0.000084176489948	0.264074587134927	0.665654881449026	0	3	4	2	5	5	6	5	7	7	6	6	7	9	8	8	9	8	10	12	11	11	11	14	10	12	13	13	0	4	2	1	4	2	4	4	5	5	3	3	7	10	11	2	0	2	14	22	16	6	8	13	9	13	21	19	1	1	1	1	1	1	1	1	1	1	2	1	1	1	1	3	1	3	1	1	1	3	2	5	1	2	2	2
99500	-196.867663188939247	-195.505046348086182	-1.362616840853074	0.000285973727090	0.000151217348342	0.528780562749509	0.861040801300202	1	3	3	3	5	6	5	6	7	8	5	8	6	9	9	7	9	8	8	9	11	10	10	12	10	12	14	11	0	1	1	1	4	7	4	4	13	6	3	6	4	16	9	11	0	9	13	4	7	6	13	13	19	6	21	22	1	1	1	1	1	1	1	1	1	1	1	1	1	1	1	1	1	1	1	3	3	2	2	2	1	2	2	1
100000	-181.998626686377378	-180.342895202611857	-1.655731483765533	0.000298103833080	0.000065037392143	0.218170264604577	0.728700637065262	1	4	4	2	4	5	5	5	7	6	6	6	7	7	8	8	8	8	11	11	10	10	13	13	10	13	13	14	0	1	1	1	4	4	3	5	1	8	7	3	4	4	14	12	0	14	7	13	14	13	20	20	14	14	22	20	1	1	1	1	1	2	1	1	3	1	1	1	1	2	1	1	1	1	2	2	2	2	1	1	1	2	2	2