step	p_accept_mu1	p_accept_gamma	p_accept_pi	p_accept_Tinf	sigma_mu1	sigma_gamma	sigma_pi	n_like_zero
1		1.00000	1.00000	1.00000	1.00000	0.000100000000000	1.000000000000000	0.010000000000000	0
500		1.00000	1.00000	1.00000	0.37879	0.000100000000000	1.000000000000000	0.010000000000000	0
1000		-nan	-nan	0.93600	0.37724	0.000150000000000	1.000000000000000	0.015000000000000	0
1500		-nan	-nan	0.88400	0.36381	0.000150000000000	1.000000000000000	0.022500000000000	0
2000		-nan	-nan	0.86400	0.35680	0.000150000000000	1.000000000000000	0.033750000000000	0
2500		-nan	-nan	0.78600	0.35114	0.000150000000000	1.000000000000000	0.050625000000000	0
3000		-nan	-nan	0.65000	0.34617	0.000150000000000	1.000000000000000	0.075937500000000	0
3500		-nan	-nan	0.53800	0.34267	0.000150000000000	1.000000000000000	0.113906250000000	0
4000		-nan	-nan	0.39000	0.33777	0.000150000000000	1.000000000000000	0.170859375000000	0
4500		-nan	-nan	0.39000	0.33401	0.000150000000000	1.000000000000000	0.170859375000000	0
5000		-nan	-nan	0.36933	0.33025	0.000150000000000	1.000000000000000	0.170859375000000	0
5500		-nan	-nan	0.36600	0.32811	0.000150000000000	1.000000000000000	0.170859375000000	0
6000		-nan	-nan	0.36080	0.32648	0.000150000000000	1.000000000000000	0.170859375000000	0
6500		-nan	-nan	0.36467	0.32530	0.000150000000000	1.000000000000000	0.170859375000000	0
7000		-nan	-nan	0.37057	0.32402	0.000150000000000	1.000000000000000	0.170859375000000	0
7500		-nan	-nan	0.36850	0.32242	0.000150000000000	1.000000000000000	0.170859375000000	0
8000		-nan	-nan	0.36800	0.32169	0.000150000000000	1.000000000000000	0.170859375000000	0
8500		-nan	-nan	0.36820	0.32083	0.000150000000000	1.000000000000000	0.170859375000000	0
9000		-nan	-nan	0.36491	0.31959	0.000150000000000	1.000000000000000	0.170859375000000	0
9500		-nan	-nan	0.36650	0.31876	0.000150000000000	1.000000000000000	0.170859375000000	0
10000		-nan	-nan	0.36446	0.31859	0.000150000000000	1.000000000000000	0.170859375000000	0
10500		-nan	-nan	0.36486	0.31844	0.000150000000000	1.000000000000000	0.170859375000000	0
11000		-nan	-nan	0.36507	0.31823	0.000150000000000	1.000000000000000	0.170859375000000	0
11500		-nan	-nan	0.36575	0.31772	0.000150000000000	1.000000000000000	0.170859375000000	0
12000		-nan	-nan	0.36600	0.31725	0.000150000000000	1.000000000000000	0.170859375000000	0
12500		-nan	-nan	0.36522	0.31726	0.000150000000000	1.000000000000000	0.170859375000000	0
13000		-nan	-nan	0.36600	0.31662	0.000150000000000	1.000000000000000	0.170859375000000	0
13500		-nan	-nan	0.36630	0.31604	0.000150000000000	1.000000000000000	0.170859375000000	0
14000		-nan	-nan	0.36705	0.31581	0.000150000000000	1.000000000000000	0.170859375000000	0
14500		-nan	-nan	0.36664	0.31536	0.000150000000000	1.000000000000000	0.170859375000000	0
15000		-nan	-nan	0.36896	0.31503	0.000150000000000	1.000000000000000	0.170859375000000	0
15500		-nan	-nan	0.36892	0.31473	0.000150000000000	1.000000000000000	0.170859375000000	0
16000		-nan	-nan	0.37040	0.31434	0.000150000000000	1.000000000000000	0.170859375000000	0
16500		-nan	-nan	0.37046	0.31435	0.000150000000000	1.000000000000000	0.170859375000000	0
17000		-nan	-nan	0.37141	0.31433	0.000150000000000	1.000000000000000	0.170859375000000	0
17500		-nan	-nan	0.37136	0.31415	0.000150000000000	1.000000000000000	0.170859375000000	0
18000		-nan	-nan	0.37034	0.31376	0.000150000000000	1.000000000000000	0.170859375000000	0
18500		-nan	-nan	0.37080	0.31381	0.000150000000000	1.000000000000000	0.170859375000000	0
19000		-nan	-nan	0.36955	0.31348	0.000150000000000	1.000000000000000	0.170859375000000	0
19500		-nan	-nan	0.37019	0.31326	0.000150000000000	1.000000000000000	0.170859375000000	0
20000		-nan	-nan	0.37012	0.31313	0.000150000000000	1.000000000000000	0.170859375000000	0
20500		-nan	-nan	0.36912	0.31304	0.000150000000000	1.000000000000000	0.170859375000000	0
21000		-nan	-nan	0.37017	0.31301	0.000150000000000	1.000000000000000	0.170859375000000	0
21500		-nan	-nan	0.37033	0.31289	0.000150000000000	1.000000000000000	0.170859375000000	0
22000		-nan	-nan	0.37032	0.31269	0.000150000000000	1.000000000000000	0.170859375000000	0
22500		-nan	-nan	0.36989	0.31256	0.000150000000000	1.000000000000000	0.170859375000000	0
23000		-nan	-nan	0.37179	0.31237	0.000150000000000	1.000000000000000	0.170859375000000	0
23500		-nan	-nan	0.37165	0.31203	0.000150000000000	1.000000000000000	0.170859375000000	0
24000		-nan	-nan	0.37254	0.31199	0.000150000000000	1.000000000000000	0.170859375000000	0
24500		-nan	-nan	0.37300	0.31191	0.000150000000000	1.000000000000000	0.170859375000000	0
25000		-nan	-nan	0.37367	0.31192	0.000150000000000	1.000000000000000	0.170859375000000	0
25500		-nan	-nan	0.37305	0.31176	0.000150000000000	1.000000000000000	0.170859375000000	0
26000		-nan	-nan	0.37240	0.31167	0.000150000000000	1.000000000000000	0.170859375000000	0
26500		-nan	-nan	0.37226	0.31162	0.000150000000000	1.000000000000000	0.170859375000000	0
27000		-nan	-nan	0.37272	0.31151	0.000150000000000	1.000000000000000	0.170859375000000	0
27500		-nan	-nan	0.37229	0.31161	0.000150000000000	1.000000000000000	0.170859375000000	0
28000		-nan	-nan	0.37216	0.31152	0.000150000000000	1.000000000000000	0.170859375000000	0
28500		-nan	-nan	0.37204	0.31139	0.000150000000000	1.000000000000000	0.170859375000000	0
29000		-nan	-nan	0.37188	0.31133	0.000150000000000	1.000000000000000	0.170859375000000	0
29500		-nan	-nan	0.37200	0.31124	0.000150000000000	1.000000000000000	0.170859375000000	0
30000		-nan	-nan	0.37223	0.31121	0.000150000000000	1.000000000000000	0.170859375000000	0
30500		-nan	-nan	0.37219	0.31110	0.000150000000000	1.000000000000000	0.170859375000000	0
31000		-nan	-nan	0.37218	0.31101	0.000150000000000	1.000000000000000	0.170859375000000	0
31500		-nan	-nan	0.37218	0.31094	0.000150000000000	1.000000000000000	0.170859375000000	0
32000		-nan	-nan	0.37249	0.31087	0.000150000000000	1.000000000000000	0.170859375000000	0
32500		-nan	-nan	0.37221	0.31079	0.000150000000000	1.000000000000000	0.170859375000000	0
33000		-nan	-nan	0.37207	0.31067	0.000150000000000	1.000000000000000	0.170859375000000	0
33500		-nan	-nan	0.37223	0.31067	0.000150000000000	1.000000000000000	0.170859375000000	0
34000		-nan	-nan	0.37220	0.31059	0.000150000000000	1.000000000000000	0.170859375000000	0
34500		-nan	-nan	0.37245	0.31069	0.000150000000000	1.000000000000000	0.170859375000000	0
35000		-nan	-nan	0.37203	0.31064	0.000150000000000	1.000000000000000	0.170859375000000	0
35500		-nan	-nan	0.37281	0.31068	0.000150000000000	1.000000000000000	0.170859375000000	0
36000		-nan	-nan	0.37265	0.31067	0.000150000000000	1.000000000000000	0.170859375000000	0
36500		-nan	-nan	0.37239	0.31058	0.000150000000000	1.000000000000000	0.170859375000000	0
37000		-nan	-nan	0.37230	0.31047	0.000150000000000	1.000000000000000	0.170859375000000	0
37500		-nan	-nan	0.37282	0.31048	0.000150000000000	1.000000000000000	0.170859375000000	0
38000		-nan	-nan	0.37200	0.31043	0.000150000000000	1.000000000000000	0.170859375000000	0
38500		-nan	-nan	0.37220	0.31032	0.000150000000000	1.000000000000000	0.170859375000000	0
39000		-nan	-nan	0.37268	0.31026	0.000150000000000	1.000000000000000	0.170859375000000	0
39500		-nan	-nan	0.37342	0.31039	0.000150000000000	1.000000000000000	0.170859375000000	0
40000		-nan	-nan	0.37351	0.31049	0.000150000000000	1.000000000000000	0.170859375000000	0
40500		-nan	-nan	0.37303	0.31046	0.000150000000000	1.000000000000000	0.170859375000000	0
41000		-nan	-nan	0.37336	0.31045	0.000150000000000	1.000000000000000	0.170859375000000	0
41500		-nan	-nan	0.37334	0.31050	0.000150000000000	1.000000000000000	0.170859375000000	0
42000		-nan	-nan	0.37301	0.31028	0.000150000000000	1.000000000000000	0.170859375000000	0
42500		-nan	-nan	0.37333	0.31026	0.000150000000000	1.000000000000000	0.170859375000000	0
43000		-nan	-nan	0.37314	0.31020	0.000150000000000	1.000000000000000	0.170859375000000	0
43500		-nan	-nan	0.37345	0.31013	0.000150000000000	1.000000000000000	0.170859375000000	0
44000		-nan	-nan	0.37309	0.31016	0.000150000000000	1.000000000000000	0.170859375000000	0
44500		-nan	-nan	0.37302	0.31018	0.000150000000000	1.000000000000000	0.170859375000000	0
45000		-nan	-nan	0.37292	0.31022	0.000150000000000	1.000000000000000	0.170859375000000	0
45500		-nan	-nan	0.37336	0.31013	0.000150000000000	1.000000000000000	0.170859375000000	0
46000		-nan	-nan	0.37360	0.31011	0.000150000000000	1.000000000000000	0.170859375000000	0
46500		-nan	-nan	0.37360	0.31008	0.000150000000000	1.000000000000000	0.170859375000000	0
47000		-nan	-nan	0.37345	0.31016	0.000150000000000	1.000000000000000	0.170859375000000	0
47500		-nan	-nan	0.37361	0.31018	0.000150000000000	1.000000000000000	0.170859375000000	0
48000		-nan	-nan	0.37362	0.31017	0.000150000000000	1.000000000000000	0.170859375000000	0
48500		-nan	-nan	0.37382	0.31019	0.000150000000000	1.000000000000000	0.170859375000000	0
49000		-nan	-nan	0.37413	0.31023	0.000150000000000	1.000000000000000	0.170859375000000	0
49500		-nan	-nan	0.37367	0.31018	0.000150000000000	1.000000000000000	0.170859375000000	0
50000		-nan	-nan	0.37366	0.31023	0.000150000000000	1.000000000000000	0.170859375000000	0
50500		-nan	-nan	0.37347	0.31023	0.000150000000000	1.000000000000000	0.170859375000000	0
51000		-nan	-nan	0.37345	0.31014	0.000150000000000	1.000000000000000	0.170859375000000	0
51500		-nan	-nan	0.37354	0.31018	0.000150000000000	1.000000000000000	0.170859375000000	0
52000		-nan	-nan	0.37381	0.31012	0.000150000000000	1.000000000000000	0.170859375000000	0
52500		-nan	-nan	0.37384	0.31010	0.000150000000000	1.000000000000000	0.170859375000000	0
53000		-nan	-nan	0.37422	0.31013	0.000150000000000	1.000000000000000	0.170859375000000	0
53500		-nan	-nan	0.37410	0.31018	0.000150000000000	1.000000000000000	0.170859375000000	0
54000		-nan	-nan	0.37382	0.31009	0.000150000000000	1.000000000000000	0.170859375000000	0
54500		-nan	-nan	0.37373	0.31001	0.000150000000000	1.000000000000000	0.170859375000000	0
55000		-nan	-nan	0.37367	0.30992	0.000150000000000	1.000000000000000	0.170859375000000	0
55500		-nan	-nan	0.37369	0.30981	0.000150000000000	1.000000000000000	0.170859375000000	0
56000		-nan	-nan	0.37341	0.30969	0.000150000000000	1.000000000000000	0.170859375000000	0
56500		-nan	-nan	0.37372	0.30957	0.000150000000000	1.000000000000000	0.170859375000000	0
57000		-nan	-nan	0.37335	0.30961	0.000150000000000	1.000000000000000	0.170859375000000	0
57500		-nan	-nan	0.37298	0.30957	0.000150000000000	1.000000000000000	0.170859375000000	0
58000		-nan	-nan	0.37286	0.30947	0.000150000000000	1.000000000000000	0.170859375000000	0
58500		-nan	-nan	0.37289	0.30942	0.000150000000000	1.000000000000000	0.170859375000000	0
59000		-nan	-nan	0.37274	0.30929	0.000150000000000	1.000000000000000	0.170859375000000	0
59500		-nan	-nan	0.37255	0.30925	0.000150000000000	1.000000000000000	0.170859375000000	0
60000		-nan	-nan	0.37244	0.30912	0.000150000000000	1.000000000000000	0.170859375000000	0
60500		-nan	-nan	0.37225	0.30910	0.000150000000000	1.000000000000000	0.170859375000000	0
61000		-nan	-nan	0.37226	0.30916	0.000150000000000	1.000000000000000	0.170859375000000	0
61500		-nan	-nan	0.37234	0.30920	0.000150000000000	1.000000000000000	0.170859375000000	0
62000		-nan	-nan	0.37239	0.30928	0.000150000000000	1.000000000000000	0.170859375000000	0
62500		-nan	-nan	0.37251	0.30932	0.000150000000000	1.000000000000000	0.170859375000000	0
63000		-nan	-nan	0.37252	0.30932	0.000150000000000	1.000000000000000	0.170859375000000	0
63500		-nan	-nan	0.37257	0.30926	0.000150000000000	1.000000000000000	0.170859375000000	0
64000		-nan	-nan	0.37230	0.30923	0.000150000000000	1.000000000000000	0.170859375000000	0
64500		-nan	-nan	0.37243	0.30923	0.000150000000000	1.000000000000000	0.170859375000000	0
65000		-nan	-nan	0.37223	0.30915	0.000150000000000	1.000000000000000	0.170859375000000	0
65500		-nan	-nan	0.37215	0.30911	0.000150000000000	1.000000000000000	0.170859375000000	0
66000		-nan	-nan	0.37218	0.30910	0.000150000000000	1.000000000000000	0.170859375000000	0
66500		-nan	-nan	0.37240	0.30907	0.000150000000000	1.000000000000000	0.170859375000000	0
67000		-nan	-nan	0.37274	0.30914	0.000150000000000	1.000000000000000	0.170859375000000	0
67500		-nan	-nan	0.37294	0.30913	0.000150000000000	1.000000000000000	0.170859375000000	0
68000		-nan	-nan	0.37270	0.30914	0.000150000000000	1.000000000000000	0.170859375000000	0
68500		-nan	-nan	0.37258	0.30920	0.000150000000000	1.000000000000000	0.170859375000000	0
69000		-nan	-nan	0.37275	0.30916	0.000150000000000	1.000000000000000	0.170859375000000	0
69500		-nan	-nan	0.37248	0.30911	0.000150000000000	1.000000000000000	0.170859375000000	0
70000		-nan	-nan	0.37217	0.30917	0.000150000000000	1.000000000000000	0.170859375000000	0
70500		-nan	-nan	0.37254	0.30915	0.000150000000000	1.000000000000000	0.170859375000000	0
71000		-nan	-nan	0.37262	0.30913	0.000150000000000	1.000000000000000	0.170859375000000	0
71500		-nan	-nan	0.37254	0.30913	0.000150000000000	1.000000000000000	0.170859375000000	0
72000		-nan	-nan	0.37236	0.30912	0.000150000000000	1.000000000000000	0.170859375000000	0
72500		-nan	-nan	0.37229	0.30910	0.000150000000000	1.000000000000000	0.170859375000000	0
73000		-nan	-nan	0.37212	0.30911	0.000150000000000	1.000000000000000	0.170859375000000	0
73500		-nan	-nan	0.37197	0.30915	0.000150000000000	1.000000000000000	0.170859375000000	0
74000		-nan	-nan	0.37206	0.30916	0.000150000000000	1.000000000000000	0.170859375000000	0
74500		-nan	-nan	0.37224	0.30911	0.000150000000000	1.000000000000000	0.170859375000000	0
75000		-nan	-nan	0.37242	0.30901	0.000150000000000	1.000000000000000	0.170859375000000	0
75500		-nan	-nan	0.37221	0.30897	0.000150000000000	1.000000000000000	0.170859375000000	0
76000		-nan	-nan	0.37228	0.30898	0.000150000000000	1.000000000000000	0.170859375000000	0
76500		-nan	-nan	0.37200	0.30902	0.000150000000000	1.000000000000000	0.170859375000000	0
77000		-nan	-nan	0.37173	0.30896	0.000150000000000	1.000000000000000	0.170859375000000	0
77500		-nan	-nan	0.37153	0.30896	0.000150000000000	1.000000000000000	0.170859375000000	0
78000		-nan	-nan	0.37149	0.30895	0.000150000000000	1.000000000000000	0.170859375000000	0
78500		-nan	-nan	0.37132	0.30898	0.000150000000000	1.000000000000000	0.170859375000000	0
79000		-nan	-nan	0.37125	0.30903	0.000150000000000	1.000000000000000	0.170859375000000	0
79500		-nan	-nan	0.37143	0.30902	0.000150000000000	1.000000000000000	0.170859375000000	0
80000		-nan	-nan	0.37148	0.30902	0.000150000000000	1.000000000000000	0.170859375000000	0
80500		-nan	-nan	0.37165	0.30896	0.000150000000000	1.000000000000000	0.170859375000000	0
81000		-nan	-nan	0.37169	0.30895	0.000150000000000	1.000000000000000	0.170859375000000	0
81500		-nan	-nan	0.37146	0.30891	0.000150000000000	1.000000000000000	0.170859375000000	0
82000		-nan	-nan	0.37121	0.30891	0.000150000000000	1.000000000000000	0.170859375000000	0
82500		-nan	-nan	0.37089	0.30887	0.000150000000000	1.000000000000000	0.170859375000000	0
83000		-nan	-nan	0.37079	0.30886	0.000150000000000	1.000000000000000	0.170859375000000	0
83500		-nan	-nan	0.37076	0.30884	0.000150000000000	1.000000000000000	0.170859375000000	0
84000		-nan	-nan	0.37056	0.30877	0.000150000000000	1.000000000000000	0.170859375000000	0
84500		-nan	-nan	0.37063	0.30877	0.000150000000000	1.000000000000000	0.170859375000000	0
85000		-nan	-nan	0.37054	0.30872	0.000150000000000	1.000000000000000	0.170859375000000	0
85500		-nan	-nan	0.37051	0.30875	0.000150000000000	1.000000000000000	0.170859375000000	0
86000		-nan	-nan	0.37053	0.30871	0.000150000000000	1.000000000000000	0.170859375000000	0
86500		-nan	-nan	0.37071	0.30866	0.000150000000000	1.000000000000000	0.170859375000000	0
87000		-nan	-nan	0.37089	0.30868	0.000150000000000	1.000000000000000	0.170859375000000	0
87500		-nan	-nan	0.37099	0.30866	0.000150000000000	1.000000000000000	0.170859375000000	0
88000		-nan	-nan	0.37111	0.30867	0.000150000000000	1.000000000000000	0.170859375000000	0
88500		-nan	-nan	0.37125	0.30863	0.000150000000000	1.000000000000000	0.170859375000000	0
89000		-nan	-nan	0.37138	0.30865	0.000150000000000	1.000000000000000	0.170859375000000	0
89500		-nan	-nan	0.37133	0.30865	0.000150000000000	1.000000000000000	0.170859375000000	0
90000		-nan	-nan	0.37136	0.30867	0.000150000000000	1.000000000000000	0.170859375000000	0
90500		-nan	-nan	0.37136	0.30867	0.000150000000000	1.000000000000000	0.170859375000000	0
91000		-nan	-nan	0.37119	0.30865	0.000150000000000	1.000000000000000	0.170859375000000	0
91500		-nan	-nan	0.37102	0.30866	0.000150000000000	1.000000000000000	0.170859375000000	0
92000		-nan	-nan	0.37096	0.30868	0.000150000000000	1.000000000000000	0.170859375000000	0
92500		-nan	-nan	0.37102	0.30867	0.000150000000000	1.000000000000000	0.170859375000000	0
93000		-nan	-nan	0.37113	0.30866	0.000150000000000	1.000000000000000	0.170859375000000	0
93500		-nan	-nan	0.37108	0.30859	0.000150000000000	1.000000000000000	0.170859375000000	0
94000		-nan	-nan	0.37093	0.30856	0.000150000000000	1.000000000000000	0.170859375000000	0
94500		-nan	-nan	0.37091	0.30854	0.000150000000000	1.000000000000000	0.170859375000000	0
95000		-nan	-nan	0.37102	0.30852	0.000150000000000	1.000000000000000	0.170859375000000	0
95500		-nan	-nan	0.37099	0.30850	0.000150000000000	1.000000000000000	0.170859375000000	0
96000		-nan	-nan	0.37085	0.30849	0.000150000000000	1.000000000000000	0.170859375000000	0
96500		-nan	-nan	0.37101	0.30850	0.000150000000000	1.000000000000000	0.170859375000000	0
97000		-nan	-nan	0.37111	0.30847	0.000150000000000	1.000000000000000	0.170859375000000	0
97500		-nan	-nan	0.37129	0.30852	0.000150000000000	1.000000000000000	0.170859375000000	0
98000		-nan	-nan	0.37111	0.30849	0.000150000000000	1.000000000000000	0.170859375000000	0
98500		-nan	-nan	0.37100	0.30848	0.000150000000000	1.000000000000000	0.170859375000000	0
99000		-nan	-nan	0.37093	0.30846	0.000150000000000	1.000000000000000	0.170859375000000	0
99500		-nan	-nan	0.37089	0.30845	0.000150000000000	1.000000000000000	0.170859375000000	0
100000		-nan	-nan	0.37109	0.30845	0.000150000000000	1.000000000000000	0.170859375000000	0