step	p_accept_mu1	p_accept_gamma	p_accept_pi	p_accept_Tinf	sigma_mu1	sigma_gamma	sigma_pi	n_like_zero
1		1.00000	1.00000	-nan	1.00000	0.000100000000000	1.000000000000000	0.010000000000000	0
500		1.00000	1.00000	0.94578	0.31027	0.000100000000000	1.000000000000000	0.010000000000000	0
1000		-nan	-nan	0.93200	0.30095	0.000150000000000	1.000000000000000	0.015000000000000	0
1500		-nan	-nan	0.90200	0.29679	0.000150000000000	1.000000000000000	0.022500000000000	0
2000		-nan	-nan	0.89200	0.29803	0.000150000000000	1.000000000000000	0.033750000000000	0
2500		-nan	-nan	0.82400	0.29619	0.000150000000000	1.000000000000000	0.050625000000000	0
3000		-nan	-nan	0.74200	0.29590	0.000150000000000	1.000000000000000	0.075937500000000	0
3500		-nan	-nan	0.67400	0.29545	0.000150000000000	1.000000000000000	0.113906250000000	0
4000		-nan	-nan	0.49000	0.29579	0.000150000000000	1.000000000000000	0.170859375000000	0
4500		-nan	-nan	0.50000	0.29503	0.000150000000000	1.000000000000000	0.170859375000000	0
5000		-nan	-nan	0.50333	0.29533	0.000150000000000	1.000000000000000	0.170859375000000	0
5500		-nan	-nan	0.51500	0.29543	0.000150000000000	1.000000000000000	0.170859375000000	0
6000		-nan	-nan	0.51480	0.29542	0.000150000000000	1.000000000000000	0.170859375000000	0
6500		-nan	-nan	0.52033	0.29424	0.000150000000000	1.000000000000000	0.170859375000000	0
7000		-nan	-nan	0.52286	0.29387	0.000150000000000	1.000000000000000	0.170859375000000	0
7500		-nan	-nan	0.52300	0.29401	0.000150000000000	1.000000000000000	0.170859375000000	0
8000		-nan	-nan	0.52244	0.29370	0.000150000000000	1.000000000000000	0.170859375000000	0
8500		-nan	-nan	0.52200	0.29338	0.000150000000000	1.000000000000000	0.170859375000000	0
9000		-nan	-nan	0.52218	0.29294	0.000150000000000	1.000000000000000	0.170859375000000	0
9500		-nan	-nan	0.52300	0.29292	0.000150000000000	1.000000000000000	0.170859375000000	0
10000		-nan	-nan	0.52046	0.29285	0.000150000000000	1.000000000000000	0.170859375000000	0
10500		-nan	-nan	0.52029	0.29318	0.000150000000000	1.000000000000000	0.170859375000000	0
11000		-nan	-nan	0.52160	0.29310	0.000150000000000	1.000000000000000	0.170859375000000	0
11500		-nan	-nan	0.52312	0.29313	0.000150000000000	1.000000000000000	0.170859375000000	0
12000		-nan	-nan	0.52176	0.29320	0.000150000000000	1.000000000000000	0.170859375000000	0
12500		-nan	-nan	0.52011	0.29284	0.000150000000000	1.000000000000000	0.170859375000000	0
13000		-nan	-nan	0.52189	0.29296	0.000150000000000	1.000000000000000	0.170859375000000	0
13500		-nan	-nan	0.52250	0.29272	0.000150000000000	1.000000000000000	0.170859375000000	0
14000		-nan	-nan	0.52114	0.29244	0.000150000000000	1.000000000000000	0.170859375000000	0
14500		-nan	-nan	0.52336	0.29266	0.000150000000000	1.000000000000000	0.170859375000000	0
15000		-nan	-nan	0.52513	0.29286	0.000150000000000	1.000000000000000	0.170859375000000	0
15500		-nan	-nan	0.52517	0.29216	0.000150000000000	1.000000000000000	0.170859375000000	0
16000		-nan	-nan	0.52760	0.29232	0.000150000000000	1.000000000000000	0.170859375000000	0
16500		-nan	-nan	0.52746	0.29298	0.000150000000000	1.000000000000000	0.170859375000000	0
17000		-nan	-nan	0.52770	0.29284	0.000150000000000	1.000000000000000	0.170859375000000	0
17500		-nan	-nan	0.52807	0.29263	0.000150000000000	1.000000000000000	0.170859375000000	0
18000		-nan	-nan	0.52759	0.29248	0.000150000000000	1.000000000000000	0.170859375000000	0
18500		-nan	-nan	0.52713	0.29232	0.000150000000000	1.000000000000000	0.170859375000000	0
19000		-nan	-nan	0.52794	0.29241	0.000150000000000	1.000000000000000	0.170859375000000	0
19500		-nan	-nan	0.52775	0.29243	0.000150000000000	1.000000000000000	0.170859375000000	0
20000		-nan	-nan	0.52848	0.29260	0.000150000000000	1.000000000000000	0.170859375000000	0
20500		-nan	-nan	0.52812	0.29261	0.000150000000000	1.000000000000000	0.170859375000000	0
21000		-nan	-nan	0.52789	0.29262	0.000150000000000	1.000000000000000	0.170859375000000	0
21500		-nan	-nan	0.52811	0.29270	0.000150000000000	1.000000000000000	0.170859375000000	0
22000		-nan	-nan	0.52805	0.29259	0.000150000000000	1.000000000000000	0.170859375000000	0
22500		-nan	-nan	0.52842	0.29287	0.000150000000000	1.000000000000000	0.170859375000000	0
23000		-nan	-nan	0.52738	0.29291	0.000150000000000	1.000000000000000	0.170859375000000	0
23500		-nan	-nan	0.52620	0.29287	0.000150000000000	1.000000000000000	0.170859375000000	0
24000		-nan	-nan	0.52654	0.29275	0.000150000000000	1.000000000000000	0.170859375000000	0
24500		-nan	-nan	0.52657	0.29289	0.000150000000000	1.000000000000000	0.170859375000000	0
25000		-nan	-nan	0.52749	0.29313	0.000150000000000	1.000000000000000	0.170859375000000	0
25500		-nan	-nan	0.52709	0.29297	0.000150000000000	1.000000000000000	0.170859375000000	0
26000		-nan	-nan	0.52809	0.29285	0.000150000000000	1.000000000000000	0.170859375000000	0
26500		-nan	-nan	0.52904	0.29297	0.000150000000000	1.000000000000000	0.170859375000000	0
27000		-nan	-nan	0.52762	0.29319	0.000150000000000	1.000000000000000	0.170859375000000	0
27500		-nan	-nan	0.52842	0.29304	0.000150000000000	1.000000000000000	0.170859375000000	0
28000		-nan	-nan	0.52800	0.29283	0.000150000000000	1.000000000000000	0.170859375000000	0
28500		-nan	-nan	0.52712	0.29254	0.000150000000000	1.000000000000000	0.170859375000000	0
29000		-nan	-nan	0.52733	0.29246	0.000150000000000	1.000000000000000	0.170859375000000	0
29500		-nan	-nan	0.52735	0.29250	0.000150000000000	1.000000000000000	0.170859375000000	0
30000		-nan	-nan	0.52732	0.29259	0.000150000000000	1.000000000000000	0.170859375000000	0
30500		-nan	-nan	0.52748	0.29268	0.000150000000000	1.000000000000000	0.170859375000000	0
31000		-nan	-nan	0.52665	0.29286	0.000150000000000	1.000000000000000	0.170859375000000	0
31500		-nan	-nan	0.52632	0.29297	0.000150000000000	1.000000000000000	0.170859375000000	0
32000		-nan	-nan	0.52646	0.29287	0.000150000000000	1.000000000000000	0.170859375000000	0
32500		-nan	-nan	0.52610	0.29267	0.000150000000000	1.000000000000000	0.170859375000000	0
33000		-nan	-nan	0.52624	0.29249	0.000150000000000	1.000000000000000	0.170859375000000	0
33500		-nan	-nan	0.52643	0.29243	0.000150000000000	1.000000000000000	0.170859375000000	0
34000		-nan	-nan	0.52695	0.29212	0.000150000000000	1.000000000000000	0.170859375000000	0
34500		-nan	-nan	0.52674	0.29219	0.000150000000000	1.000000000000000	0.170859375000000	0
35000		-nan	-nan	0.52663	0.29200	0.000150000000000	1.000000000000000	0.170859375000000	0
35500		-nan	-nan	0.52644	0.29190	0.000150000000000	1.000000000000000	0.170859375000000	0
36000		-nan	-nan	0.52631	0.29186	0.000150000000000	1.000000000000000	0.170859375000000	0
36500		-nan	-nan	0.52567	0.29176	0.000150000000000	1.000000000000000	0.170859375000000	0
37000		-nan	-nan	0.52531	0.29176	0.000150000000000	1.000000000000000	0.170859375000000	0
37500		-nan	-nan	0.52544	0.29179	0.000150000000000	1.000000000000000	0.170859375000000	0
38000		-nan	-nan	0.52562	0.29191	0.000150000000000	1.000000000000000	0.170859375000000	0
38500		-nan	-nan	0.52574	0.29200	0.000150000000000	1.000000000000000	0.170859375000000	0
39000		-nan	-nan	0.52597	0.29198	0.000150000000000	1.000000000000000	0.170859375000000	0
39500		-nan	-nan	0.52608	0.29202	0.000150000000000	1.000000000000000	0.170859375000000	0
40000		-nan	-nan	0.52608	0.29185	0.000150000000000	1.000000000000000	0.170859375000000	0
40500		-nan	-nan	0.52595	0.29158	0.000150000000000	1.000000000000000	0.170859375000000	0
41000		-nan	-nan	0.52611	0.29169	0.000150000000000	1.000000000000000	0.170859375000000	0
41500		-nan	-nan	0.52587	0.29169	0.000150000000000	1.000000000000000	0.170859375000000	0
42000		-nan	-nan	0.52535	0.29158	0.000150000000000	1.000000000000000	0.170859375000000	0
42500		-nan	-nan	0.52544	0.29153	0.000150000000000	1.000000000000000	0.170859375000000	0
43000		-nan	-nan	0.52557	0.29156	0.000150000000000	1.000000000000000	0.170859375000000	0
43500		-nan	-nan	0.52565	0.29151	0.000150000000000	1.000000000000000	0.170859375000000	0
44000		-nan	-nan	0.52610	0.29150	0.000150000000000	1.000000000000000	0.170859375000000	0
44500		-nan	-nan	0.52620	0.29150	0.000150000000000	1.000000000000000	0.170859375000000	0
45000		-nan	-nan	0.52612	0.29142	0.000150000000000	1.000000000000000	0.170859375000000	0
45500		-nan	-nan	0.52619	0.29146	0.000150000000000	1.000000000000000	0.170859375000000	0
46000		-nan	-nan	0.52586	0.29150	0.000150000000000	1.000000000000000	0.170859375000000	0
46500		-nan	-nan	0.52551	0.29150	0.000150000000000	1.000000000000000	0.170859375000000	0
47000		-nan	-nan	0.52600	0.29148	0.000150000000000	1.000000000000000	0.170859375000000	0
47500		-nan	-nan	0.52575	0.29135	0.000150000000000	1.000000000000000	0.170859375000000	0
48000		-nan	-nan	0.52643	0.29146	0.000150000000000	1.000000000000000	0.170859375000000	0
48500		-nan	-nan	0.52676	0.29153	0.000150000000000	1.000000000000000	0.170859375000000	0
49000		-nan	-nan	0.52703	0.29164	0.000150000000000	1.000000000000000	0.170859375000000	0
49500		-nan	-nan	0.52765	0.29167	0.000150000000000	1.000000000000000	0.170859375000000	0
50000		-nan	-nan	0.52759	0.29170	0.000150000000000	1.000000000000000	0.170859375000000	0
50500		-nan	-nan	0.52723	0.29166	0.000150000000000	1.000000000000000	0.170859375000000	0
51000		-nan	-nan	0.52752	0.29173	0.000150000000000	1.000000000000000	0.170859375000000	0
51500		-nan	-nan	0.52744	0.29175	0.000150000000000	1.000000000000000	0.170859375000000	0
52000		-nan	-nan	0.52722	0.29165	0.000150000000000	1.000000000000000	0.170859375000000	0
52500		-nan	-nan	0.52720	0.29172	0.000150000000000	1.000000000000000	0.170859375000000	0
53000		-nan	-nan	0.52687	0.29180	0.000150000000000	1.000000000000000	0.170859375000000	0
53500		-nan	-nan	0.52702	0.29184	0.000150000000000	1.000000000000000	0.170859375000000	0
54000		-nan	-nan	0.52707	0.29188	0.000150000000000	1.000000000000000	0.170859375000000	0
54500		-nan	-nan	0.52710	0.29197	0.000150000000000	1.000000000000000	0.170859375000000	0
55000		-nan	-nan	0.52740	0.29207	0.000150000000000	1.000000000000000	0.170859375000000	0
55500		-nan	-nan	0.52696	0.29213	0.000150000000000	1.000000000000000	0.170859375000000	0
56000		-nan	-nan	0.52667	0.29223	0.000150000000000	1.000000000000000	0.170859375000000	0
56500		-nan	-nan	0.52704	0.29222	0.000150000000000	1.000000000000000	0.170859375000000	0
57000		-nan	-nan	0.52675	0.29229	0.000150000000000	1.000000000000000	0.170859375000000	0
57500		-nan	-nan	0.52698	0.29227	0.000150000000000	1.000000000000000	0.170859375000000	0
58000		-nan	-nan	0.52675	0.29222	0.000150000000000	1.000000000000000	0.170859375000000	0
58500		-nan	-nan	0.52689	0.29218	0.000150000000000	1.000000000000000	0.170859375000000	0
59000		-nan	-nan	0.52712	0.29210	0.000150000000000	1.000000000000000	0.170859375000000	0
59500		-nan	-nan	0.52707	0.29204	0.000150000000000	1.000000000000000	0.170859375000000	0
60000		-nan	-nan	0.52701	0.29199	0.000150000000000	1.000000000000000	0.170859375000000	0
60500		-nan	-nan	0.52707	0.29198	0.000150000000000	1.000000000000000	0.170859375000000	0
61000		-nan	-nan	0.52697	0.29183	0.000150000000000	1.000000000000000	0.170859375000000	0
61500		-nan	-nan	0.52726	0.29174	0.000150000000000	1.000000000000000	0.170859375000000	0
62000		-nan	-nan	0.52709	0.29171	0.000150000000000	1.000000000000000	0.170859375000000	0
62500		-nan	-nan	0.52690	0.29171	0.000150000000000	1.000000000000000	0.170859375000000	0
63000		-nan	-nan	0.52672	0.29170	0.000150000000000	1.000000000000000	0.170859375000000	0
63500		-nan	-nan	0.52663	0.29170	0.000150000000000	1.000000000000000	0.170859375000000	0
64000		-nan	-nan	0.52656	0.29177	0.000150000000000	1.000000000000000	0.170859375000000	0
64500		-nan	-nan	0.52633	0.29183	0.000150000000000	1.000000000000000	0.170859375000000	0
65000		-nan	-nan	0.52603	0.29190	0.000150000000000	1.000000000000000	0.170859375000000	0
65500		-nan	-nan	0.52585	0.29184	0.000150000000000	1.000000000000000	0.170859375000000	0
66000		-nan	-nan	0.52597	0.29177	0.000150000000000	1.000000000000000	0.170859375000000	0
66500		-nan	-nan	0.52570	0.29177	0.000150000000000	1.000000000000000	0.170859375000000	0
67000		-nan	-nan	0.52521	0.29174	0.000150000000000	1.000000000000000	0.170859375000000	0
67500		-nan	-nan	0.52495	0.29168	0.000150000000000	1.000000000000000	0.170859375000000	0
68000		-nan	-nan	0.52487	0.29168	0.000150000000000	1.000000000000000	0.170859375000000	0
68500		-nan	-nan	0.52480	0.29163	0.000150000000000	1.000000000000000	0.170859375000000	0
69000		-nan	-nan	0.52479	0.29152	0.000150000000000	1.000000000000000	0.170859375000000	0
69500		-nan	-nan	0.52465	0.29155	0.000150000000000	1.000000000000000	0.170859375000000	0
70000		-nan	-nan	0.52465	0.29146	0.000150000000000	1.000000000000000	0.170859375000000	0
70500		-nan	-nan	0.52481	0.29137	0.000150000000000	1.000000000000000	0.170859375000000	0
71000		-nan	-nan	0.52480	0.29138	0.000150000000000	1.000000000000000	0.170859375000000	0
71500		-nan	-nan	0.52497	0.29138	0.000150000000000	1.000000000000000	0.170859375000000	0
72000		-nan	-nan	0.52508	0.29129	0.000150000000000	1.000000000000000	0.170859375000000	0
72500		-nan	-nan	0.52493	0.29124	0.000150000000000	1.000000000000000	0.170859375000000	0
73000		-nan	-nan	0.52509	0.29125	0.000150000000000	1.000000000000000	0.170859375000000	0
73500		-nan	-nan	0.52509	0.29127	0.000150000000000	1.000000000000000	0.170859375000000	0
74000		-nan	-nan	0.52509	0.29121	0.000150000000000	1.000000000000000	0.170859375000000	0
74500		-nan	-nan	0.52475	0.29119	0.000150000000000	1.000000000000000	0.170859375000000	0
75000		-nan	-nan	0.52446	0.29119	0.000150000000000	1.000000000000000	0.170859375000000	0
75500		-nan	-nan	0.52424	0.29115	0.000150000000000	1.000000000000000	0.170859375000000	0
76000		-nan	-nan	0.52410	0.29113	0.000150000000000	1.000000000000000	0.170859375000000	0
76500		-nan	-nan	0.52408	0.29112	0.000150000000000	1.000000000000000	0.170859375000000	0
77000		-nan	-nan	0.52390	0.29113	0.000150000000000	1.000000000000000	0.170859375000000	0
77500		-nan	-nan	0.52388	0.29114	0.000150000000000	1.000000000000000	0.170859375000000	0
78000		-nan	-nan	0.52365	0.29113	0.000150000000000	1.000000000000000	0.170859375000000	0
78500		-nan	-nan	0.52360	0.29114	0.000150000000000	1.000000000000000	0.170859375000000	0
79000		-nan	-nan	0.52366	0.29116	0.000150000000000	1.000000000000000	0.170859375000000	0
79500		-nan	-nan	0.52368	0.29121	0.000150000000000	1.000000000000000	0.170859375000000	0
80000		-nan	-nan	0.52407	0.29125	0.000150000000000	1.000000000000000	0.170859375000000	0
80500		-nan	-nan	0.52436	0.29124	0.000150000000000	1.000000000000000	0.170859375000000	0
81000		-nan	-nan	0.52445	0.29128	0.000150000000000	1.000000000000000	0.170859375000000	0
81500		-nan	-nan	0.52427	0.29129	0.000150000000000	1.000000000000000	0.170859375000000	0
82000		-nan	-nan	0.52411	0.29120	0.000150000000000	1.000000000000000	0.170859375000000	0
82500		-nan	-nan	0.52419	0.29128	0.000150000000000	1.000000000000000	0.170859375000000	0
83000		-nan	-nan	0.52404	0.29122	0.000150000000000	1.000000000000000	0.170859375000000	0
83500		-nan	-nan	0.52405	0.29129	0.000150000000000	1.000000000000000	0.170859375000000	0
84000		-nan	-nan	0.52405	0.29134	0.000150000000000	1.000000000000000	0.170859375000000	0
84500		-nan	-nan	0.52410	0.29131	0.000150000000000	1.000000000000000	0.170859375000000	0
85000		-nan	-nan	0.52436	0.29139	0.000150000000000	1.000000000000000	0.170859375000000	0
85500		-nan	-nan	0.52418	0.29141	0.000150000000000	1.000000000000000	0.170859375000000	0
86000		-nan	-nan	0.52405	0.29142	0.000150000000000	1.000000000000000	0.170859375000000	0
86500		-nan	-nan	0.52388	0.29141	0.000150000000000	1.000000000000000	0.170859375000000	0
87000		-nan	-nan	0.52392	0.29144	0.000150000000000	1.000000000000000	0.170859375000000	0
87500		-nan	-nan	0.52405	0.29150	0.000150000000000	1.000000000000000	0.170859375000000	0
88000		-nan	-nan	0.52418	0.29159	0.000150000000000	1.000000000000000	0.170859375000000	0
88500		-nan	-nan	0.52404	0.29173	0.000150000000000	1.000000000000000	0.170859375000000	0
89000		-nan	-nan	0.52416	0.29175	0.000150000000000	1.000000000000000	0.170859375000000	0
89500		-nan	-nan	0.52412	0.29166	0.000150000000000	1.000000000000000	0.170859375000000	0
90000		-nan	-nan	0.52385	0.29163	0.000150000000000	1.000000000000000	0.170859375000000	0
90500		-nan	-nan	0.52377	0.29165	0.000150000000000	1.000000000000000	0.170859375000000	0
91000		-nan	-nan	0.52381	0.29166	0.000150000000000	1.000000000000000	0.170859375000000	0
91500		-nan	-nan	0.52402	0.29169	0.000150000000000	1.000000000000000	0.170859375000000	0
92000		-nan	-nan	0.52395	0.29174	0.000150000000000	1.000000000000000	0.170859375000000	0
92500		-nan	-nan	0.52392	0.29171	0.000150000000000	1.000000000000000	0.170859375000000	0
93000		-nan	-nan	0.52398	0.29178	0.000150000000000	1.000000000000000	0.170859375000000	0
93500		-nan	-nan	0.52387	0.29179	0.000150000000000	1.000000000000000	0.170859375000000	0
94000		-nan	-nan	0.52407	0.29190	0.000150000000000	1.000000000000000	0.170859375000000	0
94500		-nan	-nan	0.52410	0.29194	0.000150000000000	1.000000000000000	0.170859375000000	0
95000		-nan	-nan	0.52404	0.29194	0.000150000000000	1.000000000000000	0.170859375000000	0
95500		-nan	-nan	0.52410	0.29189	0.000150000000000	1.000000000000000	0.170859375000000	0
96000		-nan	-nan	0.52429	0.29192	0.000150000000000	1.000000000000000	0.170859375000000	0
96500		-nan	-nan	0.52409	0.29194	0.000150000000000	1.000000000000000	0.170859375000000	0
97000		-nan	-nan	0.52398	0.29201	0.000150000000000	1.000000000000000	0.170859375000000	0
97500		-nan	-nan	0.52400	0.29197	0.000150000000000	1.000000000000000	0.170859375000000	0
98000		-nan	-nan	0.52397	0.29198	0.000150000000000	1.000000000000000	0.170859375000000	0
98500		-nan	-nan	0.52411	0.29192	0.000150000000000	1.000000000000000	0.170859375000000	0
99000		-nan	-nan	0.52405	0.29191	0.000150000000000	1.000000000000000	0.170859375000000	0
99500		-nan	-nan	0.52405	0.29190	0.000150000000000	1.000000000000000	0.170859375000000	0
100000		-nan	-nan	0.52409	0.29192	0.000150000000000	1.000000000000000	0.170859375000000	0