step	p_accept_mu1	p_accept_gamma	p_accept_pi	p_accept_Tinf	sigma_mu1	sigma_gamma	sigma_pi	n_like_zero
1		1.00000	1.00000	1.00000	1.00000	0.000100000000000	1.000000000000000	0.010000000000000	0
500		1.00000	1.00000	1.00000	0.38448	0.000100000000000	1.000000000000000	0.010000000000000	0
1000		-nan	-nan	0.93200	0.40998	0.000150000000000	1.000000000000000	0.015000000000000	0
1500		-nan	-nan	0.95600	0.41952	0.000150000000000	1.000000000000000	0.022500000000000	0
2000		-nan	-nan	0.93000	0.42335	0.000150000000000	1.000000000000000	0.033750000000000	0
2500		-nan	-nan	0.91200	0.42700	0.000150000000000	1.000000000000000	0.050625000000000	0
3000		-nan	-nan	0.84000	0.42824	0.000150000000000	1.000000000000000	0.075937500000000	0
3500		-nan	-nan	0.79000	0.42820	0.000150000000000	1.000000000000000	0.113906250000000	0
4000		-nan	-nan	0.72800	0.42693	0.000150000000000	1.000000000000000	0.170859375000000	0
4500		-nan	-nan	0.54800	0.42582	0.000150000000000	1.000000000000000	0.256289062500000	0
5000		-nan	-nan	0.40600	0.42413	0.000150000000000	1.000000000000000	0.384433593750000	0
5500		-nan	-nan	0.42200	0.42319	0.000150000000000	1.000000000000000	0.384433593750000	0
6000		-nan	-nan	0.43467	0.42068	0.000150000000000	1.000000000000000	0.384433593750000	0
6500		-nan	-nan	0.42800	0.41769	0.000150000000000	1.000000000000000	0.384433593750000	0
7000		-nan	-nan	0.42720	0.41427	0.000150000000000	1.000000000000000	0.384433593750000	0
7500		-nan	-nan	0.43033	0.41118	0.000150000000000	1.000000000000000	0.384433593750000	0
8000		-nan	-nan	0.43029	0.40883	0.000150000000000	1.000000000000000	0.384433593750000	0
8500		-nan	-nan	0.43575	0.40685	0.000150000000000	1.000000000000000	0.384433593750000	0
9000		-nan	-nan	0.43356	0.40481	0.000150000000000	1.000000000000000	0.384433593750000	0
9500		-nan	-nan	0.43160	0.40394	0.000150000000000	1.000000000000000	0.384433593750000	0
10000		-nan	-nan	0.43073	0.40340	0.000150000000000	1.000000000000000	0.384433593750000	0
10500		-nan	-nan	0.43033	0.40168	0.000150000000000	1.000000000000000	0.384433593750000	0
11000		-nan	-nan	0.42877	0.39946	0.000150000000000	1.000000000000000	0.384433593750000	0
11500		-nan	-nan	0.42743	0.39895	0.000150000000000	1.000000000000000	0.384433593750000	0
12000		-nan	-nan	0.43067	0.39841	0.000150000000000	1.000000000000000	0.384433593750000	0
12500		-nan	-nan	0.42875	0.39732	0.000150000000000	1.000000000000000	0.384433593750000	0
13000		-nan	-nan	0.42976	0.39614	0.000150000000000	1.000000000000000	0.384433593750000	0
13500		-nan	-nan	0.43156	0.39531	0.000150000000000	1.000000000000000	0.384433593750000	0
14000		-nan	-nan	0.43200	0.39473	0.000150000000000	1.000000000000000	0.384433593750000	0
14500		-nan	-nan	0.42960	0.39361	0.000150000000000	1.000000000000000	0.384433593750000	0
15000		-nan	-nan	0.43057	0.39260	0.000150000000000	1.000000000000000	0.384433593750000	0
15500		-nan	-nan	0.43145	0.39127	0.000150000000000	1.000000000000000	0.384433593750000	0
16000		-nan	-nan	0.43009	0.39050	0.000150000000000	1.000000000000000	0.384433593750000	0
16500		-nan	-nan	0.42883	0.39004	0.000150000000000	1.000000000000000	0.384433593750000	0
17000		-nan	-nan	0.42936	0.38958	0.000150000000000	1.000000000000000	0.384433593750000	0
17500		-nan	-nan	0.43085	0.38966	0.000150000000000	1.000000000000000	0.384433593750000	0
18000		-nan	-nan	0.42911	0.38956	0.000150000000000	1.000000000000000	0.384433593750000	0
18500		-nan	-nan	0.42779	0.38876	0.000150000000000	1.000000000000000	0.384433593750000	0
19000		-nan	-nan	0.42738	0.38816	0.000150000000000	1.000000000000000	0.384433593750000	0
19500		-nan	-nan	0.42613	0.38767	0.000150000000000	1.000000000000000	0.384433593750000	0
20000		-nan	-nan	0.42510	0.38714	0.000150000000000	1.000000000000000	0.384433593750000	0
20500		-nan	-nan	0.42588	0.38653	0.000150000000000	1.000000000000000	0.384433593750000	0
21000		-nan	-nan	0.42606	0.38616	0.000150000000000	1.000000000000000	0.384433593750000	0
21500		-nan	-nan	0.42565	0.38587	0.000150000000000	1.000000000000000	0.384433593750000	0
22000		-nan	-nan	0.42571	0.38539	0.000150000000000	1.000000000000000	0.384433593750000	0
22500		-nan	-nan	0.42506	0.38518	0.000150000000000	1.000000000000000	0.384433593750000	0
23000		-nan	-nan	0.42465	0.38502	0.000150000000000	1.000000000000000	0.384433593750000	0
23500		-nan	-nan	0.42432	0.38514	0.000150000000000	1.000000000000000	0.384433593750000	0
24000		-nan	-nan	0.42374	0.38533	0.000150000000000	1.000000000000000	0.384433593750000	0
24500		-nan	-nan	0.42345	0.38555	0.000150000000000	1.000000000000000	0.384433593750000	0
25000		-nan	-nan	0.42390	0.38550	0.000150000000000	1.000000000000000	0.384433593750000	0
25500		-nan	-nan	0.42329	0.38540	0.000150000000000	1.000000000000000	0.384433593750000	0
26000		-nan	-nan	0.42265	0.38521	0.000150000000000	1.000000000000000	0.384433593750000	0
26500		-nan	-nan	0.42227	0.38486	0.000150000000000	1.000000000000000	0.384433593750000	0
27000		-nan	-nan	0.42173	0.38505	0.000150000000000	1.000000000000000	0.384433593750000	0
27500		-nan	-nan	0.42148	0.38459	0.000150000000000	1.000000000000000	0.384433593750000	0
28000		-nan	-nan	0.42140	0.38421	0.000150000000000	1.000000000000000	0.384433593750000	0
28500		-nan	-nan	0.42063	0.38394	0.000150000000000	1.000000000000000	0.384433593750000	0
29000		-nan	-nan	0.42016	0.38323	0.000150000000000	1.000000000000000	0.384433593750000	0
29500		-nan	-nan	0.42028	0.38251	0.000150000000000	1.000000000000000	0.384433593750000	0
30000		-nan	-nan	0.42035	0.38209	0.000150000000000	1.000000000000000	0.384433593750000	0
30500		-nan	-nan	0.41950	0.38175	0.000150000000000	1.000000000000000	0.384433593750000	0
31000		-nan	-nan	0.41917	0.38159	0.000150000000000	1.000000000000000	0.384433593750000	0
31500		-nan	-nan	0.41941	0.38120	0.000150000000000	1.000000000000000	0.384433593750000	0
32000		-nan	-nan	0.41924	0.38071	0.000150000000000	1.000000000000000	0.384433593750000	0
32500		-nan	-nan	0.41886	0.38045	0.000150000000000	1.000000000000000	0.384433593750000	0
33000		-nan	-nan	0.41870	0.38015	0.000150000000000	1.000000000000000	0.384433593750000	0
33500		-nan	-nan	0.41793	0.37954	0.000150000000000	1.000000000000000	0.384433593750000	0
34000		-nan	-nan	0.41753	0.37943	0.000150000000000	1.000000000000000	0.384433593750000	0
34500		-nan	-nan	0.41750	0.37898	0.000150000000000	1.000000000000000	0.384433593750000	0
35000		-nan	-nan	0.41666	0.37867	0.000150000000000	1.000000000000000	0.384433593750000	0
35500		-nan	-nan	0.41597	0.37829	0.000150000000000	1.000000000000000	0.384433593750000	0
36000		-nan	-nan	0.41546	0.37797	0.000150000000000	1.000000000000000	0.384433593750000	0
36500		-nan	-nan	0.41541	0.37782	0.000150000000000	1.000000000000000	0.384433593750000	0
37000		-nan	-nan	0.41483	0.37744	0.000150000000000	1.000000000000000	0.384433593750000	0
37500		-nan	-nan	0.41421	0.37711	0.000150000000000	1.000000000000000	0.384433593750000	0
38000		-nan	-nan	0.41400	0.37675	0.000150000000000	1.000000000000000	0.384433593750000	0
38500		-nan	-nan	0.41374	0.37644	0.000150000000000	1.000000000000000	0.384433593750000	0
39000		-nan	-nan	0.41374	0.37630	0.000150000000000	1.000000000000000	0.384433593750000	0
39500		-nan	-nan	0.41320	0.37597	0.000150000000000	1.000000000000000	0.384433593750000	0
40000		-nan	-nan	0.41259	0.37578	0.000150000000000	1.000000000000000	0.384433593750000	0
40500		-nan	-nan	0.41214	0.37551	0.000150000000000	1.000000000000000	0.384433593750000	0
41000		-nan	-nan	0.41110	0.37508	0.000150000000000	1.000000000000000	0.384433593750000	0
41500		-nan	-nan	0.41095	0.37498	0.000150000000000	1.000000000000000	0.384433593750000	0
42000		-nan	-nan	0.41053	0.37483	0.000150000000000	1.000000000000000	0.384433593750000	0
42500		-nan	-nan	0.40984	0.37462	0.000150000000000	1.000000000000000	0.384433593750000	0
43000		-nan	-nan	0.40943	0.37436	0.000150000000000	1.000000000000000	0.384433593750000	0
43500		-nan	-nan	0.40903	0.37413	0.000150000000000	1.000000000000000	0.384433593750000	0
44000		-nan	-nan	0.40876	0.37402	0.000150000000000	1.000000000000000	0.384433593750000	0
44500		-nan	-nan	0.40877	0.37371	0.000150000000000	1.000000000000000	0.384433593750000	0
45000		-nan	-nan	0.40864	0.37356	0.000150000000000	1.000000000000000	0.384433593750000	0
45500		-nan	-nan	0.40837	0.37336	0.000150000000000	1.000000000000000	0.384433593750000	0
46000		-nan	-nan	0.40819	0.37318	0.000150000000000	1.000000000000000	0.384433593750000	0
46500		-nan	-nan	0.40802	0.37300	0.000150000000000	1.000000000000000	0.384433593750000	0
47000		-nan	-nan	0.40859	0.37296	0.000150000000000	1.000000000000000	0.384433593750000	0
47500		-nan	-nan	0.40826	0.37274	0.000150000000000	1.000000000000000	0.384433593750000	0
48000		-nan	-nan	0.40844	0.37265	0.000150000000000	1.000000000000000	0.384433593750000	0
48500		-nan	-nan	0.40845	0.37253	0.000150000000000	1.000000000000000	0.384433593750000	0
49000		-nan	-nan	0.40849	0.37237	0.000150000000000	1.000000000000000	0.384433593750000	0
49500		-nan	-nan	0.40818	0.37228	0.000150000000000	1.000000000000000	0.384433593750000	0
50000		-nan	-nan	0.40793	0.37225	0.000150000000000	1.000000000000000	0.384433593750000	0
50500		-nan	-nan	0.40800	0.37210	0.000150000000000	1.000000000000000	0.384433593750000	0
51000		-nan	-nan	0.40809	0.37197	0.000150000000000	1.000000000000000	0.384433593750000	0
51500		-nan	-nan	0.40845	0.37180	0.000150000000000	1.000000000000000	0.384433593750000	0
52000		-nan	-nan	0.40867	0.37174	0.000150000000000	1.000000000000000	0.384433593750000	0
52500		-nan	-nan	0.40846	0.37163	0.000150000000000	1.000000000000000	0.384433593750000	0
53000		-nan	-nan	0.40827	0.37160	0.000150000000000	1.000000000000000	0.384433593750000	0
53500		-nan	-nan	0.40790	0.37143	0.000150000000000	1.000000000000000	0.384433593750000	0
54000		-nan	-nan	0.40772	0.37133	0.000150000000000	1.000000000000000	0.384433593750000	0
54500		-nan	-nan	0.40764	0.37105	0.000150000000000	1.000000000000000	0.384433593750000	0
55000		-nan	-nan	0.40788	0.37080	0.000150000000000	1.000000000000000	0.384433593750000	0
55500		-nan	-nan	0.40743	0.37063	0.000150000000000	1.000000000000000	0.384433593750000	0
56000		-nan	-nan	0.40722	0.37035	0.000150000000000	1.000000000000000	0.384433593750000	0
56500		-nan	-nan	0.40706	0.37026	0.000150000000000	1.000000000000000	0.384433593750000	0
57000		-nan	-nan	0.40720	0.37012	0.000150000000000	1.000000000000000	0.384433593750000	0
57500		-nan	-nan	0.40698	0.36990	0.000150000000000	1.000000000000000	0.384433593750000	0
58000		-nan	-nan	0.40665	0.36974	0.000150000000000	1.000000000000000	0.384433593750000	0
58500		-nan	-nan	0.40681	0.36953	0.000150000000000	1.000000000000000	0.384433593750000	0
59000		-nan	-nan	0.40690	0.36924	0.000150000000000	1.000000000000000	0.384433593750000	0
59500		-nan	-nan	0.40705	0.36919	0.000150000000000	1.000000000000000	0.384433593750000	0
60000		-nan	-nan	0.40685	0.36901	0.000150000000000	1.000000000000000	0.384433593750000	0
60500		-nan	-nan	0.40671	0.36887	0.000150000000000	1.000000000000000	0.384433593750000	0
61000		-nan	-nan	0.40642	0.36862	0.000150000000000	1.000000000000000	0.384433593750000	0
61500		-nan	-nan	0.40646	0.36834	0.000150000000000	1.000000000000000	0.384433593750000	0
62000		-nan	-nan	0.40612	0.36810	0.000150000000000	1.000000000000000	0.384433593750000	0
62500		-nan	-nan	0.40593	0.36789	0.000150000000000	1.000000000000000	0.384433593750000	0
63000		-nan	-nan	0.40581	0.36775	0.000150000000000	1.000000000000000	0.384433593750000	0
63500		-nan	-nan	0.40595	0.36760	0.000150000000000	1.000000000000000	0.384433593750000	0
64000		-nan	-nan	0.40620	0.36744	0.000150000000000	1.000000000000000	0.384433593750000	0
64500		-nan	-nan	0.40597	0.36730	0.000150000000000	1.000000000000000	0.384433593750000	0
65000		-nan	-nan	0.40560	0.36717	0.000150000000000	1.000000000000000	0.384433593750000	0
65500		-nan	-nan	0.40526	0.36710	0.000150000000000	1.000000000000000	0.384433593750000	0
66000		-nan	-nan	0.40520	0.36696	0.000150000000000	1.000000000000000	0.384433593750000	0
66500		-nan	-nan	0.40511	0.36686	0.000150000000000	1.000000000000000	0.384433593750000	0
67000		-nan	-nan	0.40504	0.36667	0.000150000000000	1.000000000000000	0.384433593750000	0
67500		-nan	-nan	0.40476	0.36660	0.000150000000000	1.000000000000000	0.384433593750000	0
68000		-nan	-nan	0.40471	0.36653	0.000150000000000	1.000000000000000	0.384433593750000	0
68500		-nan	-nan	0.40453	0.36640	0.000150000000000	1.000000000000000	0.384433593750000	0
69000		-nan	-nan	0.40443	0.36632	0.000150000000000	1.000000000000000	0.384433593750000	0
69500		-nan	-nan	0.40440	0.36634	0.000150000000000	1.000000000000000	0.384433593750000	0
70000		-nan	-nan	0.40411	0.36631	0.000150000000000	1.000000000000000	0.384433593750000	0
70500		-nan	-nan	0.40392	0.36627	0.000150000000000	1.000000000000000	0.384433593750000	0
71000		-nan	-nan	0.40392	0.36617	0.000150000000000	1.000000000000000	0.384433593750000	0
71500		-nan	-nan	0.40399	0.36614	0.000150000000000	1.000000000000000	0.384433593750000	0
72000		-nan	-nan	0.40397	0.36618	0.000150000000000	1.000000000000000	0.384433593750000	0
72500		-nan	-nan	0.40391	0.36617	0.000150000000000	1.000000000000000	0.384433593750000	0
73000		-nan	-nan	0.40355	0.36616	0.000150000000000	1.000000000000000	0.384433593750000	0
73500		-nan	-nan	0.40309	0.36611	0.000150000000000	1.000000000000000	0.384433593750000	0
74000		-nan	-nan	0.40282	0.36600	0.000150000000000	1.000000000000000	0.384433593750000	0
74500		-nan	-nan	0.40269	0.36591	0.000150000000000	1.000000000000000	0.384433593750000	0
75000		-nan	-nan	0.40285	0.36586	0.000150000000000	1.000000000000000	0.384433593750000	0
75500		-nan	-nan	0.40282	0.36579	0.000150000000000	1.000000000000000	0.384433593750000	0
76000		-nan	-nan	0.40276	0.36575	0.000150000000000	1.000000000000000	0.384433593750000	0
76500		-nan	-nan	0.40267	0.36580	0.000150000000000	1.000000000000000	0.384433593750000	0
77000		-nan	-nan	0.40258	0.36573	0.000150000000000	1.000000000000000	0.384433593750000	0
77500		-nan	-nan	0.40256	0.36570	0.000150000000000	1.000000000000000	0.384433593750000	0
78000		-nan	-nan	0.40264	0.36564	0.000150000000000	1.000000000000000	0.384433593750000	0
78500		-nan	-nan	0.40246	0.36554	0.000150000000000	1.000000000000000	0.384433593750000	0
79000		-nan	-nan	0.40260	0.36554	0.000150000000000	1.000000000000000	0.384433593750000	0
79500		-nan	-nan	0.40253	0.36546	0.000150000000000	1.000000000000000	0.384433593750000	0
80000		-nan	-nan	0.40265	0.36536	0.000150000000000	1.000000000000000	0.384433593750000	0
80500		-nan	-nan	0.40274	0.36520	0.000150000000000	1.000000000000000	0.384433593750000	0
81000		-nan	-nan	0.40275	0.36509	0.000150000000000	1.000000000000000	0.384433593750000	0
81500		-nan	-nan	0.40281	0.36501	0.000150000000000	1.000000000000000	0.384433593750000	0
82000		-nan	-nan	0.40246	0.36498	0.000150000000000	1.000000000000000	0.384433593750000	0
82500		-nan	-nan	0.40236	0.36487	0.000150000000000	1.000000000000000	0.384433593750000	0
83000		-nan	-nan	0.40224	0.36478	0.000150000000000	1.000000000000000	0.384433593750000	0
83500		-nan	-nan	0.40208	0.36474	0.000150000000000	1.000000000000000	0.384433593750000	0
84000		-nan	-nan	0.40213	0.36467	0.000150000000000	1.000000000000000	0.384433593750000	0
84500		-nan	-nan	0.40198	0.36465	0.000150000000000	1.000000000000000	0.384433593750000	0
85000		-nan	-nan	0.40181	0.36469	0.000150000000000	1.000000000000000	0.384433593750000	0
85500		-nan	-nan	0.40174	0.36465	0.000150000000000	1.000000000000000	0.384433593750000	0
86000		-nan	-nan	0.40167	0.36462	0.000150000000000	1.000000000000000	0.384433593750000	0
86500		-nan	-nan	0.40167	0.36455	0.000150000000000	1.000000000000000	0.384433593750000	0
87000		-nan	-nan	0.40145	0.36455	0.000150000000000	1.000000000000000	0.384433593750000	0
87500		-nan	-nan	0.40153	0.36450	0.000150000000000	1.000000000000000	0.384433593750000	0
88000		-nan	-nan	0.40160	0.36448	0.000150000000000	1.000000000000000	0.384433593750000	0
88500		-nan	-nan	0.40175	0.36439	0.000150000000000	1.000000000000000	0.384433593750000	0
89000		-nan	-nan	0.40192	0.36435	0.000150000000000	1.000000000000000	0.384433593750000	0
89500		-nan	-nan	0.40179	0.36423	0.000150000000000	1.000000000000000	0.384433593750000	0
90000		-nan	-nan	0.40191	0.36417	0.000150000000000	1.000000000000000	0.384433593750000	0
90500		-nan	-nan	0.40179	0.36407	0.000150000000000	1.000000000000000	0.384433593750000	0
91000		-nan	-nan	0.40188	0.36402	0.000150000000000	1.000000000000000	0.384433593750000	0
91500		-nan	-nan	0.40183	0.36396	0.000150000000000	1.000000000000000	0.384433593750000	0
92000		-nan	-nan	0.40187	0.36394	0.000150000000000	1.000000000000000	0.384433593750000	0
92500		-nan	-nan	0.40189	0.36391	0.000150000000000	1.000000000000000	0.384433593750000	0
93000		-nan	-nan	0.40197	0.36388	0.000150000000000	1.000000000000000	0.384433593750000	0
93500		-nan	-nan	0.40203	0.36393	0.000150000000000	1.000000000000000	0.384433593750000	0
94000		-nan	-nan	0.40221	0.36397	0.000150000000000	1.000000000000000	0.384433593750000	0
94500		-nan	-nan	0.40230	0.36399	0.000150000000000	1.000000000000000	0.384433593750000	0
95000		-nan	-nan	0.40225	0.36399	0.000150000000000	1.000000000000000	0.384433593750000	0
95500		-nan	-nan	0.40233	0.36399	0.000150000000000	1.000000000000000	0.384433593750000	0
96000		-nan	-nan	0.40236	0.36391	0.000150000000000	1.000000000000000	0.384433593750000	0
96500		-nan	-nan	0.40228	0.36395	0.000150000000000	1.000000000000000	0.384433593750000	0
97000		-nan	-nan	0.40218	0.36389	0.000150000000000	1.000000000000000	0.384433593750000	0
97500		-nan	-nan	0.40206	0.36383	0.000150000000000	1.000000000000000	0.384433593750000	0
98000		-nan	-nan	0.40202	0.36376	0.000150000000000	1.000000000000000	0.384433593750000	0
98500		-nan	-nan	0.40207	0.36373	0.000150000000000	1.000000000000000	0.384433593750000	0
99000		-nan	-nan	0.40214	0.36368	0.000150000000000	1.000000000000000	0.384433593750000	0
99500		-nan	-nan	0.40199	0.36365	0.000150000000000	1.000000000000000	0.384433593750000	0
100000		-nan	-nan	0.40212	0.36358	0.000150000000000	1.000000000000000	0.384433593750000	0