step	p_accept_mu1	p_accept_gamma	p_accept_pi	p_accept_Tinf	sigma_mu1	sigma_gamma	sigma_pi	n_like_zero
1		1.00000	1.00000	1.00000	1.00000	0.000100000000000	1.000000000000000	0.010000000000000	0
500		0.99399	0.12826	1.00000	0.36293	0.000100000000000	1.000000000000000	0.010000000000000	0
1000		0.99000	0.26600	0.95400	0.35125	0.000150000000000	0.666666666666667	0.015000000000000	0
1500		0.98400	0.26300	0.92400	0.34331	0.000225000000000	0.666666666666667	0.022500000000000	0
2000		0.99000	0.28400	0.86600	0.33567	0.000337500000000	0.666666666666667	0.033750000000000	0
2500		0.98800	0.28800	0.80600	0.33193	0.000506250000000	0.666666666666667	0.050625000000000	0
3000		0.98200	0.29640	0.66400	0.32742	0.000759375000000	0.666666666666667	0.075937500000000	0
3500		0.96600	0.30200	0.51800	0.32500	0.001139062500000	0.666666666666667	0.113906250000000	0
4000		0.96600	0.30371	0.45600	0.32232	0.001708593750000	0.666666666666667	0.170859375000000	0
4500		0.92600	0.30700	0.43800	0.31903	0.002562890625000	0.666666666666667	0.170859375000000	0
5000		0.88600	0.31067	0.43667	0.31709	0.003844335937500	0.666666666666667	0.170859375000000	0
5500		0.88400	0.31140	0.43950	0.31672	0.005766503906250	0.666666666666667	0.170859375000000	0
6000		0.89200	0.31455	0.44000	0.31657	0.008649755859375	0.666666666666667	0.170859375000000	0
6500		0.94200	0.31583	0.42867	0.31616	0.012974633789063	0.666666666666667	0.170859375000000	0
7000		0.91600	0.31662	0.42429	0.31550	0.019461950683594	0.666666666666667	0.170859375000000	0
7500		0.85600	0.31571	0.42200	0.31547	0.029192926025391	0.666666666666667	0.170859375000000	0
8000		0.83200	0.31333	0.42111	0.31566	0.043789389038086	0.666666666666667	0.170859375000000	0
8500		0.77000	0.31238	0.42180	0.31569	0.065684083557129	0.666666666666667	0.170859375000000	0
9000		0.66000	0.31282	0.42400	0.31565	0.098526125335693	0.666666666666667	0.170859375000000	0
9500		0.52200	0.31256	0.42867	0.31587	0.147789188003540	0.666666666666667	0.170859375000000	0
10000		0.38600	0.31137	0.43585	0.31669	0.221683782005310	0.666666666666667	0.170859375000000	0
10500		0.37300	0.31060	0.43729	0.31706	0.221683782005310	0.666666666666667	0.170859375000000	0
11000		0.38333	0.31086	0.44067	0.31732	0.221683782005310	0.666666666666667	0.170859375000000	0
11500		0.39200	0.31145	0.44200	0.31756	0.221683782005310	0.666666666666667	0.170859375000000	0
12000		0.38880	0.31287	0.44306	0.31776	0.221683782005310	0.666666666666667	0.170859375000000	0
12500		0.39333	0.31217	0.44033	0.31763	0.221683782005310	0.666666666666667	0.170859375000000	0
13000		0.39057	0.31128	0.44158	0.31715	0.221683782005310	0.666666666666667	0.170859375000000	0
13500		0.39100	0.31115	0.44290	0.31746	0.221683782005310	0.666666666666667	0.170859375000000	0
14000		0.39044	0.31052	0.44238	0.31723	0.221683782005310	0.666666666666667	0.170859375000000	0
14500		0.38880	0.31021	0.44064	0.31699	0.221683782005310	0.666666666666667	0.170859375000000	0
15000		0.39018	0.31000	0.43930	0.31683	0.221683782005310	0.666666666666667	0.170859375000000	0
15500		0.39167	0.30973	0.43825	0.31708	0.221683782005310	0.666666666666667	0.170859375000000	0
16000		0.39262	0.31000	0.43784	0.31708	0.221683782005310	0.666666666666667	0.170859375000000	0
16500		0.39129	0.31050	0.43708	0.31715	0.221683782005310	0.666666666666667	0.170859375000000	0
17000		0.39307	0.31024	0.43644	0.31715	0.221683782005310	0.666666666666667	0.170859375000000	0
17500		0.39613	0.30865	0.43600	0.31713	0.221683782005310	0.666666666666667	0.170859375000000	0
18000		0.39612	0.30811	0.43717	0.31729	0.221683782005310	0.666666666666667	0.170859375000000	0
18500		0.39867	0.30878	0.43773	0.31753	0.221683782005310	0.666666666666667	0.170859375000000	0
19000		0.39926	0.30811	0.43761	0.31757	0.221683782005310	0.666666666666667	0.170859375000000	0
19500		0.39990	0.30753	0.43850	0.31757	0.221683782005310	0.666666666666667	0.170859375000000	0
20000		0.39981	0.30723	0.43909	0.31776	0.221683782005310	0.666666666666667	0.170859375000000	0
20500		0.40064	0.30765	0.43988	0.31792	0.221683782005310	0.666666666666667	0.170859375000000	0
21000		0.39965	0.30717	0.44023	0.31812	0.221683782005310	0.666666666666667	0.170859375000000	0
21500		0.39908	0.30619	0.44089	0.31839	0.221683782005310	0.666666666666667	0.170859375000000	0
22000		0.39848	0.30595	0.44162	0.31840	0.221683782005310	0.666666666666667	0.170859375000000	0
22500		0.39831	0.30664	0.44200	0.31829	0.221683782005310	0.666666666666667	0.170859375000000	0
23000		0.39726	0.30671	0.44210	0.31848	0.221683782005310	0.666666666666667	0.170859375000000	0
23500		0.39743	0.30670	0.44175	0.31867	0.221683782005310	0.666666666666667	0.170859375000000	0
24000		0.39752	0.30728	0.44195	0.31867	0.221683782005310	0.666666666666667	0.170859375000000	0
24500		0.39780	0.30671	0.44148	0.31868	0.221683782005310	0.666666666666667	0.170859375000000	0
25000		0.39761	0.30657	0.44200	0.31868	0.221683782005310	0.666666666666667	0.170859375000000	0
25500		0.39887	0.30692	0.44164	0.31845	0.221683782005310	0.666666666666667	0.170859375000000	0
26000		0.40000	0.30655	0.44133	0.31841	0.221683782005310	0.666666666666667	0.170859375000000	0
26500		0.40076	0.30673	0.44148	0.31846	0.221683782005310	0.666666666666667	0.170859375000000	0
27000		0.40080	0.30668	0.44094	0.31853	0.221683782005310	0.666666666666667	0.170859375000000	0
27500		0.40144	0.30667	0.44150	0.31854	0.221683782005310	0.666666666666667	0.170859375000000	0
28000		0.40097	0.30738	0.44171	0.31869	0.221683782005310	0.666666666666667	0.170859375000000	0
28500		0.40000	0.30746	0.44232	0.31885	0.221683782005310	0.666666666666667	0.170859375000000	0
29000		0.39933	0.30688	0.44282	0.31912	0.221683782005310	0.666666666666667	0.170859375000000	0
29500		0.39960	0.30621	0.44319	0.31921	0.221683782005310	0.666666666666667	0.170859375000000	0
30000		0.39932	0.30505	0.44426	0.31926	0.221683782005310	0.666666666666667	0.170859375000000	0
30500		0.39881	0.30530	0.44463	0.31936	0.221683782005310	0.666666666666667	0.170859375000000	0
31000		0.39856	0.30561	0.44487	0.31962	0.221683782005310	0.666666666666667	0.170859375000000	0
31500		0.39914	0.30565	0.44471	0.31967	0.221683782005310	0.666666666666667	0.170859375000000	0
32000		0.39911	0.30546	0.44477	0.31983	0.221683782005310	0.666666666666667	0.170859375000000	0
32500		0.39909	0.30600	0.44545	0.31982	0.221683782005310	0.666666666666667	0.170859375000000	0
33000		0.39940	0.30600	0.44536	0.31979	0.221683782005310	0.666666666666667	0.170859375000000	0
33500		0.39829	0.30545	0.44583	0.31988	0.221683782005310	0.666666666666667	0.170859375000000	0
34000		0.39829	0.30546	0.44567	0.31992	0.221683782005310	0.666666666666667	0.170859375000000	0
34500		0.39820	0.30509	0.44561	0.31985	0.221683782005310	0.666666666666667	0.170859375000000	0
35000		0.39847	0.30519	0.44552	0.31992	0.221683782005310	0.666666666666667	0.170859375000000	0
35500		0.39781	0.30506	0.44572	0.31997	0.221683782005310	0.666666666666667	0.170859375000000	0
36000		0.39736	0.30470	0.44557	0.32001	0.221683782005310	0.666666666666667	0.170859375000000	0
36500		0.39752	0.30508	0.44597	0.31994	0.221683782005310	0.666666666666667	0.170859375000000	0
37000		0.39851	0.30515	0.44576	0.32000	0.221683782005310	0.666666666666667	0.170859375000000	0
37500		0.39861	0.30508	0.44597	0.32012	0.221683782005310	0.666666666666667	0.170859375000000	0
38000		0.39853	0.30557	0.44632	0.32012	0.221683782005310	0.666666666666667	0.170859375000000	0
38500		0.39766	0.30524	0.44657	0.32015	0.221683782005310	0.666666666666667	0.170859375000000	0
39000		0.39681	0.30512	0.44645	0.32022	0.221683782005310	0.666666666666667	0.170859375000000	0
39500		0.39647	0.30510	0.44711	0.32025	0.221683782005310	0.666666666666667	0.170859375000000	0
40000		0.39669	0.30489	0.44721	0.32027	0.221683782005310	0.666666666666667	0.170859375000000	0
40500		0.39587	0.30485	0.44703	0.32022	0.221683782005310	0.666666666666667	0.170859375000000	0
41000		0.39629	0.30494	0.44683	0.32020	0.221683782005310	0.666666666666667	0.170859375000000	0
41500		0.39669	0.30507	0.44705	0.32017	0.221683782005310	0.666666666666667	0.170859375000000	0
42000		0.39658	0.30475	0.44668	0.32012	0.221683782005310	0.666666666666667	0.170859375000000	0
42500		0.39609	0.30533	0.44662	0.32005	0.221683782005310	0.666666666666667	0.170859375000000	0
43000		0.39624	0.30560	0.44684	0.32013	0.221683782005310	0.666666666666667	0.170859375000000	0
43500		0.39606	0.30570	0.44665	0.32013	0.221683782005310	0.666666666666667	0.170859375000000	0
44000		0.39629	0.30568	0.44662	0.32017	0.221683782005310	0.666666666666667	0.170859375000000	0
44500		0.39691	0.30584	0.44617	0.32014	0.221683782005310	0.666666666666667	0.170859375000000	0
45000		0.39758	0.30602	0.44622	0.32019	0.221683782005310	0.666666666666667	0.170859375000000	0
45500		0.39717	0.30587	0.44624	0.32021	0.221683782005310	0.666666666666667	0.170859375000000	0
46000		0.39751	0.30582	0.44624	0.32024	0.221683782005310	0.666666666666667	0.170859375000000	0
46500		0.39684	0.30567	0.44663	0.32023	0.221683782005310	0.666666666666667	0.170859375000000	0
47000		0.39640	0.30574	0.44625	0.32032	0.221683782005310	0.666666666666667	0.170859375000000	0
47500		0.39613	0.30606	0.44618	0.32042	0.221683782005310	0.666666666666667	0.170859375000000	0
48000		0.39577	0.30581	0.44613	0.32044	0.221683782005310	0.666666666666667	0.170859375000000	0
48500		0.39577	0.30571	0.44602	0.32046	0.221683782005310	0.666666666666667	0.170859375000000	0
49000		0.39565	0.30600	0.44587	0.32039	0.221683782005310	0.666666666666667	0.170859375000000	0
49500		0.39572	0.30580	0.44535	0.32049	0.221683782005310	0.666666666666667	0.170859375000000	0
50000		0.39622	0.30624	0.44520	0.32041	0.221683782005310	0.666666666666667	0.170859375000000	0
50500		0.39595	0.30626	0.44560	0.32031	0.221683782005310	0.666666666666667	0.170859375000000	0
51000		0.39612	0.30582	0.44505	0.32022	0.221683782005310	0.666666666666667	0.170859375000000	0
51500		0.39614	0.30557	0.44496	0.32021	0.221683782005310	0.666666666666667	0.170859375000000	0
52000		0.39576	0.30532	0.44493	0.32027	0.221683782005310	0.666666666666667	0.170859375000000	0
52500		0.39560	0.30544	0.44496	0.32034	0.221683782005310	0.666666666666667	0.170859375000000	0
53000		0.39579	0.30550	0.44503	0.32032	0.221683782005310	0.666666666666667	0.170859375000000	0
53500		0.39550	0.30568	0.44476	0.32038	0.221683782005310	0.666666666666667	0.170859375000000	0
54000		0.39544	0.30559	0.44396	0.32046	0.221683782005310	0.666666666666667	0.170859375000000	0
54500		0.39587	0.30567	0.44373	0.32045	0.221683782005310	0.666666666666667	0.170859375000000	0
55000		0.39580	0.30580	0.44406	0.32040	0.221683782005310	0.666666666666667	0.170859375000000	0
55500		0.39600	0.30585	0.44415	0.32034	0.221683782005310	0.666666666666667	0.170859375000000	0
56000		0.39587	0.30580	0.44394	0.32023	0.221683782005310	0.666666666666667	0.170859375000000	0
56500		0.39600	0.30557	0.44381	0.32024	0.221683782005310	0.666666666666667	0.170859375000000	0
57000		0.39575	0.30542	0.44364	0.32016	0.221683782005310	0.666666666666667	0.170859375000000	0
57500		0.39563	0.30563	0.44380	0.32017	0.221683782005310	0.666666666666667	0.170859375000000	0
58000		0.39520	0.30595	0.44367	0.32020	0.221683782005310	0.666666666666667	0.170859375000000	0
58500		0.39508	0.30612	0.44411	0.32032	0.221683782005310	0.666666666666667	0.170859375000000	0
59000		0.39525	0.30612	0.44423	0.32041	0.221683782005310	0.666666666666667	0.170859375000000	0
59500		0.39530	0.30607	0.44421	0.32041	0.221683782005310	0.666666666666667	0.170859375000000	0
60000		0.39483	0.30629	0.44421	0.32046	0.221683782005310	0.666666666666667	0.170859375000000	0
60500		0.39484	0.30647	0.44414	0.32051	0.221683782005310	0.666666666666667	0.170859375000000	0
61000		0.39470	0.30638	0.44414	0.32048	0.221683782005310	0.666666666666667	0.170859375000000	0
61500		0.39477	0.30666	0.44407	0.32042	0.221683782005310	0.666666666666667	0.170859375000000	0
62000		0.39476	0.30650	0.44443	0.32041	0.221683782005310	0.666666666666667	0.170859375000000	0
62500		0.39462	0.30648	0.44459	0.32042	0.221683782005310	0.666666666666667	0.170859375000000	0
63000		0.39447	0.30627	0.44439	0.32045	0.221683782005310	0.666666666666667	0.170859375000000	0
63500		0.39456	0.30614	0.44433	0.32045	0.221683782005310	0.666666666666667	0.170859375000000	0
64000		0.39466	0.30619	0.44443	0.32046	0.221683782005310	0.666666666666667	0.170859375000000	0
64500		0.39469	0.30589	0.44443	0.32048	0.221683782005310	0.666666666666667	0.170859375000000	0
65000		0.39477	0.30583	0.44459	0.32051	0.221683782005310	0.666666666666667	0.170859375000000	0
65500		0.39475	0.30549	0.44456	0.32055	0.221683782005310	0.666666666666667	0.170859375000000	0
66000		0.39474	0.30537	0.44432	0.32060	0.221683782005310	0.666666666666667	0.170859375000000	0
66500		0.39484	0.30547	0.44438	0.32062	0.221683782005310	0.666666666666667	0.170859375000000	0
67000		0.39483	0.30537	0.44431	0.32068	0.221683782005310	0.666666666666667	0.170859375000000	0
67500		0.39483	0.30542	0.44445	0.32067	0.221683782005310	0.666666666666667	0.170859375000000	0
68000		0.39484	0.30541	0.44419	0.32066	0.221683782005310	0.666666666666667	0.170859375000000	0
68500		0.39481	0.30538	0.44434	0.32059	0.221683782005310	0.666666666666667	0.170859375000000	0
69000		0.39484	0.30556	0.44434	0.32052	0.221683782005310	0.666666666666667	0.170859375000000	0
69500		0.39483	0.30535	0.44430	0.32062	0.221683782005310	0.666666666666667	0.170859375000000	0
70000		0.39438	0.30522	0.44421	0.32069	0.221683782005310	0.666666666666667	0.170859375000000	0
70500		0.39441	0.30517	0.44448	0.32075	0.221683782005310	0.666666666666667	0.170859375000000	0
71000		0.39446	0.30522	0.44459	0.32076	0.221683782005310	0.666666666666667	0.170859375000000	0
71500		0.39453	0.30521	0.44487	0.32077	0.221683782005310	0.666666666666667	0.170859375000000	0
72000		0.39459	0.30548	0.44476	0.32081	0.221683782005310	0.666666666666667	0.170859375000000	0
72500		0.39425	0.30544	0.44464	0.32087	0.221683782005310	0.666666666666667	0.170859375000000	0
73000		0.39436	0.30545	0.44447	0.32091	0.221683782005310	0.666666666666667	0.170859375000000	0
73500		0.39420	0.30504	0.44474	0.32088	0.221683782005310	0.666666666666667	0.170859375000000	0
74000		0.39414	0.30487	0.44484	0.32093	0.221683782005310	0.666666666666667	0.170859375000000	0
74500		0.39403	0.30497	0.44504	0.32087	0.221683782005310	0.666666666666667	0.170859375000000	0
75000		0.39406	0.30518	0.44466	0.32081	0.221683782005310	0.666666666666667	0.170859375000000	0
75500		0.39397	0.30515	0.44483	0.32078	0.221683782005310	0.666666666666667	0.170859375000000	0
76000		0.39402	0.30530	0.44477	0.32069	0.221683782005310	0.666666666666667	0.170859375000000	0
76500		0.39399	0.30532	0.44484	0.32067	0.221683782005310	0.666666666666667	0.170859375000000	0
77000		0.39396	0.30536	0.44460	0.32062	0.221683782005310	0.666666666666667	0.170859375000000	0
77500		0.39432	0.30516	0.44438	0.32058	0.221683782005310	0.666666666666667	0.170859375000000	0
78000		0.39400	0.30519	0.44409	0.32055	0.221683782005310	0.666666666666667	0.170859375000000	0
78500		0.39416	0.30513	0.44403	0.32052	0.221683782005310	0.666666666666667	0.170859375000000	0
79000		0.39427	0.30525	0.44391	0.32049	0.221683782005310	0.666666666666667	0.170859375000000	0
79500		0.39441	0.30511	0.44392	0.32051	0.221683782005310	0.666666666666667	0.170859375000000	0
80000		0.39450	0.30542	0.44386	0.32044	0.221683782005310	0.666666666666667	0.170859375000000	0
80500		0.39449	0.30575	0.44403	0.32045	0.221683782005310	0.666666666666667	0.170859375000000	0
81000		0.39448	0.30591	0.44390	0.32042	0.221683782005310	0.666666666666667	0.170859375000000	0
81500		0.39453	0.30620	0.44391	0.32040	0.221683782005310	0.666666666666667	0.170859375000000	0
82000		0.39481	0.30622	0.44375	0.32035	0.221683782005310	0.666666666666667	0.170859375000000	0
82500		0.39473	0.30633	0.44394	0.32033	0.221683782005310	0.666666666666667	0.170859375000000	0
83000		0.39487	0.30628	0.44409	0.32029	0.221683782005310	0.666666666666667	0.170859375000000	0
83500		0.39497	0.30646	0.44386	0.32022	0.221683782005310	0.666666666666667	0.170859375000000	0
84000		0.39486	0.30646	0.44388	0.32018	0.221683782005310	0.666666666666667	0.170859375000000	0
84500		0.39501	0.30657	0.44406	0.32014	0.221683782005310	0.666666666666667	0.170859375000000	0
85000		0.39493	0.30659	0.44442	0.32021	0.221683782005310	0.666666666666667	0.170859375000000	0
85500		0.39461	0.30644	0.44460	0.32020	0.221683782005310	0.666666666666667	0.170859375000000	0
86000		0.39461	0.30642	0.44465	0.32018	0.221683782005310	0.666666666666667	0.170859375000000	0
86500		0.39461	0.30649	0.44464	0.32020	0.221683782005310	0.666666666666667	0.170859375000000	0
87000		0.39481	0.30668	0.44455	0.32018	0.221683782005310	0.666666666666667	0.170859375000000	0
87500		0.39471	0.30682	0.44460	0.32015	0.221683782005310	0.666666666666667	0.170859375000000	0
88000		0.39452	0.30691	0.44456	0.32016	0.221683782005310	0.666666666666667	0.170859375000000	0
88500		0.39470	0.30681	0.44471	0.32014	0.221683782005310	0.666666666666667	0.170859375000000	0
89000		0.39439	0.30684	0.44463	0.32015	0.221683782005310	0.666666666666667	0.170859375000000	0
89500		0.39443	0.30689	0.44459	0.32017	0.221683782005310	0.666666666666667	0.170859375000000	0
90000		0.39456	0.30685	0.44452	0.32010	0.221683782005310	0.666666666666667	0.170859375000000	0
90500		0.39463	0.30681	0.44441	0.32006	0.221683782005310	0.666666666666667	0.170859375000000	0
91000		0.39460	0.30690	0.44441	0.32004	0.221683782005310	0.666666666666667	0.170859375000000	0
91500		0.39466	0.30707	0.44444	0.32006	0.221683782005310	0.666666666666667	0.170859375000000	0
92000		0.39451	0.30683	0.44455	0.32007	0.221683782005310	0.666666666666667	0.170859375000000	0
92500		0.39447	0.30683	0.44463	0.32008	0.221683782005310	0.666666666666667	0.170859375000000	0
93000		0.39462	0.30697	0.44478	0.32007	0.221683782005310	0.666666666666667	0.170859375000000	0
93500		0.39443	0.30691	0.44471	0.32007	0.221683782005310	0.666666666666667	0.170859375000000	0
94000		0.39452	0.30677	0.44474	0.32007	0.221683782005310	0.666666666666667	0.170859375000000	0
94500		0.39458	0.30680	0.44500	0.32009	0.221683782005310	0.666666666666667	0.170859375000000	0
95000		0.39434	0.30677	0.44523	0.32019	0.221683782005310	0.666666666666667	0.170859375000000	0
95500		0.39417	0.30660	0.44540	0.32025	0.221683782005310	0.666666666666667	0.170859375000000	0
96000		0.39423	0.30655	0.44532	0.32025	0.221683782005310	0.666666666666667	0.170859375000000	0
96500		0.39437	0.30676	0.44539	0.32025	0.221683782005310	0.666666666666667	0.170859375000000	0
97000		0.39439	0.30687	0.44543	0.32023	0.221683782005310	0.666666666666667	0.170859375000000	0
97500		0.39481	0.30706	0.44494	0.32018	0.221683782005310	0.666666666666667	0.170859375000000	0
98000		0.39468	0.30706	0.44488	0.32015	0.221683782005310	0.666666666666667	0.170859375000000	0
98500		0.39489	0.30701	0.44486	0.32011	0.221683782005310	0.666666666666667	0.170859375000000	0
99000		0.39526	0.30709	0.44484	0.32009	0.221683782005310	0.666666666666667	0.170859375000000	0
99500		0.39513	0.30723	0.44491	0.32005	0.221683782005310	0.666666666666667	0.170859375000000	0
100000		0.39546	0.30741	0.44481	0.32002	0.221683782005310	0.666666666666667	0.170859375000000	0