step	post	like	prior	mu1	mu2	gamma	pi	Tinf_1	Tinf_2	Tinf_3	Tinf_4	Tinf_5	Tinf_6	Tinf_7	Tinf_8	Tinf_9	Tinf_10	Tinf_11	Tinf_12	Tinf_13	Tinf_14	Tinf_15	alpha_1	alpha_2	alpha_3	alpha_4	alpha_5	alpha_6	alpha_7	alpha_8	alpha_9	alpha_10	alpha_11	alpha_12	alpha_13	alpha_14	alpha_15	kappa_1	kappa_2	kappa_3	kappa_4	kappa_5	kappa_6	kappa_7	kappa_8	kappa_9	kappa_10	kappa_11	kappa_12	kappa_13	kappa_14	kappa_15
1	-146.114486606918263	-152.969974557877634	6.855487950959373	0.000080000000000	0.000020000000000	0.250000000000000	0.824838840743186	0	2	2	2	4	3	4	3	4	5	6	9	7	9	9	0	1	1	1	1	1	1	1	1	1	1	1	1	1	1	1	1	1	1	2	2	2	2	2	3	3	5	4	5	5
500	-63.205863026181362	-70.061350977140734	6.855487950959373	0.000080000000000	0.000020000000000	0.250000000000000	0.823178743576595	-1	1	2	2	5	3	3	3	4	5	7	7	8	9	8	0	1	2	2	8	2	4	2	8	6	6	5	9	12	12	1	1	1	1	1	1	1	2	1	1	2	1	2	1	1
1000	-60.404305546280682	-67.259793497240054	6.855487950959373	0.000080000000000	0.000020000000000	0.250000000000000	0.744369478330789	-1	1	2	2	5	3	4	3	5	5	6	8	7	8	9	0	1	2	2	8	3	4	3	8	6	6	5	9	8	8	1	1	1	1	1	1	1	1	1	1	1	1	1	3	3
1500	-65.073865082842218	-71.929353033801590	6.855487950959373	0.000080000000000	0.000020000000000	0.250000000000000	0.811123418052973	0	1	2	2	5	3	4	3	5	6	6	7	7	9	10	0	1	2	2	8	2	4	2	8	6	6	10	9	13	12	1	1	1	1	1	1	1	1	1	2	2	1	2	1	2
2000	-67.629393888679274	-74.484881839638646	6.855487950959373	0.000080000000000	0.000020000000000	0.250000000000000	0.849949952456704	0	2	3	1	4	3	4	3	5	5	4	8	7	9	9	0	4	2	1	8	2	4	2	8	6	6	5	3	12	5	1	1	1	1	1	1	2	1	1	1	1	2	2	1	2
2500	-58.067820744953679	-64.923308695913050	6.855487950959373	0.000080000000000	0.000020000000000	0.250000000000000	0.832710263975598	-1	2	3	1	5	4	4	3	5	5	6	8	7	10	8	0	4	2	1	8	2	4	2	8	6	6	5	9	12	5	1	1	1	1	1	1	2	1	1	1	1	1	1	1	1
3000	-61.094669455614209	-67.950157406573581	6.855487950959373	0.000080000000000	0.000020000000000	0.250000000000000	0.873363917191302	-1	1	3	2	5	3	5	3	4	5	7	9	6	9	10	0	1	2	2	8	2	4	2	8	6	6	5	9	13	5	1	1	1	1	1	1	1	1	1	1	2	2	1	1	2
3500	-60.897462679426695	-67.752950630386067	6.855487950959373	0.000080000000000	0.000020000000000	0.250000000000000	0.859737401156899	0	1	2	2	5	3	4	3	4	4	5	8	8	9	10	0	1	2	2	8	3	4	2	8	6	6	9	9	8	12	1	1	1	1	1	1	1	1	1	1	1	1	1	2	1
4000	-49.977957205675303	-56.833445156634674	6.855487950959373	0.000080000000000	0.000020000000000	0.250000000000000	0.950920551308403	0	1	2	2	5	4	4	3	4	6	6	8	6	10	9	0	1	2	2	8	3	4	2	8	6	6	5	9	12	12	1	1	1	1	1	1	1	1	1	1	1	1	1	1	1
4500	-67.162093004298001	-74.017580955257372	6.855487950959373	0.000080000000000	0.000020000000000	0.250000000000000	0.628875688059949	0	1	2	3	4	3	4	3	4	6	7	9	7	9	10	0	1	2	2	8	3	4	2	8	6	6	5	5	8	13	1	1	1	1	1	1	1	1	1	2	2	2	1	3	2
5000	-68.421539491827488	-75.277027442786860	6.855487950959373	0.000080000000000	0.000020000000000	0.250000000000000	0.571062145194647	-1	0	2	2	3	4	4	4	5	6	6	9	7	8	7	0	1	2	2	3	3	4	5	5	6	6	8	9	8	8	1	1	1	1	1	1	1	1	1	2	1	2	1	1	1
5500	-65.212127292457026	-72.067615243416398	6.855487950959373	0.000080000000000	0.000020000000000	0.250000000000000	0.850400629641287	0	2	1	3	2	3	5	3	4	5	6	8	6	10	9	0	3	1	3	3	2	4	5	5	6	6	8	9	12	8	1	1	1	1	1	1	1	1	1	1	2	2	1	2	2
6000	-69.455388268115712	-76.310876219075084	6.855487950959373	0.000080000000000	0.000020000000000	0.250000000000000	0.745232599173301	-1	1	2	3	3	3	4	4	5	6	5	8	7	10	8	0	1	2	3	2	3	4	5	5	6	2	8	9	9	8	1	1	1	1	1	1	1	1	1	2	1	2	1	2	2
6500	-73.149235514528243	-80.004723465487615	6.855487950959373	0.000080000000000	0.000020000000000	0.250000000000000	0.626325399519433	-1	2	0	2	5	1	3	3	4	6	5	10	6	10	9	0	3	1	3	9	3	4	3	8	6	6	5	9	5	5	1	1	1	1	1	1	1	2	1	2	2	2	1	2	1
7000	-56.519593331027465	-63.375081281986837	6.855487950959373	0.000080000000000	0.000020000000000	0.250000000000000	0.901203736496282	0	3	1	2	5	4	4	3	5	6	6	7	8	9	8	0	3	1	3	8	3	4	3	8	6	6	5	9	5	5	1	1	1	1	1	1	1	1	1	1	1	1	1	2	1
7500	-60.481913730376775	-67.337401681336146	6.855487950959373	0.000080000000000	0.000020000000000	0.250000000000000	0.776465368082720	-1	2	1	3	4	3	5	3	4	6	5	7	7	9	10	0	3	1	2	2	2	4	2	8	11	6	8	9	12	12	1	1	1	1	1	1	1	1	1	1	1	2	1	1	2
8000	-65.240981792781213	-72.096469743740585	6.855487950959373	0.000080000000000	0.000020000000000	0.250000000000000	0.832577529318505	0	3	1	2	4	3	4	2	4	5	7	9	6	10	10	0	3	1	3	8	3	4	3	8	6	6	13	9	8	12	1	1	1	1	1	1	1	1	1	2	2	2	1	4	1
8500	-72.281610686892947	-79.137098637852318	6.855487950959373	0.000080000000000	0.000020000000000	0.250000000000000	0.716366617661369	-1	2	1	3	4	2	5	3	5	5	6	9	7	9	8	0	3	1	2	8	3	2	3	8	6	6	9	9	13	8	1	1	1	1	1	1	1	1	1	2	2	3	2	2	2
9000	-54.250067930193879	-61.105555881153251	6.855487950959373	0.000080000000000	0.000020000000000	0.250000000000000	0.891314794547084	0	2	1	2	4	4	3	3	5	5	5	7	7	9	9	0	3	1	3	8	2	4	3	8	6	6	8	9	12	12	1	1	1	1	1	1	1	1	1	1	1	2	1	1	1
9500	-66.162968609947555	-73.018456560906927	6.855487950959373	0.000080000000000	0.000020000000000	0.250000000000000	0.878967050312480	0	2	1	3	4	3	4	3	4	6	5	6	6	9	10	0	3	1	3	8	2	4	3	8	11	6	5	9	8	12	1	1	1	1	1	1	1	1	1	1	2	1	1	2	1
10000	-57.883519552232514	-64.739007503191885	6.855487950959373	0.000080000000000	0.000020000000000	0.250000000000000	0.846982108808790	-1	2	1	2	4	3	4	3	5	5	7	8	7	7	9	0	3	1	3	8	3	4	3	8	6	6	13	9	8	12	1	1	1	1	1	1	1	1	1	1	1	1	1	2	1
10500	-64.186787877154899	-71.042275828114271	6.855487950959373	0.000080000000000	0.000020000000000	0.250000000000000	0.971117474784688	-1	3	1	2	5	3	4	4	5	5	4	9	7	6	9	0	3	1	3	8	3	4	2	8	11	6	8	9	8	8	1	1	1	1	1	1	1	1	1	1	1	2	1	1	2
11000	-63.441121395488508	-70.296609346447880	6.855487950959373	0.000080000000000	0.000020000000000	0.250000000000000	0.771357831939053	0	2	1	2	4	3	4	3	4	5	7	7	7	8	9	0	3	1	3	4	2	4	3	8	6	6	9	9	12	5	1	1	1	1	1	1	1	1	1	1	2	1	1	1	1
11500	-59.436322552393733	-66.291810503353105	6.855487950959373	0.000080000000000	0.000020000000000	0.250000000000000	0.990411394002869	-1	2	0	2	4	3	4	2	3	5	6	8	7	9	7	0	3	1	3	8	3	4	3	8	6	6	5	9	12	5	1	1	1	1	1	1	1	1	1	1	1	1	1	1	1
12000	-60.374396403388928	-67.229884354348300	6.855487950959373	0.000080000000000	0.000020000000000	0.250000000000000	0.855481593031685	0	3	1	3	4	2	4	3	5	5	7	7	7	8	9	0	3	1	3	8	3	4	3	8	6	6	5	9	8	12	1	1	1	1	1	1	1	1	1	1	2	1	1	2	1
12500	-59.458639085892727	-66.314127036852099	6.855487950959373	0.000080000000000	0.000020000000000	0.250000000000000	0.909712648643318	-1	2	1	2	5	3	4	3	5	5	6	9	6	10	9	0	3	1	3	8	3	4	3	8	6	6	5	9	5	5	1	1	1	1	1	1	1	1	1	1	2	2	1	2	2
13000	-63.285746057989513	-70.141234008948885	6.855487950959373	0.000080000000000	0.000020000000000	0.250000000000000	0.891005877879459	0	1	3	2	5	4	4	3	4	6	6	8	7	9	10	0	1	2	2	8	2	4	2	8	6	6	3	9	12	8	1	1	1	1	1	2	1	1	1	1	1	2	1	1	3
13500	-66.162403642240804	-73.017891593200176	6.855487950959373	0.000080000000000	0.000020000000000	0.250000000000000	0.821735267085194	0	3	1	3	4	4	5	3	5	5	6	9	7	9	10	0	3	1	3	8	3	2	3	8	6	6	5	9	13	8	1	1	1	1	1	1	2	1	1	1	1	1	1	1	3
14000	-59.285106492584006	-66.140594443543378	6.855487950959373	0.000080000000000	0.000020000000000	0.250000000000000	0.886075710449145	0	2	1	3	5	4	5	3	5	6	5	7	7	9	8	0	3	1	2	8	2	4	3	8	6	6	5	9	12	12	1	1	1	1	1	1	1	2	1	1	1	1	1	1	1
14500	-71.699009924686521	-78.554497875645893	6.855487950959373	0.000080000000000	0.000020000000000	0.250000000000000	0.758713350041002	0	2	1	2	5	3	3	3	4	5	7	10	7	9	9	0	3	1	3	8	3	4	3	8	6	6	15	9	9	5	1	1	1	1	2	2	1	1	1	2	2	1	2	2	2
15000	-57.140127546314396	-63.995615497273768	6.855487950959373	0.000080000000000	0.000020000000000	0.250000000000000	0.901613516010339	-1	2	1	3	5	3	5	3	5	5	6	10	7	8	9	0	3	1	3	8	3	4	3	8	6	6	15	9	5	14	1	1	1	1	1	1	1	1	1	1	2	1	1	2	1
15500	-61.436518390063853	-68.292006341023225	6.855487950959373	0.000080000000000	0.000020000000000	0.250000000000000	0.871078444331298	0	2	1	3	4	3	4	3	4	4	6	7	8	9	9	0	3	1	2	8	2	4	3	8	6	6	5	9	13	13	1	1	1	1	1	1	1	1	1	1	2	1	2	1	1
16000	-54.438386922399687	-61.293874873359059	6.855487950959373	0.000080000000000	0.000020000000000	0.250000000000000	0.919179796681149	-1	2	1	3	5	3	5	3	4	5	7	8	7	10	9	0	3	1	3	8	3	4	2	8	6	6	5	9	12	12	1	1	1	1	1	1	1	1	1	1	2	1	1	1	1
16500	-63.540256756885526	-70.395744707844898	6.855487950959373	0.000080000000000	0.000020000000000	0.250000000000000	0.902348792326797	-1	2	1	3	3	3	5	4	5	5	6	9	6	9	8	0	3	1	3	2	3	4	5	8	6	6	8	5	8	8	1	1	1	1	1	1	1	1	1	1	1	2	1	2	1
17000	-66.341837228288341	-73.197325179247713	6.855487950959373	0.000080000000000	0.000020000000000	0.250000000000000	0.870961419109686	0	2	1	2	5	4	4	3	5	6	6	7	6	7	7	0	3	1	3	8	3	4	2	8	6	6	5	8	5	5	1	1	1	1	1	2	1	1	2	1	1	1	1	1	1
17500	-54.230476467786268	-61.085964418745640	6.855487950959373	0.000080000000000	0.000020000000000	0.250000000000000	0.905127022932989	-1	3	1	3	4	3	5	3	5	5	6	7	8	10	9	0	3	1	3	8	3	4	3	8	6	6	5	9	12	12	1	1	1	1	1	1	1	1	1	1	1	1	1	1	1
18000	-69.480682563217556	-76.336170514176928	6.855487950959373	0.000080000000000	0.000020000000000	0.250000000000000	0.660765586005079	-1	0	2	1	4	3	4	2	5	5	6	9	6	9	10	0	1	2	2	8	2	4	2	5	6	6	9	9	5	5	1	1	1	1	1	1	1	1	1	1	1	1	1	3	4
18500	-86.889652751954657	-93.745140702914028	6.855487950959373	0.000080000000000	0.000020000000000	0.250000000000000	0.780029005189636	-1	0	2	1	3	2	4	2	4	4	5	9	6	9	10	0	1	2	2	2	2	3	2	8	6	8	11	9	11	9	1	1	1	1	2	1	1	2	1	1	1	2	1	2	3
19000	-56.306647833207769	-63.162135784167141	6.855487950959373	0.000080000000000	0.000020000000000	0.250000000000000	0.979822737176022	0	1	2	2	5	3	5	3	5	5	6	9	7	9	9	0	1	2	2	8	3	4	2	8	6	6	5	9	13	5	1	1	1	1	1	1	1	1	1	1	1	2	1	1	1
19500	-58.075823672434183	-64.931311623393555	6.855487950959373	0.000080000000000	0.000020000000000	0.250000000000000	0.912316158892870	-1	0	2	2	5	3	4	3	5	4	6	8	7	9	10	0	1	2	2	8	3	4	2	8	6	6	5	9	5	14	1	1	1	1	1	1	1	1	1	1	1	1	1	2	1
20000	-61.736946529658411	-68.592434480617783	6.855487950959373	0.000080000000000	0.000020000000000	0.250000000000000	0.784433529137405	-1	1	2	2	5	4	4	3	4	5	7	9	8	7	9	0	1	2	2	8	3	4	3	8	6	6	5	9	8	13	1	1	1	1	1	1	1	1	1	1	1	2	2	2	1
20500	-66.396441902139799	-73.251929853099170	6.855487950959373	0.000080000000000	0.000020000000000	0.250000000000000	0.686030223581164	0	1	2	2	5	3	4	3	5	6	7	9	7	9	8	0	1	2	2	8	3	4	2	8	6	10	8	9	13	8	1	1	1	1	1	1	1	1	1	2	1	3	2	2	2
21000	-65.755948817855440	-72.611436768814812	6.855487950959373	0.000080000000000	0.000020000000000	0.250000000000000	0.710049866605434	-2	1	2	2	4	3	4	3	5	5	5	8	7	9	10	0	1	2	2	3	3	4	2	8	6	6	2	8	12	12	1	1	1	1	1	1	1	2	1	1	1	3	2	1	1
21500	-58.630853825264751	-65.486341776224123	6.855487950959373	0.000080000000000	0.000020000000000	0.250000000000000	0.666125190193045	0	1	3	3	4	3	4	3	5	5	6	8	7	9	8	0	1	2	2	8	2	4	2	5	6	6	13	9	15	8	1	1	1	1	1	1	1	1	1	1	1	1	1	1	2
22000	-64.729915415656748	-71.585403366616120	6.855487950959373	0.000080000000000	0.000020000000000	0.250000000000000	0.640001034159161	-1	2	1	2	5	3	4	3	5	5	6	8	7	10	10	0	3	1	3	8	2	4	2	8	6	6	8	9	13	9	1	1	1	1	1	1	1	1	1	1	1	2	2	1	2
22500	-62.964536651616314	-69.820024602575685	6.855487950959373	0.000080000000000	0.000020000000000	0.250000000000000	0.987573019889938	-1	3	0	3	3	3	5	4	5	5	6	7	7	8	10	0	3	1	3	3	3	4	5	5	6	6	5	9	12	12	1	1	1	1	1	1	1	1	1	1	1	1	1	1	1
23000	-62.759209790938314	-69.614697741897686	6.855487950959373	0.000080000000000	0.000020000000000	0.250000000000000	0.803225258393214	0	2	1	3	5	3	5	3	5	5	5	9	7	10	7	0	3	1	3	8	3	4	3	8	6	6	5	9	8	5	1	1	1	1	1	1	1	1	1	1	1	2	1	4	2
23500	-67.660945121690773	-74.516433072650145	6.855487950959373	0.000080000000000	0.000020000000000	0.250000000000000	0.844829391384608	-2	2	0	3	5	3	4	3	4	5	6	6	7	8	8	0	3	1	2	8	3	4	2	8	6	6	8	5	5	5	1	1	1	1	1	2	1	1	1	1	2	1	1	1	1
24000	-53.964857386493058	-60.820345337452430	6.855487950959373	0.000080000000000	0.000020000000000	0.250000000000000	0.963155053506967	0	1	2	2	4	3	5	3	5	5	5	7	7	9	9	0	1	2	2	8	2	4	3	8	6	6	5	9	12	12	1	1	1	1	1	1	2	1	1	1	1	1	1	1	1
24500	-65.481883905711783	-72.337371856671155	6.855487950959373	0.000080000000000	0.000020000000000	0.250000000000000	0.761160683667417	-1	1	2	3	5	4	5	3	4	6	6	10	8	10	9	0	1	2	2	8	3	4	3	8	6	3	9	9	5	5	1	1	1	1	1	1	1	1	1	1	2	3	2	2	2
25000	-58.081516945244488	-64.937004896203860	6.855487950959373	0.000080000000000	0.000020000000000	0.250000000000000	0.731123596250682	0	2	3	2	5	4	4	4	5	6	6	9	7	10	8	0	1	2	1	8	2	4	2	8	6	6	9	9	12	5	1	1	1	1	1	1	1	1	1	1	1	3	1	1	1
25500	-70.092367579234661	-76.947855530194033	6.855487950959373	0.000080000000000	0.000020000000000	0.250000000000000	0.969838715791143	0	2	3	1	4	3	5	3	5	6	6	8	7	9	9	0	4	2	1	8	2	2	2	5	6	6	9	9	13	5	1	1	1	1	1	1	2	1	1	1	1	1	2	1	2
26000	-66.388482583011211	-73.243970533970582	6.855487950959373	0.000080000000000	0.000020000000000	0.250000000000000	0.840659657491936	-2	1	2	3	5	4	5	2	4	5	6	7	6	7	8	0	1	2	2	8	3	4	2	8	6	6	5	9	5	8	1	1	1	1	2	1	1	1	1	1	1	1	1	1	2
26500	-58.115674141739888	-64.971162092699259	6.855487950959373	0.000080000000000	0.000020000000000	0.250000000000000	0.861370745660830	0	1	2	2	5	3	4	3	4	5	5	9	6	9	9	0	1	2	2	8	2	4	2	8	6	6	5	9	5	5	1	1	1	1	1	1	1	1	1	1	1	3	1	1	2
27000	-65.357237415834717	-72.212725366794089	6.855487950959373	0.000080000000000	0.000020000000000	0.250000000000000	0.961918643198927	-1	3	1	2	5	4	3	3	4	6	7	9	7	7	6	0	3	1	3	8	2	4	3	8	6	6	5	9	8	8	1	1	1	1	1	1	1	1	1	1	1	1	1	2	1
27500	-69.775483912775613	-76.630971863734985	6.855487950959373	0.000080000000000	0.000020000000000	0.250000000000000	0.888672437882778	-1	2	1	2	4	3	4	3	4	5	5	9	6	8	9	0	3	1	3	8	2	4	2	8	6	6	9	5	8	8	1	1	1	1	1	1	2	1	1	1	1	3	1	3	2
28000	-56.723862273461890	-63.579350224421262	6.855487950959373	0.000080000000000	0.000020000000000	0.250000000000000	0.824208768909317	0	2	1	3	3	3	5	4	4	5	5	8	8	9	9	0	3	1	3	3	2	4	5	5	6	6	8	9	12	12	1	1	1	1	1	1	1	1	1	1	1	2	2	1	1
28500	-62.829130758585123	-69.684618709544495	6.855487950959373	0.000080000000000	0.000020000000000	0.250000000000000	0.766423260531048	-1	2	1	3	4	3	5	3	5	6	6	7	8	10	9	0	3	1	2	8	2	4	2	5	6	6	5	9	13	12	1	1	1	1	1	1	1	1	1	1	2	2	2	1	1
29000	-62.432946939197933	-69.288434890157305	6.855487950959373	0.000080000000000	0.000020000000000	0.250000000000000	0.875171490467445	-1	2	1	2	5	4	4	3	4	5	7	8	7	9	10	0	3	1	3	8	3	4	3	8	6	6	5	9	12	13	1	1	1	1	1	2	1	1	1	1	1	2	2	1	1
29500	-73.560738222866107	-80.416226173825478	6.855487950959373	0.000080000000000	0.000020000000000	0.250000000000000	0.758900630241959	-1	2	1	2	4	3	5	3	4	6	6	8	7	9	9	0	3	1	3	2	3	4	3	2	6	6	8	5	13	13	1	1	1	1	1	2	1	1	2	2	2	3	2	1	1
30000	-59.435584283501356	-66.291072234460728	6.855487950959373	0.000080000000000	0.000020000000000	0.250000000000000	0.807016847591661	0	3	1	2	3	3	5	2	5	5	7	7	7	10	9	0	3	1	3	8	3	4	3	5	6	6	9	9	12	12	1	1	1	1	1	1	2	1	1	1	2	1	1	1	1
30500	-59.029746391319605	-65.885234342278977	6.855487950959373	0.000080000000000	0.000020000000000	0.250000000000000	0.866783861213092	0	2	1	3	5	3	4	3	4	5	6	8	7	7	10	0	3	1	3	8	2	4	2	8	6	6	5	9	5	12	1	1	1	1	1	1	1	1	1	2	1	1	1	1	1
31000	-53.695823115784833	-60.551311066744205	6.855487950959373	0.000080000000000	0.000020000000000	0.250000000000000	0.815018963687598	0	3	1	2	5	4	4	3	4	5	6	9	7	10	9	0	3	1	3	8	2	4	3	8	6	6	13	9	12	13	1	1	1	1	1	1	1	1	1	1	1	1	2	1	1
31500	-70.592828394817531	-77.448316345776902	6.855487950959373	0.000080000000000	0.000020000000000	0.250000000000000	0.723121899023210	-1	1	0	2	5	2	4	3	4	5	7	10	7	10	9	0	3	1	2	8	3	4	3	8	6	10	2	9	8	5	1	1	1	1	1	1	1	1	1	2	1	4	1	3	2
32000	-80.472818394437127	-87.328306345396499	6.855487950959373	0.000080000000000	0.000020000000000	0.250000000000000	0.889170209863292	-3	2	0	2	5	4	5	2	4	3	5	9	7	8	9	0	1	1	3	8	10	3	3	8	2	6	14	9	5	7	1	2	1	1	1	1	2	1	1	1	1	1	1	1	2
32500	-59.402528480314047	-66.258016431273418	6.855487950959373	0.000080000000000	0.000020000000000	0.250000000000000	0.814685106634492	0	2	3	1	5	3	4	3	5	5	6	9	7	10	8	0	4	2	1	8	2	4	2	8	6	6	13	9	12	8	1	1	1	1	1	1	1	1	1	1	2	1	1	1	2
33000	-66.562880714566319	-73.418368665525691	6.855487950959373	0.000080000000000	0.000020000000000	0.250000000000000	0.727797670716547	-1	2	3	0	5	3	4	3	5	5	5	9	7	10	8	0	4	2	1	8	2	4	2	8	6	6	2	9	12	5	1	1	1	1	1	1	2	1	1	1	1	4	1	1	2
33500	-79.843901629991905	-86.699389580951276	6.855487950959373	0.000080000000000	0.000020000000000	0.250000000000000	0.520842576602247	-2	1	2	0	4	3	5	4	5	5	7	8	7	9	9	0	4	2	1	2	2	4	2	3	6	6	5	9	8	8	1	1	1	1	2	1	2	1	2	1	2	3	1	3	3
34000	-64.744555455592305	-71.600043406551677	6.855487950959373	0.000080000000000	0.000020000000000	0.250000000000000	0.816547333108426	-1	2	3	0	5	4	4	3	5	6	6	10	7	10	8	0	4	2	1	8	3	4	2	8	6	6	15	9	15	5	1	1	1	1	1	1	2	1	1	2	1	1	1	1	2
34500	-69.411625724452534	-76.267113675411906	6.855487950959373	0.000080000000000	0.000020000000000	0.250000000000000	0.743258940565813	-1	2	3	1	4	4	5	3	5	5	6	9	7	8	7	0	4	2	1	8	2	4	2	5	6	6	15	9	8	5	1	1	1	1	1	1	1	1	1	1	1	1	2	3	2
35000	-63.577438725285319	-70.432926676244691	6.855487950959373	0.000080000000000	0.000020000000000	0.250000000000000	0.871331702712878	0	2	3	1	5	4	3	4	5	6	6	9	7	8	9	0	4	2	1	8	2	4	2	8	6	6	5	9	5	8	1	1	1	1	1	1	2	1	1	1	1	2	1	1	2
35500	-77.001902903957571	-83.857390854916943	6.855487950959373	0.000080000000000	0.000020000000000	0.250000000000000	0.903558891583152	0	2	3	1	5	4	4	3	5	6	7	6	6	9	8	0	4	2	1	8	2	4	2	8	6	6	5	5	5	13	1	1	1	1	2	1	2	1	1	2	1	1	1	2	1
36000	-70.504849115035341	-77.360337065994713	6.855487950959373	0.000080000000000	0.000020000000000	0.250000000000000	0.942831170574855	-1	2	3	1	5	3	4	3	4	5	7	8	8	9	10	0	4	2	1	8	2	4	2	8	6	6	8	9	12	12	1	1	1	1	1	1	1	1	1	1	2	4	1	1	1
36500	-50.770670355600728	-57.626158306560100	6.855487950959373	0.000080000000000	0.000020000000000	0.250000000000000	0.975005648774012	-1	1	2	2	5	3	4	3	4	5	5	7	6	9	10	0	1	2	2	8	2	4	2	8	6	6	5	9	12	12	1	1	1	1	1	1	1	1	1	1	1	1	1	1	1
37000	-56.576885622983113	-63.432373573942485	6.855487950959373	0.000080000000000	0.000020000000000	0.250000000000000	0.827785956295775	-1	1	3	3	5	3	4	3	5	5	7	8	7	9	9	0	1	2	2	8	2	4	2	8	6	6	5	5	12	13	1	1	1	1	1	1	1	1	1	1	2	1	1	1	1
37500	-66.682486308572734	-73.537974259532106	6.855487950959373	0.000080000000000	0.000020000000000	0.250000000000000	0.794128303797994	-1	1	2	2	5	3	5	4	5	6	7	8	7	7	10	0	1	2	2	8	2	4	6	8	6	6	8	9	9	12	1	1	1	1	1	1	1	1	1	2	2	2	1	1	1
38000	-70.600527772477903	-77.456015723437275	6.855487950959373	0.000080000000000	0.000020000000000	0.250000000000000	0.698071122162043	0	1	2	2	5	3	3	3	5	6	6	8	7	9	9	0	1	2	2	8	3	4	3	8	6	6	5	5	8	8	1	1	1	1	2	1	1	1	1	2	1	2	1	4	3
38500	-60.914592326731523	-67.770080277690894	6.855487950959373	0.000080000000000	0.000020000000000	0.250000000000000	0.862485702614326	-2	1	2	3	5	3	5	2	4	6	6	8	7	9	10	0	1	2	2	8	2	4	2	8	6	6	5	9	12	12	1	2	1	1	1	1	1	1	1	1	1	1	1	1	1
39000	-60.553643709101635	-67.409131660061007	6.855487950959373	0.000080000000000	0.000020000000000	0.250000000000000	0.741639680347235	0	1	2	2	4	3	5	3	5	5	6	9	7	8	9	0	1	2	2	8	2	4	2	8	6	6	8	9	5	5	1	1	1	1	1	1	2	1	1	1	2	3	1	2	2
39500	-57.134717927413035	-63.990205878372407	6.855487950959373	0.000080000000000	0.000020000000000	0.250000000000000	0.932053424155973	0	1	3	3	5	3	5	3	4	5	6	9	6	9	8	0	1	2	2	8	2	4	2	8	6	6	8	9	5	5	1	1	1	1	1	1	1	1	1	1	1	2	1	2	1
40000	-62.520015282600284	-69.375503233559655	6.855487950959373	0.000080000000000	0.000020000000000	0.250000000000000	0.936228230297620	0	1	3	2	3	4	4	3	4	6	6	8	6	7	10	0	1	2	2	2	3	4	2	5	6	6	5	9	13	12	1	1	1	1	1	1	1	1	1	1	1	2	2	1	1
40500	-69.118861198932692	-75.974349149892063	6.855487950959373	0.000080000000000	0.000020000000000	0.250000000000000	0.702045291910061	0	2	3	3	4	3	5	3	5	5	7	10	8	7	9	0	1	2	2	8	2	4	2	8	6	6	14	11	5	11	1	1	1	1	1	1	1	1	1	1	2	2	1	2	1
41000	-62.525511368785203	-69.380999319744575	6.855487950959373	0.000080000000000	0.000020000000000	0.250000000000000	0.872378354467755	0	1	3	3	4	3	5	3	4	5	6	10	7	9	9	0	1	2	2	8	2	4	2	8	6	6	14	9	5	5	1	1	1	1	1	1	2	1	1	1	2	1	1	2	2
41500	-55.173876404428349	-62.029364355387720	6.855487950959373	0.000080000000000	0.000020000000000	0.250000000000000	0.832868578133617	-1	1	2	2	5	4	4	3	5	6	6	9	7	9	10	0	1	2	2	8	3	4	3	8	6	6	5	9	8	12	1	1	1	1	1	1	1	1	1	1	1	2	1	2	1
42000	-58.485019831073700	-65.340507782033072	6.855487950959373	0.000080000000000	0.000020000000000	0.250000000000000	0.886878800095386	-1	1	3	3	4	3	5	3	4	5	4	9	8	10	10	0	1	2	2	8	2	4	2	8	11	6	5	9	13	12	1	1	1	1	1	1	1	1	1	1	1	2	2	1	1
42500	-69.540835211627567	-76.396323162586938	6.855487950959373	0.000080000000000	0.000020000000000	0.250000000000000	0.745255482222935	-2	3	0	2	3	4	4	2	4	6	6	9	6	10	8	0	3	1	3	8	3	4	3	8	6	6	5	9	12	5	1	1	1	1	1	2	1	1	1	1	1	2	2	1	2
43000	-65.219281657085489	-72.074769608044861	6.855487950959373	0.000080000000000	0.000020000000000	0.250000000000000	0.694608922510606	0	2	1	3	4	3	4	2	4	6	5	9	6	10	7	0	3	1	2	8	2	4	3	8	6	6	15	9	12	5	1	1	1	1	1	1	1	1	1	2	2	1	1	1	2
43500	-62.133282252314345	-68.988770203273717	6.855487950959373	0.000080000000000	0.000020000000000	0.250000000000000	0.823442485579659	-1	2	1	2	4	3	4	3	5	4	7	8	7	9	9	0	3	1	3	2	2	4	2	8	6	6	9	9	5	5	1	1	1	1	1	1	1	1	1	1	2	1	1	2	3
44000	-59.702484577258602	-66.557972528217974	6.855487950959373	0.000080000000000	0.000020000000000	0.250000000000000	0.892363001853742	-1	2	1	2	5	4	4	3	5	6	6	9	7	10	9	0	3	1	3	8	3	4	3	8	6	6	13	9	12	5	1	1	1	1	1	2	1	1	1	1	1	2	1	1	2
44500	-63.494414663931110	-70.349902614890482	6.855487950959373	0.000080000000000	0.000020000000000	0.250000000000000	0.871878228088917	0	2	1	3	4	3	4	3	5	4	6	8	7	9	8	0	3	1	2	8	3	4	2	5	6	6	9	9	12	2	1	1	1	1	1	1	1	1	1	1	2	1	1	1	2
45000	-60.988437125780706	-67.843925076740078	6.855487950959373	0.000080000000000	0.000020000000000	0.250000000000000	0.700104625987756	0	3	2	3	5	4	4	3	4	6	6	9	7	8	7	0	3	1	3	8	2	4	3	8	6	6	5	9	5	8	1	1	1	1	1	1	1	1	1	1	1	2	1	2	2
45500	-65.791887464281317	-72.647375415240688	6.855487950959373	0.000080000000000	0.000020000000000	0.250000000000000	0.712103695787066	0	2	1	2	4	3	4	3	4	5	5	9	7	8	6	0	3	1	3	8	2	4	3	8	6	6	9	9	5	8	1	1	1	1	1	1	1	1	1	2	1	3	1	2	1
46000	-68.529604326972006	-75.385092277931378	6.855487950959373	0.000080000000000	0.000020000000000	0.250000000000000	0.805851536824226	0	2	1	3	3	3	5	4	5	5	7	9	8	9	8	0	3	1	3	2	3	4	5	5	6	2	8	9	9	8	1	1	1	1	1	1	1	1	1	2	2	2	1	2	2
46500	-60.957546591344268	-67.813034542303640	6.855487950959373	0.000080000000000	0.000020000000000	0.250000000000000	0.859154428102123	0	2	1	3	2	3	4	3	4	6	4	8	8	10	10	0	3	1	3	3	3	4	5	8	11	6	8	9	12	12	1	1	1	1	1	1	1	1	1	1	1	2	2	1	1
47000	-63.604859367383938	-70.460347318343310	6.855487950959373	0.000080000000000	0.000020000000000	0.250000000000000	0.666741187855663	0	2	1	2	2	3	5	4	4	5	5	10	7	9	8	0	3	1	3	3	3	4	5	5	6	6	9	9	15	8	1	1	1	1	1	1	2	1	1	1	1	3	1	1	2
47500	-69.820243277674379	-76.675731228633751	6.855487950959373	0.000080000000000	0.000020000000000	0.250000000000000	0.623022401878766	0	2	1	2	3	3	4	4	5	5	6	6	7	8	8	0	3	1	3	2	2	4	5	8	6	6	5	9	8	12	1	1	1	1	1	1	1	1	1	2	1	2	1	2	2
48000	-62.216517399634540	-69.072005350593912	6.855487950959373	0.000080000000000	0.000020000000000	0.250000000000000	0.689722436881160	-1	2	1	2	3	4	4	4	5	6	6	8	7	9	10	0	3	1	3	2	2	4	5	5	6	6	13	9	9	12	1	1	1	1	1	1	1	1	2	1	1	1	1	1	1
48500	-74.540593562635664	-81.396081513595036	6.855487950959373	0.000080000000000	0.000020000000000	0.250000000000000	0.785368132055757	-2	2	0	2	3	3	4	4	4	5	5	9	7	9	8	0	3	1	3	3	3	4	5	5	6	6	8	9	8	5	1	2	1	1	2	2	1	1	1	1	1	2	2	2	1
49000	-68.451687101712835	-75.307175052672207	6.855487950959373	0.000080000000000	0.000020000000000	0.250000000000000	0.745069884247745	0	3	1	2	3	2	4	3	4	3	6	8	7	9	9	0	3	1	3	3	3	4	6	5	6	6	8	9	8	12	1	1	1	1	1	1	1	1	1	1	2	2	2	3	1
49500	-59.073037777928576	-65.928525728887948	6.855487950959373	0.000080000000000	0.000020000000000	0.250000000000000	0.896375383808494	-1	2	1	3	3	3	4	4	5	5	6	9	7	10	10	0	3	1	3	3	3	4	5	8	6	5	9	9	12	12	1	1	1	1	1	1	1	1	1	1	1	1	1	1	1
50000	-59.735684897610113	-66.591172848569485	6.855487950959373	0.000080000000000	0.000020000000000	0.250000000000000	0.978331313103905	0	2	1	3	5	4	4	3	5	5	7	10	7	9	8	0	3	1	2	8	2	4	2	8	6	5	15	9	15	5	1	1	1	1	1	1	1	1	1	1	1	1	1	1	2
50500	-58.415188815402161	-65.270676766361532	6.855487950959373	0.000080000000000	0.000020000000000	0.250000000000000	0.892994716258803	0	2	1	2	4	4	4	3	5	3	6	8	7	9	10	0	3	1	3	8	10	4	3	5	3	6	9	9	12	12	1	1	1	1	1	1	2	1	1	1	1	1	1	1	1
51000	-55.289825416042632	-62.145313367002004	6.855487950959373	0.000080000000000	0.000020000000000	0.250000000000000	0.951481796530402	1	3	2	3	5	3	4	4	5	5	5	9	7	7	8	0	3	1	3	8	3	4	3	8	6	6	13	9	5	5	1	1	1	1	1	1	1	1	1	1	1	1	1	1	1
51500	-64.495955588785449	-71.351443539744821	6.855487950959373	0.000080000000000	0.000020000000000	0.250000000000000	0.783194140431937	-1	3	1	2	5	4	4	3	4	6	7	10	7	8	9	0	3	1	3	8	3	4	3	8	6	6	5	9	5	13	1	1	1	1	1	2	1	1	1	1	2	2	2	2	1
52000	-72.023318463120077	-78.878806414079449	6.855487950959373	0.000080000000000	0.000020000000000	0.250000000000000	0.646997562777871	-1	2	1	3	3	4	4	4	5	5	6	7	6	9	9	0	3	1	3	3	2	4	5	5	2	3	8	8	12	12	1	1	1	1	1	2	1	1	2	1	2	2	1	1	1
52500	-62.243993040984577	-69.099480991943949	6.855487950959373	0.000080000000000	0.000020000000000	0.250000000000000	0.991632795809117	0	2	1	3	3	4	5	4	5	6	7	6	7	9	8	0	3	1	2	3	2	4	5	8	6	6	5	9	12	12	1	1	1	1	1	1	1	1	1	1	1	1	1	2	1
53000	-58.728165155510879	-65.583653106470251	6.855487950959373	0.000080000000000	0.000020000000000	0.250000000000000	0.916012153354443	-1	2	1	3	3	3	4	4	5	6	7	7	7	9	9	0	3	1	3	2	3	4	5	8	6	6	5	9	12	12	1	1	1	1	1	1	1	1	1	1	2	2	1	1	1
53500	-58.145643508406593	-65.001131459365965	6.855487950959373	0.000080000000000	0.000020000000000	0.250000000000000	0.827610529531536	0	2	1	3	4	3	5	3	5	5	5	8	8	9	8	0	3	1	2	8	2	4	3	8	6	6	5	9	12	8	1	1	1	1	1	1	1	1	1	1	1	2	1	1	2
54000	-62.729049816175973	-69.584537767135345	6.855487950959373	0.000080000000000	0.000020000000000	0.250000000000000	0.959545624766122	0	2	1	2	5	3	4	3	4	4	6	7	7	9	10	0	3	1	3	8	2	4	3	8	6	10	5	2	13	5	1	1	1	1	1	1	1	1	1	1	1	1	2	1	1
54500	-60.021769100141299	-66.877257051100671	6.855487950959373	0.000080000000000	0.000020000000000	0.250000000000000	0.691704978687014	0	2	1	3	4	3	5	3	5	5	7	7	7	10	9	0	3	1	2	8	3	4	3	5	6	6	8	9	15	12	1	1	1	1	1	1	1	1	1	1	2	2	1	1	1
55000	-57.986545701821598	-64.842033652780970	6.855487950959373	0.000080000000000	0.000020000000000	0.250000000000000	0.890799202347607	-1	2	1	2	3	3	3	4	4	5	5	8	6	9	10	0	3	1	3	3	3	4	5	5	6	6	5	5	12	12	1	1	1	1	1	1	1	1	1	1	1	2	1	1	1
55500	-58.067840859284303	-64.923328810243675	6.855487950959373	0.000080000000000	0.000020000000000	0.250000000000000	0.955378400135877	0	2	1	3	3	4	5	4	5	6	5	7	8	9	10	0	3	1	3	2	2	4	5	5	11	6	8	9	12	12	1	1	1	1	1	1	1	1	1	1	1	1	1	1	1
56000	-63.439200587233884	-70.294688538193256	6.855487950959373	0.000080000000000	0.000020000000000	0.250000000000000	0.813424144321447	0	2	1	3	3	2	5	4	5	5	6	8	7	10	8	0	3	1	2	3	3	4	5	5	2	6	13	9	12	8	1	1	1	1	1	1	1	1	1	1	2	1	1	1	2
56500	-73.609368302149605	-80.464856253108977	6.855487950959373	0.000080000000000	0.000020000000000	0.250000000000000	0.686646976036415	-3	2	1	3	3	3	5	4	4	5	5	9	8	7	9	0	3	1	3	3	2	4	5	5	6	6	8	9	5	8	1	1	2	1	2	1	1	1	1	1	1	2	2	2	2
57000	-62.734843849082722	-69.590331800042094	6.855487950959373	0.000080000000000	0.000020000000000	0.250000000000000	0.981637087580806	0	3	2	3	5	3	5	3	5	5	6	9	7	9	8	0	3	1	3	8	3	4	3	8	6	6	15	9	8	9	1	1	1	1	1	1	1	1	2	1	1	1	1	2	1
57500	-54.967245677741225	-61.822733628700597	6.855487950959373	0.000080000000000	0.000020000000000	0.250000000000000	0.845136399793207	0	3	1	3	4	3	4	3	5	5	6	7	7	10	9	0	3	1	3	8	3	4	3	8	6	6	5	9	12	12	1	1	1	1	1	1	1	1	1	1	2	2	1	1	1
58000	-56.815994487646755	-63.671482438606127	6.855487950959373	0.000080000000000	0.000020000000000	0.250000000000000	0.803210972233090	-1	3	1	3	4	3	5	3	5	5	6	8	7	10	8	0	3	1	3	8	3	4	3	8	6	6	5	9	12	8	1	1	1	1	1	1	1	1	1	1	2	2	1	1	2
58500	-58.905310354412734	-65.760798305372106	6.855487950959373	0.000080000000000	0.000020000000000	0.250000000000000	0.982989046168023	-1	3	1	2	5	3	4	3	4	5	6	9	8	10	10	0	3	1	3	8	3	4	3	8	6	6	5	9	13	12	1	1	1	1	1	1	1	1	1	1	2	1	2	1	1
59000	-62.225818581495645	-69.081306532455017	6.855487950959373	0.000080000000000	0.000020000000000	0.250000000000000	0.833234437896611	-2	2	0	3	5	3	5	3	5	4	6	7	6	8	9	0	3	1	2	8	2	4	2	8	6	6	5	9	5	12	1	1	1	1	1	1	1	1	1	1	1	1	1	2	1
59500	-58.599016614662432	-65.454504565621804	6.855487950959373	0.000080000000000	0.000020000000000	0.250000000000000	0.715490897209434	0	3	1	3	5	4	5	3	4	6	6	9	6	8	9	0	3	1	3	8	2	4	3	8	6	6	13	9	5	5	1	1	1	1	1	1	1	1	1	1	1	1	1	2	2
60000	-63.100695122526275	-69.956183073485647	6.855487950959373	0.000080000000000	0.000020000000000	0.250000000000000	0.885129021230876	0	2	1	3	5	3	4	3	5	5	6	8	6	9	9	0	3	1	2	8	3	4	3	8	6	6	13	9	11	5	1	1	1	1	1	1	1	1	1	1	2	1	1	1	3
60500	-53.845114452750998	-60.700602403710370	6.855487950959373	0.000080000000000	0.000020000000000	0.250000000000000	0.898580529874660	0	3	2	3	4	4	4	3	5	6	6	8	6	10	10	0	3	1	3	8	3	4	3	8	6	6	5	9	12	12	1	1	1	1	1	1	1	1	1	1	1	1	1	1	1
61000	-62.472235233407787	-69.327723184367159	6.855487950959373	0.000080000000000	0.000020000000000	0.250000000000000	0.773102811640434	0	2	1	2	5	3	5	3	4	4	6	8	8	10	10	0	3	1	3	8	3	4	2	8	6	6	8	9	12	5	1	1	1	1	1	1	1	1	1	1	1	2	1	1	2
61500	-64.077820645142452	-70.933308596101824	6.855487950959373	0.000080000000000	0.000020000000000	0.250000000000000	0.800220470757609	0	3	1	3	4	3	4	3	5	5	6	10	6	8	9	0	3	1	3	6	3	4	3	8	6	6	13	9	8	5	1	1	1	1	1	1	1	1	1	1	1	2	1	2	2
62000	-54.288990370219999	-61.144478321179371	6.855487950959373	0.000080000000000	0.000020000000000	0.250000000000000	0.960957621118250	0	2	1	2	4	4	4	3	5	6	7	7	7	9	9	0	3	1	3	8	2	4	3	8	6	6	9	9	12	12	1	1	1	1	1	1	1	1	1	1	1	2	1	1	1
62500	-60.369141523392074	-67.224629474351445	6.855487950959373	0.000080000000000	0.000020000000000	0.250000000000000	0.904384483905355	-1	3	1	2	5	4	4	2	4	5	6	9	8	8	9	0	3	1	3	8	2	4	3	8	6	6	5	9	5	5	1	1	1	1	1	1	1	1	1	1	1	2	2	1	2
63000	-67.626590643538719	-74.482078594498091	6.855487950959373	0.000080000000000	0.000020000000000	0.250000000000000	0.810302138582646	-1	1	2	1	4	4	4	3	5	5	6	7	8	10	7	0	1	2	1	8	3	4	3	8	6	6	5	9	15	5	1	1	1	1	1	1	2	1	1	1	1	1	2	2	2
63500	-64.127321380435504	-70.982809331394876	6.855487950959373	0.000080000000000	0.000020000000000	0.250000000000000	0.750974709433326	-1	0	2	3	3	3	4	2	4	5	5	9	8	10	7	0	1	2	3	8	3	4	2	8	6	6	13	9	12	8	1	1	1	1	1	1	1	1	1	1	1	1	2	1	2
64000	-55.827075464640849	-62.682563415600221	6.855487950959373	0.000080000000000	0.000020000000000	0.250000000000000	0.958118323742621	0	2	3	3	4	3	4	3	5	5	7	7	6	9	9	0	1	2	2	8	2	4	2	5	6	6	5	9	12	12	1	1	1	1	1	1	1	1	1	1	2	1	1	1	1
64500	-59.666453225497989	-66.521941176457361	6.855487950959373	0.000080000000000	0.000020000000000	0.250000000000000	0.828598074160123	0	1	2	2	5	3	4	3	5	5	5	7	8	9	9	0	1	2	2	8	2	4	2	8	6	6	9	9	13	13	1	1	1	1	1	1	1	1	1	2	1	1	2	1	1
65000	-67.828139337738691	-74.683627288698062	6.855487950959373	0.000080000000000	0.000020000000000	0.250000000000000	0.772684708472139	0	1	2	3	3	3	4	4	4	6	6	9	7	7	10	0	1	2	2	3	3	4	5	5	6	6	13	9	3	13	1	1	1	1	1	1	1	1	1	1	1	1	1	2	1
65500	-54.747928553533797	-61.603416504493168	6.855487950959373	0.000080000000000	0.000020000000000	0.250000000000000	0.937010193787525	-1	2	1	2	3	3	4	4	5	5	6	9	7	8	9	0	3	1	3	3	3	4	5	5	6	6	13	9	8	14	1	1	1	1	1	1	1	1	1	1	1	1	1	2	1
66000	-60.680645941217676	-67.536133892177048	6.855487950959373	0.000080000000000	0.000020000000000	0.250000000000000	0.915017828370501	0	2	1	3	4	4	4	3	5	6	5	8	7	8	9	0	3	1	3	8	3	4	3	5	6	6	13	9	5	12	1	1	1	1	1	2	1	1	1	1	1	1	1	1	1
66500	-61.754903770945347	-68.610391721904719	6.855487950959373	0.000080000000000	0.000020000000000	0.250000000000000	0.812681214339008	0	3	1	2	4	3	3	3	5	6	6	8	8	10	9	0	3	1	3	8	3	4	3	5	6	6	8	9	12	12	1	1	1	1	1	1	1	1	1	2	1	3	2	1	1
67000	-53.468857482965142	-60.324345433924513	6.855487950959373	0.000080000000000	0.000020000000000	0.250000000000000	0.966377794029959	0	2	1	2	4	4	4	2	5	6	6	6	7	8	9	0	3	1	3	8	2	4	3	5	6	6	5	9	12	12	1	1	1	1	1	1	1	1	1	1	1	1	1	1	1
67500	-64.121862745821588	-70.977350696780960	6.855487950959373	0.000080000000000	0.000020000000000	0.250000000000000	0.856743622063613	-1	3	1	2	4	3	3	2	4	5	5	9	8	8	7	0	3	1	3	8	3	4	3	8	6	6	5	9	5	8	1	1	1	1	1	1	1	1	1	1	1	2	2	2	2
68000	-60.777806027938396	-67.633293978897768	6.855487950959373	0.000080000000000	0.000020000000000	0.250000000000000	0.954914597518450	0	3	1	3	5	3	4	4	5	5	7	7	8	9	7	0	3	1	3	4	3	4	2	8	6	6	9	9	12	5	1	1	1	1	1	1	1	1	1	1	2	1	1	1	1
68500	-77.356798612049758	-84.212286563009130	6.855487950959373	0.000080000000000	0.000020000000000	0.250000000000000	0.726361223550266	-1	0	2	2	5	2	4	3	5	6	6	9	7	10	10	0	1	2	2	8	2	4	2	8	6	6	5	5	11	8	1	1	1	1	1	2	1	2	1	2	2	2	1	3	4
69000	-64.630633277364154	-71.486121228323526	6.855487950959373	0.000080000000000	0.000020000000000	0.250000000000000	0.852707561029991	0	1	2	2	5	3	3	4	5	5	6	7	7	8	9	0	1	2	2	8	3	4	3	8	6	6	8	9	5	5	1	1	1	1	1	1	1	1	1	1	2	1	2	1	2
69500	-68.319482947595475	-75.174970898554847	6.855487950959373	0.000080000000000	0.000020000000000	0.250000000000000	0.833858787756926	0	1	2	2	5	3	4	2	4	6	5	9	8	7	8	0	1	2	2	8	3	4	2	8	11	6	9	5	5	5	1	1	1	1	1	1	2	1	1	1	1	3	1	1	2
70000	-57.527144012715496	-64.382631963674868	6.855487950959373	0.000080000000000	0.000020000000000	0.250000000000000	0.994827901593689	0	2	3	3	5	4	4	4	3	6	6	8	6	9	9	0	1	2	2	8	3	4	9	2	6	6	5	8	5	12	1	1	1	1	1	1	1	1	1	1	1	1	1	1	1
70500	-61.482548087760222	-68.338036038719594	6.855487950959373	0.000080000000000	0.000020000000000	0.250000000000000	0.785684108824702	0	1	2	2	5	4	4	3	5	6	6	9	7	9	7	0	1	2	2	8	3	4	3	8	6	6	15	9	15	8	1	1	1	1	1	1	2	1	1	1	2	1	1	1	2
71000	-53.328365702670631	-60.183853653630003	6.855487950959373	0.000080000000000	0.000020000000000	0.250000000000000	0.811573921430452	0	1	2	2	4	3	4	3	4	5	6	8	6	9	9	0	1	2	2	8	2	4	2	8	6	6	5	9	12	12	1	1	1	1	1	1	1	1	1	1	2	2	1	1	1
71500	-64.513832017871593	-71.369319968830965	6.855487950959373	0.000080000000000	0.000020000000000	0.250000000000000	0.773432298207238	-1	1	2	3	4	3	5	3	5	4	6	10	7	9	8	0	1	2	3	8	3	4	2	8	3	6	5	9	15	8	1	1	1	1	1	1	1	1	1	1	2	2	1	1	3
72000	-53.055756715475255	-59.911244666434627	6.855487950959373	0.000080000000000	0.000020000000000	0.250000000000000	0.998970723327614	-1	1	2	3	4	3	4	3	5	5	6	8	8	10	9	0	1	2	2	8	2	4	2	5	6	6	5	9	12	12	1	1	1	1	1	1	1	1	1	1	1	1	1	1	1
72500	-67.432366746060666	-74.287854697020038	6.855487950959373	0.000080000000000	0.000020000000000	0.250000000000000	0.743038454627836	-1	1	2	2	4	3	4	3	5	6	4	8	8	9	10	0	1	2	2	8	2	4	3	8	11	6	8	9	5	5	1	1	1	1	1	1	2	1	1	1	1	2	1	2	2
73000	-50.854335864701568	-57.709823815660940	6.855487950959373	0.000080000000000	0.000020000000000	0.250000000000000	0.998222085331077	-1	1	2	3	5	3	4	3	5	4	5	8	7	10	10	0	1	2	2	8	2	4	2	8	6	6	5	9	12	12	1	1	1	1	1	1	1	1	1	1	1	1	1	1	1
73500	-61.255053339647390	-68.110541290606761	6.855487950959373	0.000080000000000	0.000020000000000	0.250000000000000	0.817530403567823	-1	1	3	2	5	4	4	3	5	5	7	9	7	9	9	0	1	2	2	8	2	4	2	8	6	6	5	5	5	13	1	1	1	1	1	1	1	1	1	1	1	2	2	1	1
74000	-56.300922537628438	-63.156410488587809	6.855487950959373	0.000080000000000	0.000020000000000	0.250000000000000	0.852927070346140	0	1	3	2	5	3	5	3	4	5	6	9	7	9	9	0	1	2	2	8	2	4	2	8	6	6	5	9	13	13	1	1	1	1	1	1	1	1	1	1	2	2	2	1	1
74500	-62.197649836059327	-69.053137787018699	6.855487950959373	0.000080000000000	0.000020000000000	0.250000000000000	0.621302958161698	-2	1	3	3	4	3	5	3	4	5	6	8	8	9	10	0	1	2	2	8	2	4	2	8	6	6	5	9	13	12	1	2	1	1	1	1	1	1	1	1	2	2	2	1	1
75000	-63.907288056790506	-70.762776007749878	6.855487950959373	0.000080000000000	0.000020000000000	0.250000000000000	0.751650074270450	0	1	2	3	4	3	4	2	4	5	6	8	6	10	9	0	1	2	2	8	2	4	2	8	6	6	5	5	12	12	1	1	1	1	1	2	1	1	2	1	2	2	1	1	1
75500	-62.283511318233906	-69.138999269193278	6.855487950959373	0.000080000000000	0.000020000000000	0.250000000000000	0.653097914151780	-1	1	2	3	5	3	4	4	5	5	6	9	7	10	8	0	1	2	3	8	3	4	3	8	6	6	8	9	5	5	1	1	1	1	1	1	1	1	1	1	2	2	1	2	1
76000	-64.818819528553774	-71.674307479513146	6.855487950959373	0.000080000000000	0.000020000000000	0.250000000000000	0.737650083158836	0	1	2	3	4	3	5	3	5	5	7	9	7	9	10	0	1	2	2	8	3	4	2	8	6	6	13	9	5	5	1	1	1	1	1	1	1	1	2	1	3	1	1	2	2
76500	-62.358398859431759	-69.213886810391131	6.855487950959373	0.000080000000000	0.000020000000000	0.250000000000000	0.956506555476634	-1	1	2	3	4	4	4	3	4	5	6	6	7	8	6	0	1	2	2	8	3	4	3	8	6	6	5	9	8	5	1	1	1	1	1	1	1	1	1	1	1	1	1	1	1
77000	-66.903891065436454	-73.759379016395826	6.855487950959373	0.000080000000000	0.000020000000000	0.250000000000000	0.931439249576310	-1	1	3	2	5	3	3	3	4	6	5	9	7	10	10	0	1	2	2	8	2	4	2	8	11	7	5	9	12	5	1	1	1	1	1	1	1	1	1	1	1	2	2	1	2
77500	-58.748733415514621	-65.604221366473993	6.855487950959373	0.000080000000000	0.000020000000000	0.250000000000000	0.919956956477283	-1	1	2	3	4	4	4	3	4	5	6	7	7	8	9	0	1	2	2	8	3	4	3	8	6	10	5	9	5	12	1	1	1	1	1	1	1	1	1	1	1	2	1	1	1
78000	-58.388386085667449	-65.243874036626821	6.855487950959373	0.000080000000000	0.000020000000000	0.250000000000000	0.863490348044917	0	1	2	2	5	3	4	3	4	5	7	9	7	10	7	0	1	2	2	8	3	3	2	8	6	6	15	9	12	5	1	1	1	1	1	1	1	1	1	1	2	1	2	1	1
78500	-64.832810316430056	-71.688298267389428	6.855487950959373	0.000080000000000	0.000020000000000	0.250000000000000	0.635509485611995	-1	1	2	2	4	3	4	3	5	5	6	10	7	9	8	0	1	2	2	8	2	4	2	8	6	2	9	9	9	5	1	1	1	1	1	1	1	1	2	1	2	3	1	2	2
79000	-71.755921220602559	-78.611409171561931	6.855487950959373	0.000080000000000	0.000020000000000	0.250000000000000	0.682552683431902	-1	1	2	3	5	4	5	3	4	5	7	10	7	9	8	0	1	2	2	8	3	4	3	8	4	10	7	9	5	8	1	1	1	1	1	1	1	1	1	1	1	2	2	2	2
79500	-61.884149225893012	-68.739637176852384	6.855487950959373	0.000080000000000	0.000020000000000	0.250000000000000	0.944687322136997	-1	0	1	2	5	3	4	3	5	5	7	8	7	9	10	0	1	2	3	8	3	4	2	8	6	6	5	9	13	5	1	1	1	1	1	1	1	1	1	1	2	1	1	1	2
80000	-65.412593357548303	-72.268081308507675	6.855487950959373	0.000080000000000	0.000020000000000	0.250000000000000	0.633622566591920	-1	1	3	2	4	3	4	3	4	5	6	9	8	9	8	0	1	2	2	8	2	4	2	8	6	6	8	9	5	2	1	1	1	1	1	1	1	1	1	1	2	3	2	2	3
80500	-61.370355080233495	-68.225843031192866	6.855487950959373	0.000080000000000	0.000020000000000	0.250000000000000	0.790533232566110	0	1	2	2	5	3	5	3	4	6	6	9	6	9	10	0	1	2	2	8	2	3	2	8	6	6	5	9	5	14	1	1	1	1	1	1	2	1	1	1	1	2	1	2	1
81000	-50.964540047142307	-57.820027998101679	6.855487950959373	0.000080000000000	0.000020000000000	0.250000000000000	0.961596986066053	-1	1	3	2	4	3	4	3	5	5	6	7	8	9	9	0	1	2	2	8	2	4	2	8	6	6	5	9	12	12	1	1	1	1	1	1	1	1	1	1	1	1	1	1	1
81500	-56.246458504167933	-63.101946455127305	6.855487950959373	0.000080000000000	0.000020000000000	0.250000000000000	0.981854312153450	0	1	3	2	4	4	5	3	5	5	6	7	7	9	9	0	1	2	2	8	2	4	2	8	6	10	5	9	12	12	1	1	1	1	1	2	1	1	1	1	1	1	1	1	1
82000	-63.388020475418813	-70.243508426378185	6.855487950959373	0.000080000000000	0.000020000000000	0.250000000000000	0.927878156856793	0	1	2	2	4	3	5	2	5	6	4	7	7	9	9	0	1	2	2	8	2	2	2	8	11	6	5	9	12	12	1	1	1	1	1	1	3	1	1	1	1	1	1	1	1
82500	-55.803085064790316	-62.658573015749688	6.855487950959373	0.000080000000000	0.000020000000000	0.250000000000000	0.976029452863022	-1	1	3	3	5	2	4	3	5	6	4	9	7	10	10	0	1	2	2	8	2	4	2	8	11	6	5	9	12	12	1	1	1	1	1	1	1	1	1	1	1	2	1	1	1
83000	-62.093104913291029	-68.948592864250401	6.855487950959373	0.000080000000000	0.000020000000000	0.250000000000000	0.701517439135898	0	1	2	3	5	3	4	3	4	5	6	8	7	9	9	0	1	2	2	8	2	3	3	3	6	6	11	8	5	12	1	1	1	1	1	1	1	1	1	1	2	1	2	2	1
83500	-66.102294584288501	-72.957782535247873	6.855487950959373	0.000080000000000	0.000020000000000	0.250000000000000	0.891178435400134	0	1	2	3	5	2	5	4	3	5	5	8	7	9	10	0	1	2	3	8	2	4	9	3	6	6	5	9	8	12	1	1	1	1	1	1	1	1	1	1	2	1	2	2	1
84000	-59.067852575918636	-65.923340526878007	6.855487950959373	0.000080000000000	0.000020000000000	0.250000000000000	0.898093956834628	-1	1	2	2	4	2	4	3	4	6	6	8	6	10	10	0	1	2	2	8	2	4	3	8	6	6	5	9	12	12	1	1	1	1	1	1	1	1	1	2	1	2	1	1	1
84500	-57.385962593690920	-64.241450544650291	6.855487950959373	0.000080000000000	0.000020000000000	0.250000000000000	0.970334669493024	0	1	2	2	3	4	4	4	5	5	6	6	7	7	8	0	1	2	2	2	3	4	5	8	6	6	5	9	12	12	1	1	1	1	1	1	1	1	1	1	1	1	1	1	1
85000	-55.899182620153340	-62.754670571112712	6.855487950959373	0.000080000000000	0.000020000000000	0.250000000000000	0.921355140288297	-1	1	2	2	5	3	4	4	5	6	5	6	7	8	9	0	1	2	2	8	2	4	3	8	11	6	8	9	12	12	1	1	1	1	1	1	1	1	1	1	1	1	1	1	1
85500	-61.551657340180540	-68.407145291139912	6.855487950959373	0.000080000000000	0.000020000000000	0.250000000000000	0.849358846073942	0	1	2	2	5	3	5	3	5	6	7	9	7	10	9	0	1	2	2	8	3	4	3	8	6	6	13	9	12	5	1	1	1	1	1	1	1	1	1	1	2	1	2	1	2
86000	-67.345733000955121	-74.201220951914493	6.855487950959373	0.000080000000000	0.000020000000000	0.250000000000000	0.854485127540691	-2	0	2	1	5	3	3	2	4	5	5	7	6	10	10	0	1	2	2	8	2	4	2	8	6	6	5	9	12	12	1	1	1	1	1	2	1	1	1	1	1	1	1	2	2
86500	-58.740042196328687	-65.595530147288059	6.855487950959373	0.000080000000000	0.000020000000000	0.250000000000000	0.918358792324721	0	1	2	3	4	3	4	3	4	6	5	9	7	10	9	0	1	2	3	8	3	4	2	8	11	6	5	9	15	5	1	1	1	1	1	1	1	1	1	1	1	2	1	1	2
87000	-64.300794863373142	-71.156282814332513	6.855487950959373	0.000080000000000	0.000020000000000	0.250000000000000	0.793940327065168	0	1	3	2	4	2	3	3	5	6	6	7	7	8	9	0	1	2	2	8	2	2	2	8	6	6	8	9	12	12	1	1	1	1	1	1	1	1	1	2	2	3	1	1	1
87500	-49.556266735652081	-56.411754686611452	6.855487950959373	0.000080000000000	0.000020000000000	0.250000000000000	0.965657905916948	-1	1	3	3	5	3	4	3	5	5	6	8	7	10	9	0	1	2	2	8	2	4	2	8	6	6	5	9	12	12	1	1	1	1	1	1	1	1	1	1	1	1	1	1	1
88000	-65.486818720946090	-72.342306671905462	6.855487950959373	0.000080000000000	0.000020000000000	0.250000000000000	0.856009933585732	0	1	2	2	4	4	4	3	5	5	6	9	8	7	6	0	1	2	2	8	3	4	2	8	6	5	5	9	15	5	1	1	1	1	1	1	1	1	1	1	1	2	1	1	1
88500	-57.762896890551971	-64.618384841511343	6.855487950959373	0.000080000000000	0.000020000000000	0.250000000000000	0.951086384990292	0	1	2	3	4	3	4	3	5	6	5	9	7	6	8	0	1	2	3	8	2	4	2	8	11	6	13	9	5	5	1	1	1	1	1	1	1	1	1	1	1	1	1	1	2
89000	-49.259794944680998	-56.115282895640370	6.855487950959373	0.000080000000000	0.000020000000000	0.250000000000000	0.955134487973837	0	1	3	3	5	3	5	3	5	5	6	8	7	10	9	0	1	2	2	8	2	4	2	8	6	6	5	9	12	12	1	1	1	1	1	1	1	1	1	1	1	1	1	1	1
89500	-63.176376784777460	-70.031864735736832	6.855487950959373	0.000080000000000	0.000020000000000	0.250000000000000	0.962569725128926	-2	1	2	3	4	4	5	3	5	5	3	10	7	9	8	0	1	2	2	8	11	4	3	8	6	3	15	9	15	8	1	1	1	1	1	1	1	1	1	1	1	1	1	1	2
90000	-64.694044249628092	-71.549532200587464	6.855487950959373	0.000080000000000	0.000020000000000	0.250000000000000	0.747623762058554	0	3	1	2	5	4	5	3	5	5	3	9	7	8	8	0	3	1	3	8	11	4	3	8	6	3	5	9	8	5	1	1	1	1	1	1	2	1	1	1	1	2	1	2	2
90500	-55.919302456947833	-62.774790407907204	6.855487950959373	0.000080000000000	0.000020000000000	0.250000000000000	0.964161420869831	0	2	1	3	4	4	4	3	5	5	3	8	7	9	10	0	3	1	3	8	11	4	3	8	11	2	5	9	12	12	1	1	1	1	1	1	1	1	1	1	1	1	1	1	1
91000	-62.905335833619958	-69.760823784579330	6.855487950959373	0.000080000000000	0.000020000000000	0.250000000000000	0.840068349801666	0	3	1	3	4	2	5	3	5	5	6	8	7	10	10	0	3	1	3	8	3	4	3	5	6	6	11	9	13	12	1	1	1	1	1	1	1	1	1	2	2	1	1	2	1
91500	-64.826595040318139	-71.682082991277511	6.855487950959373	0.000080000000000	0.000020000000000	0.250000000000000	0.813602083754537	-1	2	1	3	3	3	5	4	5	4	6	10	7	9	8	0	3	1	3	2	3	4	5	8	6	6	8	9	8	8	1	1	1	1	1	1	1	1	1	1	1	2	1	3	2
92000	-48.195915165574114	-55.051403116533486	6.855487950959373	0.000080000000000	0.000020000000000	0.250000000000000	0.983352746802734	0	1	3	2	5	3	4	3	5	5	6	8	7	9	9	0	1	2	2	8	2	4	2	8	6	6	5	9	12	12	1	1	1	1	1	1	1	1	1	1	1	1	1	1	1
92500	-61.091737298272719	-67.947225249232091	6.855487950959373	0.000080000000000	0.000020000000000	0.250000000000000	0.925551508668400	-1	1	2	2	5	3	5	4	5	6	5	8	7	7	9	0	1	2	2	8	3	4	3	8	6	6	9	9	8	12	1	1	1	1	1	1	1	1	1	2	1	1	1	1	1
93000	-67.597888900587023	-74.453376851546395	6.855487950959373	0.000080000000000	0.000020000000000	0.250000000000000	0.754807999931171	-1	2	1	3	5	3	4	3	5	6	5	10	7	10	8	0	3	1	3	8	3	4	3	8	6	6	5	9	8	5	1	1	2	1	1	1	1	1	1	2	1	2	1	2	2
93500	-63.371406648526914	-70.226894599486286	6.855487950959373	0.000080000000000	0.000020000000000	0.250000000000000	0.768150754712472	-1	3	1	2	4	3	4	2	5	4	6	7	8	8	9	0	3	1	3	8	3	4	3	8	6	6	5	9	9	12	1	1	1	1	1	1	1	1	2	1	2	1	1	2	1
94000	-56.656094901605030	-63.511582852564402	6.855487950959373	0.000080000000000	0.000020000000000	0.250000000000000	0.850734347884150	-1	2	1	2	5	3	4	3	5	5	7	6	7	9	8	0	3	1	3	8	3	4	3	8	6	6	8	9	12	12	1	1	1	1	1	1	1	1	1	1	2	1	1	1	1
94500	-64.421027876359162	-71.276515827318534	6.855487950959373	0.000080000000000	0.000020000000000	0.250000000000000	0.679545464784891	-1	3	1	2	4	2	4	3	5	5	5	8	7	9	9	0	3	1	3	8	3	4	3	8	6	6	5	9	12	8	1	1	1	1	1	1	1	1	1	2	2	2	2	1	3
95000	-61.516921433962665	-68.372409384922037	6.855487950959373	0.000080000000000	0.000020000000000	0.250000000000000	0.883185424811294	0	2	1	3	5	3	4	3	4	6	5	7	7	9	8	0	3	1	3	8	3	4	3	8	11	6	8	9	5	13	1	1	1	1	1	1	1	1	1	1	1	2	2	2	1
95500	-58.122659667778308	-64.978147618737680	6.855487950959373	0.000080000000000	0.000020000000000	0.250000000000000	0.862714281922612	-1	2	1	3	5	3	5	3	4	5	6	8	6	9	9	0	3	1	3	8	3	4	3	8	6	6	5	9	13	5	1	1	1	1	1	1	1	1	1	1	1	1	1	2	2
96000	-64.768481811076214	-71.623969762035586	6.855487950959373	0.000080000000000	0.000020000000000	0.250000000000000	0.631383552283508	0	2	1	3	4	3	4	3	5	5	7	9	7	7	9	0	3	1	3	8	3	4	3	5	6	6	5	9	8	5	1	1	1	1	1	1	1	1	1	1	2	2	2	2	3
96500	-55.974585151062463	-62.830073102021835	6.855487950959373	0.000080000000000	0.000020000000000	0.250000000000000	0.937278871205210	0	3	2	3	5	3	5	3	4	5	5	7	7	9	8	0	3	1	3	8	3	4	3	8	6	6	5	9	5	5	1	1	1	1	1	1	1	1	1	1	1	1	1	2	1
97000	-61.381046896464582	-68.236534847423954	6.855487950959373	0.000080000000000	0.000020000000000	0.250000000000000	0.770575790266271	0	3	1	2	5	3	4	3	4	6	6	8	5	9	10	0	3	1	3	8	3	3	3	8	6	6	5	9	12	12	1	1	1	1	1	1	2	1	1	1	2	1	1	1	1
97500	-59.955209547629565	-66.810697498588937	6.855487950959373	0.000080000000000	0.000020000000000	0.250000000000000	0.844927702679109	-1	2	1	3	5	4	4	2	5	5	5	7	6	9	9	0	3	1	3	8	2	4	3	8	6	6	5	9	12	12	1	1	1	1	1	1	1	1	2	1	1	1	1	1	1
98000	-56.350855242558268	-63.206343193517640	6.855487950959373	0.000080000000000	0.000020000000000	0.250000000000000	0.863179032111841	-1	2	1	2	4	3	5	3	5	5	7	9	7	10	9	0	3	1	3	8	3	4	3	8	6	10	5	9	12	8	1	1	1	1	1	1	1	1	1	1	1	2	1	1	2
98500	-68.238812418043395	-75.094300369002767	6.855487950959373	0.000080000000000	0.000020000000000	0.250000000000000	0.771610679282386	-1	2	0	3	4	4	5	2	4	5	6	6	7	9	9	0	3	1	2	8	2	5	3	8	6	6	5	9	12	12	1	1	1	1	2	1	1	1	1	1	1	1	1	2	2
99000	-60.776849372639020	-67.632337323598392	6.855487950959373	0.000080000000000	0.000020000000000	0.250000000000000	0.874257534357646	-1	3	1	2	4	3	4	2	4	6	5	9	7	9	10	0	3	1	3	8	3	4	3	8	6	6	5	9	8	12	1	1	1	1	1	1	1	1	1	2	1	2	1	3	1
99500	-58.438993422610693	-65.294481373570065	6.855487950959373	0.000080000000000	0.000020000000000	0.250000000000000	0.963932151824522	0	2	1	2	5	3	4	3	5	5	6	10	7	10	9	0	3	1	3	8	3	4	3	8	6	6	8	9	15	5	1	1	1	1	1	1	1	1	1	1	1	2	1	1	1
100000	-64.160502185531541	-71.015990136490913	6.855487950959373	0.000080000000000	0.000020000000000	0.250000000000000	0.657428051238994	-2	1	3	2	5	4	4	3	4	5	6	8	7	9	9	0	1	1	2	8	3	4	2	3	6	6	5	5	12	5	1	2	2	1	1	1	1	1	1	1	1	2	1	1	2