step	post	like	prior	mu1	mu2	gamma	pi	Tinf_1	Tinf_2	Tinf_3	Tinf_4	Tinf_5	Tinf_6	Tinf_7	Tinf_8	Tinf_9	Tinf_10	Tinf_11	Tinf_12	Tinf_13	Tinf_14	Tinf_15	Tinf_16	Tinf_17	alpha_1	alpha_2	alpha_3	alpha_4	alpha_5	alpha_6	alpha_7	alpha_8	alpha_9	alpha_10	alpha_11	alpha_12	alpha_13	alpha_14	alpha_15	alpha_16	alpha_17	kappa_1	kappa_2	kappa_3	kappa_4	kappa_5	kappa_6	kappa_7	kappa_8	kappa_9	kappa_10	kappa_11	kappa_12	kappa_13	kappa_14	kappa_15	kappa_16	kappa_17
1	-1721.732683219832097	-1720.270601135313200	-1.462082084518882	0.000010000000000	0.000010000000000	1.000000000000000	0.383381955465046	1	2	5	7	8	9	12	13	11	12	12	12	13	13	14	15	16	0	1	1	1	1	1	1	1	1	1	1	1	1	1	1	1	1	1	1	2	3	4	4	6	6	5	6	6	6	6	6	7	7	8
500	-109.401106001268289	-106.767498820250950	-2.633607181017333	0.000010016851625	0.000041934815209	4.186426711554785	0.457793611569103	1	3	6	7	8	9	12	14	11	12	12	12	12	14	15	16	16	0	1	2	0	4	5	5	10	6	6	9	5	6	11	8	10	14	1	1	1	1	1	1	2	1	2	2	1	2	2	1	1	2	1
1000	-117.047229841259195	-114.289296770478757	-2.757933070780442	0.000009997210327	0.000046029818546	4.604266294387266	0.495244142831726	1	2	5	6	7	9	10	11	11	11	11	12	13	13	15	15	16	0	1	1	0	4	5	5	6	6	6	6	5	9	11	8	10	14	1	1	2	1	1	1	2	1	1	1	1	2	1	1	2	3	2
1500	-112.093428504984544	-109.769498087093055	-2.323930417891489	0.000010005815295	0.000032314306128	3.229552532762852	0.824227158884262	1	3	5	6	8	9	10	11	11	12	13	13	13	14	14	15	17	0	1	2	0	4	5	5	6	6	9	9	7	10	11	8	6	14	1	1	1	1	1	1	2	1	1	1	1	2	1	1	2	2	2
2000	-108.197900815632835	-105.980294654456088	-2.217606161176740	0.000009991561881	0.000029239571725	2.926426525896044	0.881086532334574	1	3	6	7	8	10	12	13	12	11	11	13	14	14	14	15	16	0	1	2	0	4	5	5	6	10	6	6	7	6	11	8	10	14	1	1	1	1	1	1	2	2	1	1	1	1	2	1	1	1	1
2500	-101.272748266631211	-97.861527585490151	-3.411220681141059	0.000009992324851	0.000071565581723	7.162055156289036	0.918293634403596	1	2	4	8	9	10	11	13	12	12	12	13	13	14	14	16	15	0	1	2	0	4	5	5	9	6	6	6	7	9	11	8	10	14	1	1	1	1	1	1	1	1	1	1	1	1	1	1	1	2	1
3000	-102.086424523956154	-99.240212357553219	-2.846212166402931	0.000009917115775	0.000048727755102	4.913500679740132	0.905891386650256	1	3	4	7	8	10	12	13	11	12	12	13	13	13	15	16	16	0	1	2	0	4	5	6	9	6	6	6	7	6	11	8	10	14	1	1	1	1	1	1	1	1	1	1	1	1	1	1	1	2	2
3500	-107.756796815556115	-104.902582531934485	-2.854214283621628	0.000009839756693	0.000048628667734	4.942059976850800	0.906545593536389	1	2	4	7	8	9	10	13	12	12	12	12	13	14	14	15	16	0	1	2	0	4	5	5	6	6	6	6	5	10	11	8	9	14	1	1	1	1	1	1	1	2	1	1	2	1	1	1	1	1	1
4000	-99.032597474095525	-95.874225487909868	-3.158371986185650	0.000010427977066	0.000063566033020	6.095720446943147	0.932619486469373	1	3	6	6	8	10	10	13	11	13	12	12	14	14	15	15	16	0	1	2	0	4	5	5	9	6	9	6	7	10	11	8	6	14	1	1	1	1	1	1	1	1	1	1	1	1	1	1	1	2	1
4500	-121.074876350147591	-118.204332035358163	-2.870544314789428	0.000011390271554	0.000056958390914	5.000617469306850	0.763545797815912	0	2	4	6	8	9	13	12	10	11	11	12	14	13	15	16	15	0	1	1	0	4	5	10	9	6	6	6	5	9	11	8	5	14	1	1	2	1	2	1	2	1	1	1	1	2	2	1	2	4	1
5000	-99.816233337806196	-98.211880698985837	-1.604352638820362	0.000012673347895	0.000017276640513	1.363226248991048	0.988147846668125	1	3	5	5	8	10	11	12	11	12	12	12	13	14	14	16	15	0	1	2	0	4	5	5	9	6	6	6	7	10	11	8	10	14	1	1	1	1	1	1	1	1	1	1	1	1	1	1	1	1	1
5500	-101.714642874216906	-98.902877648577544	-2.811765225639364	0.000016267405199	0.000077946411576	4.791570051966894	0.867540051641776	1	2	4	7	9	10	10	13	11	12	12	11	13	14	15	15	16	0	1	2	0	4	5	5	6	6	9	6	7	9	11	8	10	14	1	1	1	1	1	1	1	2	1	1	1	1	1	1	1	2	2
6000	-99.409202836792787	-97.356906682323682	-2.052296154469111	0.000018595310249	0.000046080228527	2.478056451269041	0.777120127212375	-1	3	6	7	8	10	11	12	11	12	12	12	14	13	14	15	16	0	1	2	0	4	5	5	9	6	9	9	7	10	11	8	10	14	1	2	2	1	1	1	1	1	1	1	1	1	1	1	1	2	2
6500	-101.821475429641964	-99.925127495032314	-1.896347934609657	0.000030021298498	0.000062367253096	2.077433562701213	0.675629475013582	1	3	5	4	6	8	10	11	10	12	11	12	13	13	14	15	16	0	1	2	0	4	5	5	9	6	7	7	7	9	11	8	10	14	1	1	1	1	1	1	2	1	2	1	1	1	1	1	2	1	2
7000	-91.867423095467259	-90.199036158508832	-1.668386936958433	0.000034299773587	0.000052091426529	1.518710506824186	0.805970121869748	0	3	6	7	9	10	10	13	11	13	13	12	13	14	14	15	17	0	1	2	0	4	5	5	9	6	9	6	7	6	11	8	9	14	1	1	2	1	1	1	1	1	1	1	1	1	1	1	1	2	1
7500	-80.897418165365380	-79.527425021708225	-1.369993143657151	0.000129476378711	0.000062289908883	0.481090910195418	0.976523190199445	2	3	5	6	9	10	11	12	11	12	13	11	13	14	14	16	16	0	1	2	0	4	5	5	6	6	9	9	5	6	11	8	10	14	1	1	1	1	1	1	1	1	1	1	1	1	1	1	1	1	1
8000	-87.434184884498265	-86.070844238838561	-1.363340645659711	0.000090560575190	0.000047227644353	0.521503361192250	0.772163849852596	1	3	6	7	9	10	11	13	12	12	12	13	14	12	15	14	17	0	1	2	0	4	5	5	10	6	6	6	7	9	7	8	7	14	1	1	2	1	1	1	2	1	1	1	1	1	1	1	1	1	2
8500	-89.110807751348446	-87.697142722556904	-1.413665028791543	0.000091647348379	0.000078396294800	0.855412580801557	0.823247169125691	1	2	4	6	8	9	11	13	12	11	10	12	13	14	14	15	17	0	1	2	0	4	5	6	9	6	6	6	5	9	10	8	9	14	1	1	1	1	1	1	1	1	2	1	1	2	1	1	1	1	2
9000	-79.083280884910948	-77.665752141402038	-1.417528743508916	0.000151292296906	0.000056587587139	0.374028210926203	0.858270364341952	1	3	3	7	8	10	10	13	11	12	13	13	13	14	14	15	16	0	1	1	0	4	5	5	9	6	9	9	7	9	11	8	10	14	1	1	1	1	1	1	1	1	1	1	1	1	1	1	1	1	1
9500	-79.210809592426173	-77.799010949853212	-1.411798642572958	0.000070213230510	0.000059627915047	0.849240443911876	0.851731114391003	1	3	5	8	9	10	12	13	12	12	12	13	14	14	15	15	16	0	1	2	0	4	5	5	10	6	6	5	7	10	11	8	10	14	1	1	1	1	1	1	1	1	1	1	1	1	1	1	1	2	1
10000	-77.890297569682062	-76.327538280206426	-1.562759289475631	0.000086021645779	0.000108469411989	1.260954856254431	0.974236421227966	1	2	4	7	9	10	12	14	11	12	12	13	13	13	13	14	15	0	1	2	0	4	5	5	15	6	9	6	7	9	11	10	10	14	1	1	1	1	1	1	1	1	1	1	1	1	1	1	1	1	1
10500	-88.654839096277797	-87.124329312013415	-1.530509784264388	0.000131557587616	0.000036189425062	0.275084286036910	0.862480556664002	1	2	4	6	8	10	10	14	12	13	12	12	14	14	13	14	16	0	1	1	0	4	5	5	15	6	9	6	7	9	11	6	10	14	1	1	1	1	1	1	1	1	1	1	2	1	1	1	2	1	1
11000	-76.646129529276891	-75.285199638311610	-1.360929890965280	0.000072355758850	0.000041954166848	0.579831757896552	0.857146251141190	1	3	5	7	8	10	11	13	11	13	12	12	13	14	15	15	16	0	1	2	0	4	5	5	9	6	9	9	7	7	11	8	7	14	1	1	1	1	1	1	2	1	1	1	1	1	1	1	1	2	1
11500	-80.330172616604230	-78.886074728684264	-1.444097887919971	0.000105759910199	0.000036182224893	0.342116637812076	0.908736730278864	2	3	5	6	8	10	11	13	11	12	13	13	12	14	14	14	15	0	1	1	0	4	5	5	9	5	6	9	7	9	11	8	9	14	1	1	1	1	1	1	1	1	1	1	1	1	1	1	1	1	1
12000	-84.212072270429573	-82.842689902467356	-1.369382367962221	0.000110420985586	0.000053428204614	0.483859153494658	0.943561358060395	0	3	6	7	9	10	13	14	11	13	12	12	13	14	13	15	16	0	1	2	0	4	5	5	15	6	9	6	5	9	11	9	10	14	1	1	1	1	1	1	2	1	1	2	1	1	1	1	1	1	1
12500	-72.840002244547449	-71.460231588203428	-1.379770656344020	0.000087977477571	0.000039303171099	0.446741281791807	0.914145175340706	1	3	5	7	9	10	11	13	11	13	12	12	13	13	14	16	16	0	1	2	0	4	5	5	9	6	9	6	7	9	11	8	10	14	1	1	1	1	1	1	1	1	1	1	1	1	1	1	1	1	1
13000	-79.630044839295408	-78.224192813095414	-1.405852026199995	0.000069989956104	0.000027406183590	0.391573092988478	0.966930203887247	1	3	5	7	8	10	11	12	11	12	12	12	12	13	14	15	17	0	1	2	0	4	5	5	6	6	9	6	7	9	11	8	9	14	1	1	1	1	1	1	1	1	1	1	1	1	1	1	1	1	1
13500	-85.227487969586790	-83.819856294263573	-1.407631675323222	0.000084424317742	0.000070511814452	0.835207394473633	0.877861066108291	1	3	5	6	8	9	11	13	11	11	13	12	13	14	12	15	16	0	1	2	0	4	5	6	6	6	6	10	9	6	11	10	13	14	1	1	1	1	1	1	1	2	1	1	1	1	2	1	1	1	1
14000	-104.119359489410584	-102.740304553017182	-1.379054936393405	0.000131453891196	0.000058999069878	0.448819501199881	0.741906042582777	1	2	4	6	8	10	11	13	11	13	12	13	14	14	13	15	17	0	1	1	0	4	5	5	5	5	6	7	7	11	11	6	13	8	1	1	1	1	1	2	2	3	2	1	1	1	2	1	1	1	2
14500	-78.321614115551483	-76.879310510059739	-1.442303605491739	0.000127510042535	0.000043865036926	0.344012409172133	0.948465914230129	1	2	3	7	8	10	12	13	11	12	12	13	14	13	14	15	15	0	1	1	0	4	5	6	6	6	6	9	7	9	11	8	13	14	1	1	1	1	1	1	1	1	1	1	1	1	2	1	1	1	1
15000	-77.047604907515051	-75.686731634838367	-1.360873272676683	0.000136306359154	0.000076788878487	0.563355069884927	0.999222625155123	1	2	4	6	8	10	13	13	11	11	12	11	13	14	14	13	16	0	1	2	0	4	5	10	10	6	6	10	5	9	11	8	10	14	1	1	1	1	1	1	1	1	1	1	1	1	1	1	1	1	1
15500	-83.417797118121783	-82.053912669732014	-1.363884448389770	0.000102675915963	0.000053059378440	0.516765571962299	0.934638260594570	1	3	5	7	8	10	11	13	11	11	13	13	13	14	15	14	15	0	1	2	0	4	5	5	9	6	6	7	7	7	11	8	9	14	1	1	1	1	1	1	2	1	1	1	1	1	1	1	2	1	1
16000	-85.186338212897553	-83.824678605290202	-1.361659607607350	0.000152895991568	0.000091662258613	0.599507270750741	0.894860390652113	1	3	5	7	8	9	12	11	10	12	12	10	13	13	14	16	16	0	1	2	0	4	5	12	6	6	9	9	5	6	11	8	10	14	1	1	1	1	1	1	1	1	1	1	1	1	1	1	1	2	1
16500	-81.030018709370950	-79.635655994931099	-1.394362714439846	0.000073448814591	0.000057846394370	0.787574240542112	0.937912577953751	0	2	5	7	8	10	10	12	11	12	12	12	13	14	14	16	15	0	1	2	0	4	5	5	6	6	6	9	7	6	11	8	10	14	1	1	1	1	1	1	1	1	1	1	1	1	2	1	1	2	1
17000	-95.330682644148993	-93.948490705182721	-1.382191938966278	0.000138175735515	0.000060804693845	0.440053339453304	0.646106674131921	0	2	5	6	8	9	11	14	12	12	12	13	12	13	15	15	16	0	1	1	0	4	5	5	7	6	7	6	7	6	11	8	9	10	1	1	2	1	1	1	1	1	2	1	2	1	1	1	1	1	2
17500	-89.473746203480275	-87.847858001753139	-1.625888201727142	0.000153660120097	0.000035238282629	0.229326142702875	0.852790612873882	1	3	4	7	9	8	12	13	11	10	11	13	13	13	13	15	16	0	1	1	0	6	4	9	11	6	6	6	7	9	9	9	11	14	1	1	1	1	1	1	1	1	1	1	2	1	1	1	1	2	2
18000	-89.927624624962107	-88.476957875297174	-1.450666749664936	0.000057005979504	0.000055174390499	0.967870230088460	0.857608308688787	1	3	4	6	9	8	11	13	11	12	13	12	12	14	14	14	16	0	1	2	0	6	4	5	6	6	9	9	7	9	11	8	10	14	1	1	1	1	1	2	1	1	1	1	1	1	1	1	1	1	1
18500	-90.637029326025200	-89.275845610655779	-1.361183715369423	0.000077173955370	0.000045454457323	0.588987011289899	0.759998916165539	0	2	5	7	9	8	11	13	10	12	12	12	14	13	15	16	17	0	1	1	0	6	4	5	11	6	6	9	7	10	11	8	11	14	1	1	2	1	1	1	1	1	1	2	2	1	1	1	1	2	2
19000	-104.237647717896010	-102.811540474352626	-1.426107243543378	0.000133248553389	0.000048330815647	0.362711747466345	0.624285991047162	1	2	3	5	8	7	12	14	9	10	11	13	13	13	13	14	16	0	1	1	0	6	4	5	15	6	6	9	9	10	11	6	13	14	1	1	1	1	1	1	2	1	1	1	1	2	2	1	2	1	2
19500	-90.051907376670556	-88.690532580945231	-1.361374795725331	0.000152503105856	0.000083387863332	0.546794525030876	0.785073361505826	1	2	6	7	8	9	11	13	12	12	12	13	14	13	14	14	16	0	1	2	0	4	5	5	10	6	6	6	7	6	9	8	9	14	1	1	1	1	1	1	2	1	1	1	2	1	2	1	1	1	1
20000	-79.999216936059014	-78.495349673989139	-1.503867262069881	0.000066527851738	0.000073972248217	1.111898945848712	0.983747531501123	1	2	3	7	9	10	13	13	11	12	11	11	12	13	15	15	15	0	1	1	0	4	5	12	10	6	6	6	5	6	11	8	10	14	1	1	1	1	1	1	1	1	1	1	1	1	1	1	1	1	1
20500	-84.324371676575140	-82.954342042125504	-1.370029634449630	0.000110453962687	0.000053120511618	0.480928980056950	0.719681091818276	1	3	4	8	9	10	12	13	11	12	12	13	14	14	14	16	16	0	1	1	0	4	5	5	9	6	6	6	7	10	11	8	13	14	1	1	2	1	1	1	1	1	1	1	1	1	1	1	1	1	2
21000	-74.276671295209240	-72.857773863074286	-1.418897432134955	0.000104677054170	0.000038954936759	0.372143991513766	0.975523998897204	1	2	5	7	8	10	10	12	12	13	12	13	14	14	14	15	16	0	1	2	0	4	5	5	6	6	6	6	7	9	11	8	10	14	1	1	1	1	1	1	1	1	1	1	1	1	1	1	1	1	1
21500	-86.364108209247092	-85.003112209559418	-1.360995999687669	0.000101683664092	0.000056641053815	0.557031990538211	0.628695892668121	1	3	6	6	7	9	11	13	11	12	11	12	12	13	15	14	17	0	1	1	0	4	5	6	10	6	6	6	7	9	11	8	6	14	1	1	2	1	1	1	1	1	1	1	1	1	1	1	1	2	2
22000	-79.901738389034875	-78.508666473127221	-1.393071915907654	0.000152230277945	0.000063148164707	0.414820005322841	0.894756116552738	2	3	4	7	8	10	10	13	11	13	12	12	12	13	15	14	15	0	1	2	0	4	5	5	6	6	9	6	7	6	11	8	10	14	1	1	1	1	1	1	1	1	1	1	1	1	1	1	1	1	1
22500	-85.840809674617176	-84.393985592891099	-1.446824081726075	0.000098249708095	0.000033335582398	0.339294467581695	0.868546815589996	1	2	5	7	8	9	11	12	12	11	12	13	14	14	14	15	17	0	1	2	0	4	5	5	6	6	5	6	7	9	11	8	10	14	1	1	1	1	1	1	1	1	2	1	1	1	1	1	1	2	2
23000	-88.259825132695326	-86.898302279416924	-1.361522853278405	0.000102457499040	0.000055728226017	0.543915540975256	0.675947601279726	1	2	5	6	8	9	11	13	10	12	13	12	13	14	15	15	16	0	1	1	0	4	5	6	9	6	6	9	7	9	11	8	9	14	1	1	1	1	1	1	1	2	1	2	1	1	2	1	1	2	1
23500	-81.183651879353675	-79.702201766086645	-1.481450113267032	0.000073920894657	0.000077823455723	1.052793747753153	0.962032368267206	1	2	5	6	8	9	11	14	12	10	12	12	13	14	15	14	17	0	1	1	0	4	5	5	9	10	6	10	7	9	11	8	9	14	1	1	1	1	1	1	1	1	1	1	1	1	1	1	1	1	1
24000	-82.417527136819913	-81.056605281892857	-1.360921854927061	0.000109843588611	0.000063644094343	0.579406546598502	0.996936487443809	1	3	5	6	8	10	9	13	11	11	13	11	13	12	15	14	16	0	1	2	0	4	5	5	9	6	6	14	7	6	6	8	9	14	1	1	1	1	1	1	1	1	1	1	1	1	1	1	1	1	1
24500	-84.678479422456348	-83.269463203419718	-1.409016219036628	0.000104897005938	0.000088104134458	0.839910859895713	0.823333880058395	0	2	4	6	8	10	10	14	11	13	12	12	13	14	12	13	15	0	1	2	0	4	5	5	15	6	6	9	7	9	11	6	9	14	1	1	1	1	1	1	1	1	1	2	1	1	1	1	1	1	1
25000	-89.995144703814958	-88.632150117711163	-1.362994586103796	0.000088602917331	0.000054809894237	0.618601462429742	0.803943614126005	0	3	5	6	8	9	11	12	11	12	13	12	13	11	14	15	16	0	1	1	0	4	5	5	9	6	9	7	7	9	6	8	10	14	1	2	1	1	1	1	2	1	1	1	1	1	1	1	1	1	2
25500	-77.764011030240184	-76.366180301899433	-1.397830728340749	0.000138785249224	0.000056283264654	0.405542123308776	0.996141430823087	2	3	4	7	8	10	11	13	11	13	11	13	14	13	15	15	14	0	1	1	0	4	5	5	9	6	9	6	7	10	11	8	10	14	1	1	1	1	1	1	1	1	1	1	1	1	1	1	1	1	1
26000	-85.402980581864057	-84.041293110095779	-1.361687471768280	0.000101746653776	0.000055052322419	0.541072559888736	0.882511905648337	1	3	5	6	8	9	12	14	11	11	12	13	13	14	14	14	16	0	1	2	0	4	5	5	5	6	6	9	7	9	11	7	7	8	1	1	1	1	1	1	2	3	1	1	1	1	1	1	1	1	1
26500	-94.270892679190922	-92.848494955524771	-1.422397723666154	0.000150620476403	0.000055347829125	0.367465503010422	0.784179120730335	1	2	4	7	8	10	12	14	11	9	13	11	13	13	13	15	16	0	1	1	0	4	10	5	15	10	5	6	5	7	9	9	7	14	1	1	1	1	1	1	2	1	1	1	2	1	1	1	1	2	2
27000	-93.078539527013803	-91.711453751115798	-1.367085775898008	0.000097532874851	0.000063910585984	0.655272246215764	0.768012050436502	2	3	5	6	7	10	11	12	11	9	12	13	10	14	14	16	16	0	1	1	0	4	10	10	6	10	5	10	7	10	11	8	9	14	1	1	1	1	1	1	1	1	1	1	1	1	1	1	2	2	1
27500	-89.894513137342614	-88.526029918332583	-1.368483219010037	0.000115400863572	0.000076748954379	0.665063951891246	0.873355793647131	2	3	5	6	8	10	11	14	11	9	12	12	13	13	12	14	17	0	1	2	0	4	10	10	15	6	5	6	7	10	7	6	13	14	1	1	1	1	1	1	1	1	1	1	1	1	2	1	1	1	2
28000	-95.857253392287987	-94.494272970308501	-1.362980421979489	0.000133982274990	0.000082859284252	0.618434671737143	0.931594434317305	1	2	4	6	8	10	10	13	12	9	11	12	14	14	14	15	17	0	1	2	0	4	10	5	6	10	5	6	7	9	9	8	10	14	1	1	1	1	1	1	1	1	1	1	1	2	1	1	1	3	1
28500	-83.728592012247219	-82.319876419536598	-1.408715592710626	0.000089809517128	0.000034756370243	0.387000969993504	0.956073943444705	1	2	3	7	8	10	12	13	11	9	12	13	12	14	14	14	16	0	1	1	0	4	10	6	6	10	5	10	7	6	11	8	11	14	1	1	1	1	1	1	1	1	1	1	2	1	1	1	1	1	1
29000	-90.974190682979270	-89.565917626209838	-1.408273056769434	0.000082642442447	0.000069204077983	0.837391489571981	0.638126433113734	1	3	5	6	8	10	10	14	11	9	12	12	13	14	13	15	17	0	1	2	0	4	10	5	15	10	5	6	7	9	11	9	9	11	1	1	1	1	1	1	1	1	1	1	1	1	1	2	1	2	3
29500	-96.128957438301526	-94.768055340036881	-1.360902098264645	0.000136682580920	0.000079039913697	0.578273494438400	0.729140713510958	0	2	5	6	8	10	10	14	11	9	13	12	14	12	13	15	16	0	1	2	0	4	10	5	6	10	5	14	7	9	6	6	11	11	1	1	2	1	1	1	1	2	1	1	1	1	2	1	2	1	1
30000	-97.388582685467441	-95.955953044164559	-1.432629641302875	0.000127687033220	0.000045304569221	0.354809474999639	0.741430888080056	-2	2	4	7	8	10	12	13	12	12	13	12	12	12	15	15	16	0	1	2	0	4	5	5	9	6	5	10	6	6	6	8	9	14	1	2	2	1	1	1	2	1	1	3	1	1	1	1	1	1	2
30500	-88.200062541077116	-86.839223218397422	-1.360839322679693	0.000124312105590	0.000071168574676	0.572499149123963	0.891205159302594	0	3	5	7	8	10	10	12	11	12	13	13	12	14	15	15	16	0	1	2	0	4	5	5	7	7	6	9	7	9	11	6	10	14	1	1	1	1	1	1	1	1	1	1	1	2	1	1	2	1	1
31000	-89.267840685949039	-87.735549151039010	-1.532291534910031	0.000198177357487	0.000054307992252	0.274037321619847	0.872141051593088	1	3	3	4	9	10	11	14	12	12	12	13	13	13	14	14	15	0	1	1	0	4	5	6	10	6	6	6	7	9	11	10	9	14	1	1	1	1	2	1	1	1	1	1	1	1	1	1	1	1	1
31500	-84.714147936992987	-83.334115264861325	-1.380032672131663	0.000105097481017	0.000046872708021	0.445992687622921	0.870693245430769	1	3	4	7	8	10	9	14	11	13	12	12	13	14	13	14	16	0	1	1	0	4	5	5	15	6	7	6	7	9	11	9	10	14	1	1	1	1	1	1	1	1	1	1	1	2	1	1	1	1	1
32000	-80.739824012226890	-79.378932705708053	-1.360891306518844	0.000119964923253	0.000067430362337	0.562083986788422	0.902477166167704	2	3	4	7	9	10	13	13	11	12	13	12	13	14	15	13	16	0	1	1	0	4	5	5	9	6	6	9	5	10	11	8	9	14	1	1	1	1	1	1	1	1	1	1	1	1	1	1	1	1	1
32500	-92.592408179339571	-90.776065070853576	-1.816343108485992	0.000104603964816	0.000018076052903	0.172804663141600	0.870005763760900	2	3	5	7	9	8	11	13	11	12	11	13	13	13	14	15	17	0	1	2	0	6	4	5	10	6	6	6	7	9	11	8	10	10	1	1	1	1	1	1	1	1	2	3	1	1	1	1	1	2	3
33000	-75.657654177529594	-74.281983376412668	-1.375670801116919	0.000122982583295	0.000056497901937	0.459397586414139	0.872051160667425	2	3	5	6	8	10	11	12	12	13	12	12	13	14	14	14	16	0	1	2	0	4	5	5	6	6	9	6	7	9	11	8	9	14	1	1	1	1	1	1	1	1	1	1	1	1	1	1	1	1	1
33500	-90.864573889448209	-89.502222859087055	-1.362351030361155	0.000075792801894	0.000046265644535	0.610422670480079	0.754266452757947	1	3	5	6	8	10	11	13	12	12	13	12	14	12	15	15	15	0	1	2	0	4	5	5	6	6	6	14	7	10	6	8	10	14	1	1	1	1	2	1	1	1	1	1	1	1	1	1	1	3	1
34000	-85.001517524774670	-83.546699178092751	-1.454818346681919	0.000109960820419	0.000036440348864	0.331393933999810	0.924552271936607	2	3	4	6	7	9	11	11	12	10	12	13	13	13	14	14	16	0	1	2	0	4	5	5	6	10	6	10	7	7	11	8	9	14	1	1	1	1	1	1	2	1	1	1	1	1	1	1	1	1	1
34500	-85.808721397007304	-84.438961941023337	-1.369759455983972	0.000110783155537	0.000074597111611	0.673361498407021	0.974442417618382	1	3	4	6	8	9	10	13	11	12	13	12	14	14	13	13	15	0	1	1	0	4	5	5	9	6	6	10	7	9	10	6	9	14	1	1	1	1	1	1	1	1	1	1	1	1	1	1	1	1	1
35000	-89.553269775492666	-88.098487672495835	-1.454782102996828	0.000139594322189	0.000046265546322	0.331428568130969	0.849748008212911	2	3	5	7	9	10	11	12	11	12	11	13	14	13	14	15	16	0	1	2	0	4	5	5	7	6	6	6	7	10	11	8	9	8	1	1	1	1	1	1	1	1	1	1	1	1	1	1	1	2	2
35500	-92.326915949190962	-90.784796917869144	-1.542119031321816	0.000084221301079	0.000022607269352	0.268426978238234	0.875801425664560	2	3	5	5	7	10	13	12	11	12	12	12	13	14	14	13	15	0	1	2	0	4	5	9	6	5	9	6	9	9	11	8	9	9	1	1	1	1	1	2	1	1	2	1	1	1	1	2	1	1	1
36000	-87.770139728801823	-86.362380211845021	-1.407759516956800	0.000112779009497	0.000043815317406	0.388505960474028	0.938976384595245	2	3	4	6	8	9	11	13	11	12	11	13	13	14	14	15	17	0	1	1	0	4	5	6	6	6	6	6	7	9	11	8	9	14	1	1	1	1	1	1	1	2	1	2	1	1	1	1	1	2	2
36500	-87.334576544286207	-85.949419430661948	-1.385157113624257	0.000138086557093	0.000103657292284	0.750668960585916	0.824909004081433	1	3	5	7	9	10	12	13	11	12	13	13	14	13	14	15	17	0	1	2	0	4	5	5	6	6	9	6	7	10	9	10	7	14	1	1	1	1	1	1	2	2	1	1	2	1	1	1	1	1	2
37000	-90.763135721929032	-89.402184695045221	-1.360951026883809	0.000128281109331	0.000071696693603	0.558902974700110	0.873003925493185	0	2	2	7	9	10	12	13	12	12	12	12	14	13	14	14	16	0	1	1	0	4	5	6	6	6	6	6	6	9	11	10	9	14	1	1	1	1	2	1	1	2	1	1	1	1	1	1	2	1	1
37500	-97.423670981865527	-96.059185524208075	-1.364485457657452	0.000114441708871	0.000058598917025	0.512041611429827	0.855575293216687	1	3	5	6	8	10	11	13	9	11	12	12	13	14	15	15	16	0	1	2	0	4	5	6	9	4	6	6	7	9	11	8	9	14	1	1	1	1	2	1	1	2	2	1	1	1	2	1	1	3	2
38000	-86.429672182645987	-85.033125229171191	-1.396546953474795	0.000095691005876	0.000039038370886	0.407962802024748	0.819232608863023	0	2	4	6	8	9	10	12	11	12	12	12	12	13	14	16	16	0	1	2	0	4	5	5	6	6	6	6	7	6	11	8	13	14	1	1	1	1	1	1	1	1	1	2	1	1	2	1	1	2	2
38500	-81.577052896929146	-80.214361084599616	-1.362691812329523	0.000100962545825	0.000062083719547	0.614918324802222	0.968266727510515	0	2	3	7	8	9	11	13	11	11	13	13	13	12	15	15	15	0	1	2	0	4	5	5	10	6	6	14	7	9	6	8	9	14	1	1	1	1	1	1	1	1	1	1	1	1	1	1	1	1	1
39000	-83.703169067244261	-82.207372250038475	-1.495796817205781	0.000071976303328	0.000021421663800	0.297621061509203	0.902107557115279	1	3	5	6	8	9	12	12	10	11	12	13	14	14	14	15	16	0	1	2	0	4	5	5	9	6	6	6	7	6	11	8	10	14	1	1	1	1	1	1	2	1	1	1	1	1	2	1	1	2	1
39500	-74.900769887016210	-73.487380186935923	-1.413389700080284	0.000070482790978	0.000060227982505	0.854506208807105	0.917853098927715	2	3	5	7	8	10	12	12	11	12	12	13	14	14	14	14	16	0	1	2	0	4	5	6	9	6	6	9	7	10	11	8	9	14	1	1	1	1	1	1	1	1	1	1	1	1	1	1	1	1	1
40000	-87.801940816014735	-86.418948569146181	-1.382992246868559	0.000065869574672	0.000048829349529	0.741303549814119	0.848137162976839	1	3	5	7	8	9	10	13	11	11	12	12	12	12	14	15	16	0	1	1	0	4	5	5	9	6	6	10	7	9	9	8	9	14	1	1	2	1	1	1	1	1	1	1	1	1	1	1	1	2	3
40500	-90.377972068379236	-89.013516513754695	-1.364455554624537	0.000222415548930	0.000113935929833	0.512266028076158	0.850706573733629	1	2	5	7	8	9	11	14	11	11	13	12	13	13	14	15	15	0	1	2	0	4	5	6	7	6	6	9	7	6	7	6	10	11	1	1	1	1	1	1	1	1	1	1	1	1	2	1	2	1	1
41000	-85.242153158256841	-83.867838544807228	-1.374314613449612	0.000091393132392	0.000042410981595	0.464049983680112	0.723912435113128	2	3	5	6	8	9	12	12	11	11	12	12	13	13	14	15	16	0	1	2	0	4	5	5	10	6	6	10	9	10	11	8	13	14	1	1	1	1	1	1	2	1	2	1	1	1	2	1	1	1	1
41500	-85.760180724390850	-84.236293661029009	-1.523887063361842	0.000074077060740	0.000086179418771	1.163375246128306	0.886824695756313	1	2	4	7	8	9	12	12	11	10	12	13	13	14	14	15	16	0	1	1	0	4	5	5	10	6	6	10	7	9	11	8	9	14	1	1	1	1	1	1	1	1	1	1	1	1	1	2	1	1	1
42000	-79.745645747895182	-78.230556680368977	-1.515089067526209	0.000057025199245	0.000065058943445	1.140880598513960	0.878039712218070	1	3	5	6	8	9	11	14	11	11	12	12	12	14	13	15	16	0	1	2	0	4	5	5	15	6	6	10	7	10	11	9	9	14	1	1	1	1	1	1	1	1	1	1	1	1	1	1	1	2	1
42500	-82.398891363521273	-80.979766924000756	-1.419124439520521	0.000087476328758	0.000076376458855	0.873110016606091	0.832098111224103	1	3	5	5	7	9	12	13	11	11	13	13	14	14	14	14	16	0	1	2	0	4	5	5	10	6	6	9	10	9	11	8	9	14	1	1	1	1	1	1	2	1	1	1	1	1	1	1	1	1	1
43000	-84.473493844198060	-83.008305870245678	-1.465187973952377	0.000097768328667	0.000098609044867	1.008599064867201	0.933850576744988	1	3	5	8	9	10	12	14	11	13	12	13	14	13	15	15	17	0	1	2	0	4	5	5	10	6	6	9	7	9	11	8	10	14	1	1	1	1	1	1	2	1	1	1	1	1	1	1	1	1	2
43500	-92.582121908860231	-91.221289807210425	-1.360832101649805	0.000134282990704	0.000076529846759	0.569914673165397	0.668530370183869	1	3	5	6	8	9	11	14	11	13	12	13	13	13	15	13	16	0	1	1	0	4	5	5	6	6	9	6	7	9	11	10	9	11	1	2	2	1	1	1	1	2	1	1	2	1	1	1	1	1	2
44000	-96.124419286605871	-94.722648304366444	-1.401770982239420	0.000103692358786	0.000041315995393	0.398447830455367	0.914010904862013	0	1	6	7	8	9	11	12	11	12	12	13	14	14	14	15	17	0	1	1	0	4	5	5	9	6	9	6	7	9	11	8	10	10	1	1	3	1	1	1	2	1	2	1	1	1	1	1	1	1	2
44500	-72.917456329787186	-71.543410506090751	-1.374045823696440	0.000092798398281	0.000064789011338	0.698169500098069	0.962302805222179	1	3	5	7	8	10	11	14	12	12	12	13	13	14	13	15	16	0	1	2	0	4	5	5	15	6	6	6	7	9	11	10	10	14	1	1	1	1	1	1	1	1	1	1	1	1	1	1	1	1	1
45000	-78.673543059084295	-77.311863640583340	-1.361679418500955	0.000095215071811	0.000051530832369	0.541204573907578	0.899804678583796	2	3	5	6	8	10	12	13	11	12	12	13	13	13	15	13	15	0	1	2	0	4	5	5	9	6	6	6	7	6	7	8	9	14	1	1	1	1	1	1	2	1	1	1	1	1	1	1	1	1	1
45500	-81.040358678243791	-79.472583871257314	-1.567774806986479	0.000182820631834	0.000046610759403	0.254953496965478	0.863573770462928	1	3	5	7	8	10	12	12	11	12	12	13	13	13	14	14	17	0	1	2	0	4	5	6	6	6	9	9	7	9	10	8	14	14	1	1	1	1	1	1	1	1	1	1	1	1	1	1	1	1	2
46000	-76.356448848517630	-74.926972896398283	-1.429475952119343	0.000132665837454	0.000047568889767	0.358561711739326	0.977526575325564	1	3	5	7	8	10	12	13	12	12	12	13	13	13	15	15	14	0	1	2	0	4	5	5	6	6	6	6	7	9	11	8	10	14	1	1	1	1	1	1	1	1	1	1	1	1	1	1	1	1	1
46500	-88.952297188522593	-87.382314619878485	-1.569982568644104	0.000084027440929	0.000107457541928	1.278838683414529	0.935841533027230	1	3	4	5	8	9	10	11	12	11	12	12	13	14	15	13	16	0	1	1	0	4	5	5	6	10	6	6	7	10	11	8	9	14	1	1	1	1	1	1	1	1	1	1	1	1	1	1	2	1	1
47000	-84.572332040068915	-83.199460363453070	-1.372871676615843	0.000101124908042	0.000047460040503	0.469320975634501	0.938519820391005	1	3	6	6	9	10	11	14	12	13	12	12	13	14	15	16	16	0	1	2	0	4	5	5	10	6	9	6	7	6	11	8	9	14	1	1	1	1	2	1	1	1	1	1	1	1	1	1	1	2	1
47500	-95.601471333368210	-94.230464074209436	-1.371007259158771	0.000082778607170	0.000039462519479	0.476723646706309	0.737153255924656	2	3	6	7	9	10	10	12	11	12	13	13	12	14	14	15	17	0	1	2	0	4	5	5	6	6	6	9	7	6	10	8	5	14	1	1	2	1	1	1	1	1	1	1	2	2	1	1	1	3	2
48000	-87.800177316364326	-86.357158059845531	-1.443019256518800	0.000110189570620	0.000037822850380	0.343252543481815	0.891679096683848	1	2	5	7	8	9	10	12	11	12	11	12	12	14	15	16	16	0	1	1	0	4	5	5	6	6	6	6	7	9	11	8	10	14	1	1	2	1	1	1	1	1	1	1	1	1	1	1	1	2	2
48500	-84.784215796047420	-83.404326458845816	-1.379889337201598	0.000085133934284	0.000038003908370	0.446401410787679	0.946522601869524	1	3	5	7	8	10	11	14	11	12	13	13	13	14	13	16	17	0	1	2	0	4	5	5	15	6	6	6	7	9	11	9	13	14	1	1	1	1	1	1	1	1	1	1	1	1	1	1	1	2	2
49000	-80.803318629303391	-79.439879379408339	-1.363439249895054	0.000108049980304	0.000056251403781	0.520605405226301	0.835314074961083	2	3	4	7	8	9	11	14	11	12	12	12	13	13	13	15	16	0	1	2	0	4	5	5	15	6	6	9	7	9	11	9	9	14	1	1	1	1	1	1	2	1	1	1	1	1	1	1	1	2	1
49500	-72.877890067007996	-71.484355968645019	-1.393534098362972	0.000087468569505	0.000068611294414	0.784410843827585	0.922221762743121	2	3	5	7	9	10	11	13	12	12	12	12	14	14	14	14	16	0	1	2	0	4	5	5	10	6	6	6	7	10	11	8	10	14	1	1	1	1	1	1	1	1	1	1	1	1	1	1	1	1	1
50000	-85.272230628066538	-83.911061034525872	-1.361169593540662	0.000056802652034	0.000033433533793	0.588591070936492	0.779432229199911	1	3	5	7	8	10	11	13	11	12	12	13	14	13	12	15	15	0	1	2	0	4	5	5	15	6	6	6	7	10	11	6	10	14	1	1	1	1	1	1	1	1	1	2	1	1	1	1	1	1	2
50500	-100.208090983464359	-98.714871919275083	-1.493219064189270	0.000065958812607	0.000071502533558	1.084048222406919	0.668514786735791	2	3	5	7	8	9	11	14	11	11	10	13	14	12	15	14	14	0	1	1	0	4	5	5	6	6	6	6	7	10	11	16	7	14	1	1	1	1	1	1	1	2	1	1	1	1	1	1	1	2	1
51000	-108.082964695915351	-106.503138545533275	-1.579826150382072	0.000172199835076	0.000042901090148	0.249135489180032	0.657166163124934	1	2	4	7	8	9	13	13	10	12	12	13	14	12	13	15	16	0	1	2	0	4	5	5	9	6	6	6	10	11	9	6	9	8	1	1	2	1	1	1	2	1	1	1	2	1	1	1	3	3	2
51500	-83.274791479161095	-81.911039863520003	-1.363751615641092	0.000111491687576	0.000057738999194	0.517877165992195	0.986917517205716	1	3	5	7	9	10	12	14	12	13	12	13	14	14	12	15	15	0	1	2	0	4	5	5	15	6	6	6	7	10	11	6	10	14	1	1	1	1	1	1	1	1	1	1	2	1	1	1	1	1	1
52000	-80.692125389670323	-79.095085668964828	-1.597039720705499	0.000061839414399	0.000083195797532	1.345352286088655	0.974541149759136	1	3	5	7	8	9	10	12	10	12	12	12	12	14	14	14	16	0	1	2	0	4	5	5	9	6	6	6	7	9	11	8	10	14	1	1	1	1	1	1	1	1	1	1	2	1	1	1	1	1	1
52500	-92.798568261742446	-91.423689134381220	-1.374879127361222	0.000110283994639	0.000050960084928	0.462080513997133	0.867251177800868	2	3	5	5	9	10	11	13	12	11	13	13	12	14	15	13	15	0	1	2	0	4	5	6	10	6	6	10	7	6	11	8	6	14	1	1	1	1	2	1	1	1	1	1	1	2	1	1	1	2	1
53000	-88.870386444063669	-87.505326880490344	-1.365059563573329	0.000142514438594	0.000072385410043	0.507916325935539	0.749561275501893	1	2	4	6	8	9	11	12	11	13	12	13	14	13	15	15	16	0	1	1	0	4	5	5	6	6	9	7	7	9	11	10	10	14	1	1	1	1	1	1	1	2	1	2	1	1	2	1	1	1	1
53500	-82.120622898140297	-80.707438711071035	-1.413184187069265	0.000085324805192	0.000072852771522	0.853828747192849	0.707520475157336	1	3	4	7	8	10	12	13	11	12	11	13	13	13	15	14	16	0	1	1	0	4	5	5	10	6	6	6	7	6	11	8	10	14	1	1	1	1	1	1	2	1	1	1	1	1	2	1	1	1	2
54000	-75.143688249862947	-73.764896961205565	-1.378791288657378	0.000127758687083	0.000092253953017	0.722095343367552	0.947309628445798	0	2	4	6	8	10	12	13	11	13	12	13	13	13	14	15	16	0	1	2	0	4	5	6	9	6	9	6	7	9	11	8	10	14	1	1	1	1	1	1	1	1	1	1	1	1	1	1	1	1	2
54500	-83.580508506292176	-82.175065292459237	-1.405443213832940	0.000096197291271	0.000079620961197	0.827684024622603	0.894981715204698	1	3	5	6	8	10	11	14	11	12	11	13	14	13	15	15	15	0	1	2	0	4	5	5	10	6	6	6	7	10	11	8	10	14	1	1	1	1	1	1	2	1	1	1	1	1	1	1	1	2	2
55000	-90.678360774080886	-89.314258967606733	-1.364101806474152	0.000160140021265	0.000100950682019	0.630390087508046	0.729960350509142	1	3	5	7	8	10	11	14	12	13	12	13	13	13	13	15	17	0	1	2	0	4	5	5	15	6	9	6	7	6	11	11	13	14	1	1	1	1	1	1	1	1	1	1	1	1	2	1	1	2	2
55500	-82.556201622576623	-81.056985571162102	-1.499216051414515	0.000075497470759	0.000022286696434	0.295197921329753	0.857207568879437	1	2	4	6	8	10	10	14	12	13	12	12	14	13	12	14	16	0	1	2	0	4	5	5	15	6	6	6	7	9	11	6	10	14	1	1	1	1	1	1	1	1	1	1	1	1	1	1	1	1	1
56000	-87.063724226820128	-85.682071537238087	-1.381652689582037	0.000086731746931	0.000063777292615	0.735339652116426	0.894905714712275	0	2	6	7	8	9	12	13	11	10	12	12	13	13	14	14	16	0	1	2	0	4	5	5	9	6	6	10	5	9	11	8	9	14	1	1	2	1	1	1	2	1	1	1	1	2	1	1	1	2	2
56500	-81.817685492813695	-80.452609137490995	-1.365076355322703	0.000106289964894	0.000053974098553	0.507800511615405	0.899943402077910	0	2	4	6	8	10	10	13	11	13	12	12	13	14	14	15	17	0	1	1	0	4	5	5	6	6	9	6	7	9	11	8	10	14	1	1	1	1	1	1	1	1	1	1	1	2	1	1	1	1	1
57000	-80.774833541959154	-79.289369280774650	-1.485464261184501	0.000088905514920	0.000094552377470	1.063515323591352	0.943547264914604	0	2	3	7	8	10	11	13	11	13	12	12	13	13	15	14	16	0	1	2	0	4	5	5	9	6	9	6	7	9	11	8	9	14	1	1	1	1	1	1	1	1	1	1	1	1	1	1	1	1	2
57500	-88.645022733768712	-87.212811823551306	-1.432210910217409	0.000108732313887	0.000038632658031	0.355300615339642	0.763304829140101	1	3	5	6	9	10	11	13	11	12	13	13	14	12	14	15	16	0	1	2	0	4	5	5	6	6	6	14	7	10	9	8	10	14	1	1	1	1	1	1	1	2	1	2	1	1	1	1	1	2	2
58000	-86.146426800190937	-84.783831160529871	-1.362595639661069	0.000106511305940	0.000065365068047	0.613691358586587	0.878194854580256	1	3	5	8	9	10	12	13	12	13	12	13	13	14	14	15	17	0	1	2	0	4	5	5	6	6	9	6	7	9	11	8	10	10	1	1	1	1	1	1	2	1	1	1	1	1	1	1	1	2	2
58500	-100.738391975135727	-99.317272531133142	-1.421119444002579	0.000097731653927	0.000036077778259	0.369151414192679	0.685000927704083	0	1	5	4	8	9	12	14	11	11	12	11	13	13	13	15	16	0	1	2	0	4	5	6	15	6	6	6	5	6	11	9	10	11	1	1	1	1	2	1	1	1	2	2	2	2	2	1	1	2	2
59000	-80.828063123013507	-79.439680368673891	-1.388382754339615	0.000102696108128	0.000078468333808	0.764082838567769	0.955285348160021	1	2	4	7	9	10	12	14	11	12	13	13	13	14	15	15	17	0	1	2	0	4	5	5	10	6	9	7	7	10	11	8	10	14	1	1	1	1	1	1	2	1	1	1	1	1	1	1	1	1	1
59500	-84.918078218129878	-83.486990867811556	-1.431087350318320	0.000142066749211	0.000050665126390	0.356629025946861	0.816690501783561	1	3	5	6	8	9	11	12	11	12	13	13	13	12	13	15	16	0	1	2	0	4	5	5	6	6	6	14	7	9	6	8	10	11	1	1	1	1	1	1	1	1	1	1	1	1	1	1	1	2	2
60000	-87.524051551072958	-86.152380199618477	-1.371671351454488	0.000128902105147	0.000088287509400	0.684919065512187	0.890602832285358	1	3	5	7	8	10	12	13	12	13	11	13	14	13	14	16	15	0	1	2	0	4	5	5	9	6	6	6	7	9	11	7	13	14	1	1	1	1	1	1	1	1	1	2	1	1	2	1	1	1	1
60500	-88.942658234982687	-87.581818940934852	-1.360839294047833	0.000100644532492	0.000057618366686	0.572493758570306	0.842230293848830	1	2	3	6	8	10	12	13	12	12	12	13	14	13	15	15	16	0	1	1	0	4	5	5	10	6	6	6	7	9	11	8	10	14	1	1	1	1	1	1	1	1	1	2	2	1	1	1	2	1	1
61000	-88.436644942691615	-86.841492930539985	-1.595152012151630	0.000074898287532	0.000018136293287	0.242145633557751	0.792861226614352	1	2	6	6	8	9	11	12	11	13	13	12	14	14	14	16	16	0	1	1	0	4	5	5	9	6	9	6	7	9	11	8	10	14	1	1	2	1	1	1	1	1	1	1	2	1	1	1	1	2	1
61500	-75.058665025761371	-73.678728478148827	-1.379936547612539	0.000081000894307	0.000058926976524	0.727485505294326	0.928603046155587	1	3	5	6	8	10	12	12	11	12	12	13	13	14	14	14	16	0	1	1	0	4	5	6	6	6	9	9	7	10	11	8	10	14	1	1	2	1	1	1	1	1	1	1	1	1	1	1	1	1	1
62000	-78.268911899860271	-76.494068862783095	-1.774843037077176	0.000127465563678	0.000023287107405	0.182693323068887	0.943109254422103	1	2	4	6	8	9	10	13	11	12	12	11	13	14	15	15	16	0	1	1	0	4	5	5	9	6	9	6	7	9	11	8	10	14	1	1	1	1	1	1	1	1	1	1	1	1	1	1	1	1	1
62500	-89.423118640946726	-88.016071569370382	-1.407047071576344	0.000060010816656	0.000050001527360	0.833208580493107	0.742656496714953	2	3	6	7	9	10	12	14	11	12	12	13	13	13	15	15	15	0	1	2	0	4	5	6	10	6	6	6	7	5	11	8	7	14	1	1	1	1	2	1	1	1	1	1	1	1	2	1	1	1	1
63000	-94.432613461411819	-93.071743198017970	-1.360870263393843	0.000123546721163	0.000069630070979	0.563593030427027	0.898467503680860	1	3	6	6	8	9	11	14	11	11	12	12	13	14	14	16	16	0	1	2	0	4	5	6	9	6	6	9	5	10	11	10	10	11	1	1	1	1	1	1	1	2	1	1	1	1	1	1	1	4	2
63500	-78.732736274898130	-77.251038146068808	-1.481698128829325	0.000095399002564	0.000029399859726	0.308177852347722	0.988169839481471	0	2	5	7	8	10	10	12	12	11	12	12	14	13	14	15	17	0	1	2	0	4	5	5	6	6	6	10	7	9	11	8	9	14	1	1	1	1	1	1	1	1	1	1	1	1	1	1	1	1	1
64000	-74.506657424705125	-73.144929791997697	-1.361727632707425	0.000101377586623	0.000060901250657	0.600736836270815	0.996385352122032	1	3	5	6	8	10	11	13	12	12	12	13	13	13	15	14	15	0	1	2	0	4	5	5	9	6	6	6	7	9	11	8	11	14	1	1	1	1	1	1	1	1	1	1	1	1	1	1	1	1	1
64500	-75.595996215556866	-74.222042974256851	-1.373953241300010	0.000090234019517	0.000062953729619	0.697671786708514	0.989870491027139	1	2	4	7	8	9	11	13	12	12	11	12	13	13	15	14	15	0	1	2	0	4	5	5	10	6	6	6	7	9	11	8	9	14	1	1	1	1	1	1	1	1	1	1	1	1	1	1	1	1	1
65000	-73.935826494397659	-72.495739564206417	-1.440086930191242	0.000093948948812	0.000032543758271	0.346398322520800	0.915807786443038	1	3	5	8	9	10	12	13	11	12	12	13	13	13	15	14	16	0	1	2	0	4	5	5	9	6	6	6	7	9	11	8	10	14	1	1	1	1	1	1	1	1	1	1	1	1	1	1	1	1	1
65500	-77.138170987382992	-75.769014444255163	-1.369156543127823	0.000113293127324	0.000075850694437	0.669508347313318	0.952738469123986	1	2	4	7	8	10	12	13	11	13	12	13	13	14	14	14	16	0	1	2	0	4	5	5	9	6	6	6	7	7	11	8	9	14	1	1	1	1	1	1	2	1	1	1	1	1	1	1	1	1	1
66000	-76.917488890901197	-75.552339225928989	-1.365149664972208	0.000093681662269	0.000059952910037	0.639964199871917	0.962270031573381	1	3	5	7	8	9	11	13	10	12	12	13	13	14	14	15	16	0	1	2	0	4	5	5	9	6	9	9	7	10	11	8	10	14	1	1	1	1	1	1	1	2	1	1	1	1	1	1	1	1	1
66500	-82.045882822152265	-80.659612977068079	-1.386269845084181	0.000076894427928	0.000058083315181	0.755364422963266	0.817998901771324	-1	2	4	7	8	10	11	13	11	12	12	12	14	14	14	14	16	0	1	2	0	4	5	5	6	6	6	9	7	10	11	8	9	14	1	1	1	1	1	1	2	1	1	1	1	1	1	1	1	2	1
67000	-75.966926799595910	-74.543192060516674	-1.423734739079239	0.000124047907573	0.000045367899288	0.365728855692181	0.889951276505592	0	2	4	7	9	10	11	14	12	12	12	13	12	13	15	15	16	0	1	2	0	4	5	5	9	6	6	6	7	6	11	8	9	14	1	1	1	1	1	1	1	1	1	1	1	1	1	1	1	1	1
67500	-98.564037768034623	-97.186879210816002	-1.377158557218620	0.000050732858041	0.000036232277434	0.714177730833422	0.614878027553736	2	3	6	5	9	10	12	13	11	12	12	12	13	13	15	16	16	0	1	2	0	4	5	5	6	5	6	5	5	6	11	8	10	14	1	1	1	1	2	1	1	1	1	1	1	2	1	1	2	1	2
68000	-79.853439387666356	-78.482388604312078	-1.371050783354282	0.000095847348050	0.000065297652405	0.681267178840726	0.809930351351827	1	2	5	6	8	9	11	13	11	12	13	12	13	14	15	14	17	0	1	2	0	4	5	5	9	6	6	9	7	9	11	8	10	11	1	1	1	1	1	1	1	1	1	2	1	1	1	1	1	1	2
68500	-80.544993794189068	-79.170536105233637	-1.374457688955437	0.000124423570240	0.000057676071469	0.463546186285923	0.838220155502559	1	3	4	7	8	10	10	13	11	13	12	12	13	14	15	13	16	0	1	1	0	4	5	5	6	6	9	9	7	6	11	8	9	14	1	1	1	1	1	1	1	1	1	1	1	1	2	1	1	1	1
69000	-90.422252115543102	-88.654232086901104	-1.768020028641998	0.000108822966095	0.000020069227653	0.184420884426317	0.710432742452218	2	3	5	7	8	9	11	13	11	12	11	13	12	13	15	15	17	0	1	2	0	4	5	5	9	6	6	6	7	7	11	8	10	14	1	1	1	1	1	1	2	1	1	1	1	1	1	1	2	1	3
69500	-92.736198027408093	-91.359879886754541	-1.376318140653551	0.000168393518658	0.000077000923831	0.457267740732441	0.917491173891074	0	2	5	6	8	10	12	13	11	12	12	13	12	13	14	15	17	0	1	2	0	4	5	6	13	6	6	9	7	6	11	8	10	14	1	1	1	1	1	2	1	1	1	1	1	1	1	1	1	1	2
70000	-98.713405619467821	-97.340279654239538	-1.373125965228283	0.000072741738742	0.000034069729039	0.468365612750582	0.769517251908074	1	3	6	6	8	9	10	12	10	12	11	12	12	14	14	15	17	0	1	2	0	4	5	5	9	6	9	6	7	9	11	9	9	14	1	1	1	1	2	1	1	1	1	1	1	1	1	1	2	4	1
70500	-80.515090926014565	-79.133500120473400	-1.381590805541159	0.000075834604640	0.000055743041174	0.735060747510910	0.901161655906299	1	3	5	7	8	9	10	13	11	10	11	12	11	13	14	15	16	0	1	2	0	4	5	5	10	6	6	6	7	6	11	8	9	14	1	1	1	1	1	1	1	1	1	1	1	1	1	1	1	2	1
71000	-89.496096723536922	-88.126647487698619	-1.369449235838303	0.000077571384942	0.000052080883503	0.671392982631653	0.851530477864071	0	1	5	6	8	9	10	12	11	11	11	13	13	13	13	14	16	0	1	2	0	4	5	5	6	6	6	6	7	10	11	8	9	14	1	1	1	1	1	1	1	1	1	1	1	2	1	1	1	2	2
71500	-77.846974859691954	-76.484507316246820	-1.362467543445140	0.000125243767936	0.000066438191103	0.530471034191279	0.922865851749100	2	3	5	7	8	9	11	12	11	13	12	13	13	14	13	15	16	0	1	2	0	4	5	5	6	6	9	6	7	7	11	8	10	14	1	1	1	1	1	1	2	1	1	1	1	1	1	1	1	1	1
72000	-79.918883016987294	-78.548898251067811	-1.369984765919479	0.000128952213771	0.000087013522762	0.674773392540236	0.984608871844517	1	2	4	7	8	9	11	12	10	12	11	12	14	13	14	15	17	0	1	2	0	4	5	5	9	6	9	6	7	10	11	8	10	14	1	1	1	1	1	1	1	1	1	1	1	1	1	1	1	1	2
72500	-76.185657971628402	-74.706631307636627	-1.479026663991771	0.000127880052241	0.000039679884811	0.310289870204212	0.940545168033958	2	3	5	6	8	10	11	13	12	12	12	13	13	14	15	13	16	0	1	2	0	4	5	5	10	6	6	6	7	10	11	8	9	14	1	1	1	1	1	1	1	1	1	1	1	1	1	1	1	1	1
73000	-88.428373393354903	-87.049937798316307	-1.378435595038593	0.000126820177649	0.000057152662857	0.450659066375410	0.757464196530089	1	3	5	7	8	9	11	12	11	12	13	13	12	12	14	13	16	0	1	2	0	4	5	5	6	6	9	14	7	6	6	8	10	14	1	1	1	1	1	1	1	1	1	1	1	1	1	2	1	1	2
73500	-83.069619411135051	-81.696159477326574	-1.373459933808471	0.000076036865152	0.000052845301737	0.694995797521772	0.817856270030416	1	3	5	7	9	9	11	13	11	12	11	13	13	13	15	13	16	0	1	2	0	4	4	5	9	6	6	6	7	6	11	8	9	14	1	1	1	1	1	1	1	1	1	1	1	1	2	1	2	1	1
74000	-84.781314145864414	-83.401009496299309	-1.380304649565100	0.000069017597424	0.000050327065503	0.729191791384566	0.927385562440130	1	3	6	6	9	10	11	13	11	13	12	12	12	13	15	14	15	0	1	2	0	4	5	5	6	6	6	6	7	6	11	8	10	14	1	1	1	1	2	1	1	1	1	2	1	1	1	1	1	1	1
74500	-80.762886075144664	-79.402022933287171	-1.360863141857495	0.000115730715229	0.000066594212885	0.575423842777498	0.809281627192135	0	2	5	6	8	10	12	12	11	12	13	13	12	14	13	15	16	0	1	2	0	4	5	5	9	6	6	9	7	9	11	8	10	14	1	1	1	1	1	1	2	1	1	1	1	1	1	1	1	1	1
75000	-84.489886006471991	-83.028565859103367	-1.461320147368631	0.000089874636608	0.000089684260351	0.997881757699152	0.761763109661830	1	2	5	6	8	10	11	13	11	11	12	13	13	13	14	15	16	0	1	1	0	4	5	5	10	6	6	6	7	9	11	8	9	14	1	1	2	1	1	1	2	1	1	1	1	1	2	1	1	2	1
75500	-85.884391439981144	-84.512969898605348	-1.371421541375797	0.000122683425602	0.000058276274229	0.475013425346818	0.774582993279005	1	3	6	8	9	10	11	12	11	12	12	13	14	14	15	14	16	0	1	1	0	4	5	5	6	6	9	9	7	10	11	8	10	14	1	1	2	1	1	1	1	1	1	1	1	1	1	1	2	1	2
76000	-84.448414512217937	-83.014018077637871	-1.434396434580064	0.000226875407706	0.000080032596877	0.352760123658113	0.975681355800670	1	3	4	6	8	10	13	14	11	12	12	12	13	14	15	12	16	0	1	1	0	4	5	9	9	5	9	9	6	9	11	8	6	14	1	1	1	1	1	1	1	1	1	1	1	1	1	1	1	1	1
76500	-80.384341740684278	-79.007453639775150	-1.376888100909125	0.000113333763075	0.000051616389013	0.455436999645361	0.828113276923525	1	2	5	6	9	10	11	13	12	11	13	13	12	14	15	15	16	0	1	2	0	4	5	5	9	10	6	10	7	6	11	8	9	14	1	1	1	1	1	1	1	1	1	1	1	1	1	1	1	1	1
77000	-84.685010337117276	-83.323941815682460	-1.361068521434811	0.000106713307147	0.000062478840288	0.585483122564843	0.953863852922217	1	3	6	7	9	10	12	13	12	12	11	11	13	13	12	15	16	0	1	2	0	4	5	5	15	6	12	6	5	7	11	6	9	14	1	1	1	1	1	1	1	1	1	1	1	1	1	1	1	1	1
77500	-81.441010510509457	-80.079851619894498	-1.361158890614955	0.000126233855560	0.000074261562068	0.588285620672503	0.870499257526085	0	2	5	7	8	10	12	13	12	11	12	13	12	14	15	15	15	0	1	1	0	4	5	10	6	6	6	10	7	10	11	8	9	14	1	1	2	1	1	1	1	1	1	1	1	1	1	1	1	1	1
78000	-86.960124737185225	-85.587486246638392	-1.372638490546840	0.000106459248910	0.000050057958862	0.470207702709852	0.769331302465653	0	2	5	6	8	10	11	12	11	13	12	12	12	14	13	15	16	0	1	2	0	4	4	5	6	5	9	9	6	6	9	8	10	14	1	1	1	1	1	2	1	1	1	1	1	1	1	2	1	1	1
78500	-95.052033427072914	-93.690423075848017	-1.361610351224891	0.000126915101128	0.000068834302924	0.542364953516794	0.674879884725411	1	3	5	7	8	9	9	13	10	12	11	13	12	14	14	13	17	0	1	2	0	4	5	5	10	6	6	6	11	11	10	8	11	14	1	1	1	1	1	1	1	1	1	2	2	1	1	1	1	1	2
79000	-82.491407915786951	-81.082669604112212	-1.408738311674736	0.000097667342815	0.000081939984244	0.838970139678490	0.915680388514244	1	2	4	8	9	10	11	14	12	12	13	12	14	14	14	15	16	0	1	2	0	4	5	5	9	6	6	9	7	9	11	10	6	14	1	1	1	1	1	1	1	1	1	1	1	1	1	1	1	3	1
79500	-89.386881607449112	-87.922938550350821	-1.463943057098286	0.000095054835058	0.000030701395370	0.322986151634318	0.887984658013229	1	3	6	6	8	10	11	13	12	12	13	12	14	14	14	14	16	0	1	1	0	4	5	6	5	6	6	10	7	6	11	8	9	14	1	1	2	1	2	1	1	2	1	1	1	1	2	1	1	1	1
80000	-81.548913099147470	-80.142753365675787	-1.406159733471676	0.000063491083182	0.000052707734086	0.830159629432038	0.904131669885684	0	1	4	6	8	10	11	12	11	12	12	12	13	13	14	15	16	0	1	2	0	4	5	5	9	6	6	6	7	10	11	8	10	14	1	1	1	1	1	1	1	1	1	1	1	1	1	1	1	2	1
80500	-89.543892901398848	-88.100077207275092	-1.443815694123758	0.000061341813737	0.000058160135223	0.948131978490999	0.950805657163407	0	2	6	7	8	10	11	13	11	12	12	12	14	13	14	13	16	0	1	2	0	4	5	5	10	6	9	6	7	9	11	8	6	13	1	1	1	1	1	1	1	1	1	1	1	1	2	1	1	1	1
81000	-74.681652335777656	-73.238981362479720	-1.442670973297935	0.000083963359737	0.000028851634055	0.343621719591230	0.992300531404022	1	2	5	7	9	10	11	12	11	12	12	12	14	14	14	16	16	0	1	2	0	4	5	5	6	6	6	6	7	10	11	8	10	14	1	1	1	1	1	1	1	1	1	1	1	1	1	1	1	1	1
81500	-87.524766326571793	-86.131310633981883	-1.393455692589906	0.000087596507559	0.000036268403898	0.414039382495040	0.895301785891534	0	3	5	6	8	9	11	14	11	12	13	12	14	14	15	16	17	0	1	2	0	4	5	5	10	6	9	9	7	9	11	8	9	14	1	2	1	1	1	1	1	1	1	1	1	1	1	1	1	1	2
82000	-83.392907186329722	-82.026419073788418	-1.366488112541304	0.000127688410958	0.000063697500264	0.498851068676928	0.938503438669685	1	2	3	8	9	10	11	12	12	12	12	12	14	13	13	15	16	0	1	2	0	4	5	5	6	6	6	6	7	10	11	8	10	14	1	1	1	1	1	1	1	1	1	1	1	1	1	1	1	2	2
82500	-82.634696228077075	-81.270962286631871	-1.363733941445203	0.000120287892705	0.000075385550042	0.626709374871548	0.768445626786221	1	3	6	7	9	10	11	12	11	12	12	12	13	13	15	15	16	0	1	1	0	4	5	5	6	6	9	6	7	9	11	8	10	11	1	1	2	1	1	1	1	1	1	1	1	1	1	1	1	2	2
83000	-86.642026945284485	-85.281190254961928	-1.360836690322554	0.000088346865926	0.000050147912881	0.567625261577787	0.774741359057079	1	3	4	7	9	10	12	13	11	12	13	13	12	13	15	15	16	0	1	1	0	4	5	5	9	6	6	10	5	9	10	8	10	14	1	1	2	1	1	1	1	1	1	1	1	2	1	1	1	1	2
83500	-87.794854455350887	-86.302260680135149	-1.492593775215737	0.000069457464906	0.000075180820767	1.082400874672385	0.748564355669749	-1	2	4	7	8	9	10	12	11	12	12	13	13	14	15	15	15	0	1	2	0	4	5	5	9	6	9	9	7	9	11	8	10	14	1	1	1	1	1	1	1	1	1	1	1	2	1	1	1	2	1
84000	-81.535178968556167	-80.172198859067123	-1.362980109489046	0.000105847139847	0.000055565674869	0.524961514784253	0.900368941489516	-1	2	4	7	9	10	11	13	12	13	11	13	14	13	14	15	15	0	1	2	0	4	5	5	6	6	9	6	7	9	11	8	9	14	1	1	1	1	1	1	1	1	1	1	1	1	1	1	1	2	1
84500	-85.923319944497322	-84.553788391410478	-1.369531553086849	0.000106834163372	0.000071783815915	0.671918173452777	0.922571905088056	1	3	5	6	8	10	11	13	11	11	12	12	12	14	15	15	17	0	1	2	0	4	5	5	9	6	6	6	7	6	11	8	11	14	1	1	1	1	1	1	2	1	1	1	2	1	1	1	1	1	2
85000	-81.016234159523151	-79.540103278150610	-1.476130881372536	0.000064138359950	0.000066606345610	1.038479088974894	0.950758520618915	1	2	5	6	8	10	10	12	11	13	12	12	14	14	14	13	16	0	1	1	0	4	5	5	6	6	9	6	7	6	11	8	9	14	1	1	1	1	1	1	1	1	1	1	1	1	2	1	1	1	1
85500	-101.898384732695988	-100.487654044221770	-1.410730688474219	0.000140213195540	0.000118575251245	0.845678260081721	0.700402113328075	0	2	5	7	8	10	12	12	11	12	13	12	13	14	15	15	17	0	1	2	0	4	5	9	6	6	6	10	9	6	12	10	10	14	1	2	2	1	1	1	1	2	1	1	1	1	2	1	2	1	2
86000	-96.441818187849023	-94.967637283260530	-1.474180904588487	0.000069351620697	0.000071654016609	1.033198876807950	0.748676971148914	0	3	6	7	9	10	11	12	12	12	12	12	13	13	14	15	16	0	1	2	0	4	5	5	6	6	6	6	6	7	7	8	7	14	1	1	2	1	1	1	1	1	1	1	1	1	1	2	1	2	2
86500	-91.787696567827609	-90.416025722834149	-1.371670844993466	0.000133947888436	0.000091743068099	0.684916120517737	0.730057228108309	1	2	5	6	8	9	12	13	11	13	11	11	13	14	14	14	16	0	1	2	0	4	5	5	9	6	9	6	5	6	10	7	7	11	1	1	1	1	1	1	2	2	1	1	1	2	2	1	1	1	2
87000	-86.604850551489832	-85.238750572310323	-1.366099979179502	0.000132059543869	0.000066184607408	0.501172467121115	0.628088449947523	1	2	5	6	8	10	12	14	12	13	11	13	12	13	14	15	16	0	1	1	0	4	5	6	6	6	6	6	7	6	11	9	10	14	1	1	2	1	1	1	1	3	1	2	1	1	1	1	1	1	2
87500	-90.417540933438474	-88.999087064738731	-1.418453868699748	0.000166026429789	0.000061886539615	0.372751131814763	0.905460627874074	1	3	5	6	8	9	12	13	10	13	13	13	13	14	15	15	16	0	1	1	0	4	5	5	6	6	9	9	7	9	11	8	9	14	1	1	2	1	1	1	1	1	1	1	1	1	2	1	1	2	1
88000	-90.923822612567548	-89.516572047709062	-1.407250564858487	0.000110578166005	0.000043049825478	0.389315784785570	0.733909349162722	1	3	5	7	8	10	12	13	11	13	13	13	14	14	13	15	16	0	1	2	0	4	5	6	5	6	6	9	7	10	11	9	10	14	1	1	2	1	1	1	1	3	1	2	2	1	1	1	1	1	1
88500	-87.608267106412853	-86.219861021569770	-1.388406084843085	0.000065036120886	0.000027629876756	0.424838941499914	0.984591558286965	1	3	5	6	9	10	10	13	11	13	12	12	12	13	15	15	14	0	1	2	0	4	5	5	9	6	6	6	7	6	11	8	9	11	1	1	1	1	2	1	1	1	1	1	1	1	1	1	1	1	1
89000	-88.150784791612239	-86.786971908868438	-1.363812882743807	0.000186047797782	0.000096253891076	0.517361087972072	0.677992988402269	1	2	5	7	8	10	11	13	12	12	13	13	14	13	15	14	15	0	1	1	0	4	5	6	9	6	6	9	7	9	7	8	9	14	1	1	2	1	1	1	1	1	1	1	1	2	1	1	1	1	1
89500	-72.902469825869304	-71.466896067061441	-1.435573758807862	0.000100259425017	0.000092624115413	0.923844470447937	0.964793679892183	1	3	5	7	8	10	10	13	11	12	13	12	13	14	15	14	16	0	1	2	0	4	5	5	9	6	6	9	7	10	11	8	10	14	1	1	1	1	1	1	1	1	1	1	1	1	1	1	1	1	1
90000	-75.228580913982753	-73.860086415648283	-1.368494498334476	0.000087706106521	0.000058336816005	0.665139729930603	0.981692403818675	1	2	4	8	9	10	10	12	11	12	12	12	13	14	14	15	16	0	1	1	0	4	5	5	6	6	6	6	7	10	11	8	10	14	1	1	1	1	1	1	1	1	1	1	1	1	1	1	1	1	1
90500	-84.952681701249119	-83.566389937896233	-1.386291763352893	0.000121131852667	0.000052055641154	0.429743622408181	0.920083781236631	2	3	5	6	7	9	13	14	11	12	12	11	13	14	15	15	15	0	1	1	0	4	5	11	10	6	9	6	5	9	11	8	13	14	1	1	1	1	1	1	1	1	1	1	1	1	1	1	1	1	1
91000	-104.594130714864704	-103.190467185273789	-1.403663529590915	0.000101845603259	0.000083664166333	0.821480394397560	0.507142866457707	1	2	5	7	8	9	12	12	12	11	13	13	13	13	15	14	16	0	1	1	0	4	5	6	5	6	6	6	7	7	9	8	7	14	1	1	3	1	1	1	1	2	2	2	1	1	1	1	2	1	2
91500	-84.847251744538511	-83.443801142361764	-1.403450602176741	0.000096903356377	0.000079531759763	0.820732766508123	0.808038689776492	0	3	5	8	9	10	11	12	12	11	12	13	13	14	14	16	16	0	1	2	0	4	5	6	10	6	6	6	7	10	11	8	9	14	1	1	1	1	1	1	1	1	1	1	1	1	1	1	1	2	2
92000	-88.284564158288816	-86.895733738513215	-1.388830419775599	0.000087256528059	0.000036986655408	0.423884106222452	0.684922717957317	2	3	4	6	7	10	12	12	10	12	12	13	12	14	15	14	16	0	1	1	0	4	5	6	9	5	9	9	7	6	11	8	9	14	1	1	1	1	1	2	2	1	2	1	1	1	1	1	1	2	1
92500	-77.837307156664693	-76.464668716846546	-1.372638439818143	0.000071847060332	0.000049606409358	0.690444523807074	0.862401700324966	1	3	5	6	7	9	11	14	11	12	13	12	13	14	15	15	16	0	1	2	0	4	5	5	10	6	9	9	7	9	11	8	9	14	1	1	1	1	1	1	2	1	1	1	1	1	1	1	1	2	1
93000	-94.784235416853406	-93.391827697229843	-1.392407719623562	0.000091901285479	0.000071689118588	0.780066548733153	0.677865709461344	2	3	3	5	7	9	12	13	11	12	12	13	13	14	15	15	17	0	1	1	0	4	5	6	9	5	5	9	9	10	11	8	10	14	1	1	1	1	1	2	2	1	1	2	1	1	1	1	1	1	1
93500	-81.849274048160908	-80.486292734758351	-1.362981313402557	0.000077872035620	0.000040878883323	0.524949463529098	0.908484997659214	1	3	5	6	8	9	10	13	11	13	11	12	14	13	14	16	16	0	1	2	0	4	5	5	6	6	9	6	7	9	11	8	13	14	1	1	1	1	1	1	1	1	1	1	1	1	1	1	1	1	2
94000	-85.960419388076517	-84.512807013614818	-1.447612374461698	0.000054031227131	0.000051822255021	0.959116751045675	0.909803173935155	1	2	5	7	9	10	11	13	11	12	12	12	14	14	14	13	17	0	1	2	0	4	5	6	10	6	6	9	7	9	11	8	9	14	1	1	1	1	2	1	1	1	1	1	1	1	1	1	1	1	1
94500	-89.847272100736873	-88.474691800161068	-1.372580300575799	0.000097352179696	0.000067184458357	0.690117659064361	0.757310717088208	-1	2	4	7	8	10	10	13	11	12	12	11	13	14	14	15	16	0	1	1	0	4	5	5	9	6	6	6	7	6	10	8	10	14	1	1	2	1	1	1	1	1	1	1	1	1	1	2	1	2	1
95000	-83.248579559441254	-81.858688725867296	-1.389890833573963	0.000075419061496	0.000031792023028	0.421538300760175	0.835507051827340	1	3	6	7	8	10	11	14	11	12	11	12	14	13	12	15	15	0	1	1	0	4	5	5	15	6	6	6	7	10	11	6	9	14	1	1	2	1	1	1	1	1	1	1	1	1	1	1	1	2	1
95500	-89.301462826453488	-87.910850269648265	-1.390612556805222	0.000095318151248	0.000073683886951	0.773031012309870	0.922161885309677	1	2	3	6	8	10	12	13	12	11	12	13	13	14	14	15	16	0	1	1	0	4	5	10	9	6	6	6	7	9	11	8	7	14	1	1	1	1	2	1	1	1	1	1	1	1	1	2	1	1	1
96000	-86.128856865797189	-84.664421525498597	-1.464435340298587	0.000086218407013	0.000086780589010	1.006520440552595	0.713960319490204	0	3	4	7	9	10	11	14	12	12	13	13	13	14	15	15	16	0	1	2	0	4	5	4	10	6	6	10	7	7	11	8	9	14	1	1	1	1	1	1	2	1	1	1	1	1	1	1	1	1	1
96500	-84.021563019853900	-82.628890324776009	-1.392672695077896	0.000112570957441	0.000087928412219	0.781093225269113	0.914940820241323	1	3	6	6	8	10	10	14	12	12	12	11	14	13	13	14	17	0	1	2	0	4	5	5	15	6	6	6	7	9	11	10	9	14	1	1	2	1	1	1	1	1	1	1	1	1	1	1	1	1	2
97000	-95.799213094509668	-94.438289722428323	-1.360923372081339	0.000083814480582	0.000048569503660	0.579488214002311	0.887227325202377	1	2	5	6	8	10	11	14	11	9	12	13	14	14	13	15	16	0	1	2	0	4	10	5	15	10	5	6	7	9	11	6	14	14	1	1	2	1	1	1	2	1	1	1	1	1	2	2	2	1	1
97500	-88.264425410168954	-86.538167572651503	-1.726257837517456	0.000044619917908	0.000074017645582	1.658847641391584	0.633169112863743	0	2	5	7	8	10	11	14	11	12	12	12	13	13	15	16	15	0	1	2	0	4	5	5	7	6	6	6	7	10	11	8	6	14	1	1	1	1	1	1	2	1	1	1	1	1	1	1	1	3	1
98000	-86.141026635683389	-84.769187667925820	-1.371838967757573	0.000139641308045	0.000066096387140	0.473329762267930	0.914477938115962	1	2	3	7	8	10	11	12	12	11	12	13	13	13	13	13	17	0	1	2	0	4	5	5	6	6	6	10	7	9	11	8	10	11	1	1	1	1	1	1	1	1	1	1	1	1	1	1	1	1	2
98500	-96.287724916984928	-94.926161257363759	-1.361563659621176	0.000137446546170	0.000082150178674	0.597688199254372	0.666170735748951	1	2	5	7	8	10	12	12	11	13	12	11	13	14	15	15	16	0	1	1	0	4	5	6	6	6	6	12	5	6	11	8	7	14	1	1	2	1	1	1	1	1	1	1	1	2	3	1	1	2	2
99000	-79.229088228579982	-77.832180273499574	-1.396907955080410	0.000090518800823	0.000072155320503	0.797130760091923	0.947788119782316	2	3	5	7	9	10	12	12	11	13	13	13	13	14	14	15	16	0	1	1	0	4	5	5	6	6	9	9	7	9	11	8	10	14	1	1	1	1	1	1	1	1	1	1	1	1	1	1	1	2	1
99500	-89.759724202798949	-88.388178746333239	-1.371545456465713	0.000076254553591	0.000036183516586	0.474509585089709	0.823589416848304	1	3	6	5	7	9	9	11	11	12	11	12	14	13	13	15	16	0	1	2	0	4	5	5	6	6	9	6	7	9	11	8	9	14	1	1	1	1	1	1	1	1	1	1	1	2	1	1	1	2	2
100000	-90.014355372364761	-88.435981414285592	-1.578373958079165	0.000091424405180	0.000118809745590	1.299540810312502	0.801024851948089	1	2	4	6	8	9	13	13	11	12	11	12	13	13	13	13	16	0	1	1	0	4	5	9	12	6	6	6	5	9	11	10	9	14	1	1	1	1	1	1	1	1	1	2	1	2	1	1	1	1	2