step	post	like	prior	mu1	mu2	gamma	pi	Tinf_1	Tinf_2	Tinf_3	Tinf_4	Tinf_5	Tinf_6	Tinf_7	Tinf_8	Tinf_9	Tinf_10	Tinf_11	Tinf_12	Tinf_13	Tinf_14	Tinf_15	Tinf_16	Tinf_17	Tinf_18	Tinf_19	Tinf_20	Tinf_21	alpha_1	alpha_2	alpha_3	alpha_4	alpha_5	alpha_6	alpha_7	alpha_8	alpha_9	alpha_10	alpha_11	alpha_12	alpha_13	alpha_14	alpha_15	alpha_16	alpha_17	alpha_18	alpha_19	alpha_20	alpha_21	kappa_1	kappa_2	kappa_3	kappa_4	kappa_5	kappa_6	kappa_7	kappa_8	kappa_9	kappa_10	kappa_11	kappa_12	kappa_13	kappa_14	kappa_15	kappa_16	kappa_17	kappa_18	kappa_19	kappa_20	kappa_21
1	-928.912782916704714	-935.768270867664114	6.855487950959373	0.000080000000000	0.000020000000000	0.250000000000000	0.451380440422746	2	7	8	14	14	14	15	14	17	16	17	17	19	20	22	21	23	25	26	30	33	0	1	1	1	1	1	1	1	1	1	1	1	1	1	1	1	1	1	1	1	1	1	3	3	6	6	6	7	6	8	7	8	8	9	9	10	10	11	12	12	14	16
500	-192.021166199722671	-198.876654150682043	6.855487950959373	0.000080000000000	0.000020000000000	0.250000000000000	0.290172256429216	3	8	9	15	14	14	14	15	18	16	17	18	18	20	23	21	22	22	27	30	33	0	1	1	3	2	3	3	2	2	6	8	0	7	12	13	12	14	13	18	7	18	1	2	2	2	3	2	2	4	4	2	1	1	3	1	3	2	1	3	4	13	6
1000	-159.688607760342109	-166.544095711301480	6.855487950959373	0.000080000000000	0.000020000000000	0.250000000000000	0.301544989733509	3	8	8	14	15	11	14	11	18	16	17	17	19	21	20	21	23	24	27	31	34	0	1	1	1	8	3	6	2	2	6	4	0	7	12	7	12	14	13	15	18	19	1	3	2	5	2	2	2	1	4	2	2	1	2	2	3	2	2	3	3	4	3
1500	-149.329237603625870	-156.184725554585242	6.855487950959373	0.000080000000000	0.000020000000000	0.250000000000000	0.465739662051623	2	6	9	15	13	15	16	14	14	17	17	18	19	19	23	21	23	26	26	30	33	0	1	1	3	2	3	6	5	2	6	4	0	7	12	7	12	14	15	13	19	20	1	2	4	3	2	4	1	1	4	1	1	1	1	1	3	2	2	1	3	2	1
2000	-161.816791691229753	-168.672279642189125	6.855487950959373	0.000080000000000	0.000020000000000	0.250000000000000	0.631926375193101	3	8	9	14	12	12	16	14	15	16	17	17	20	19	22	21	23	25	27	29	34	0	1	1	6	2	1	2	5	2	6	4	0	7	12	7	14	14	15	18	19	20	1	2	2	1	1	4	4	1	4	2	2	1	2	1	2	1	1	1	1	1	2
2500	-146.118770321743654	-152.974258272703025	6.855487950959373	0.000080000000000	0.000020000000000	0.250000000000000	0.420191153863704	3	6	8	15	14	13	15	13	17	16	17	18	19	20	21	21	23	25	27	30	33	0	1	1	3	8	3	3	2	4	6	4	0	3	12	7	12	14	13	18	19	20	1	2	4	3	1	2	3	3	1	1	1	1	6	1	2	2	2	3	1	2	2
3000	-148.502049508524578	-155.357537459483950	6.855487950959373	0.000080000000000	0.000020000000000	0.250000000000000	0.424409622446646	2	7	9	12	15	13	15	14	17	17	17	16	20	21	23	21	23	25	26	29	33	0	1	2	1	8	3	6	2	2	6	4	0	7	12	13	12	14	13	15	19	20	1	2	2	4	1	2	1	2	4	2	3	1	2	3	2	3	1	2	2	2	2
3500	-187.177118315488343	-194.032606266447715	6.855487950959373	0.000080000000000	0.000020000000000	0.250000000000000	0.504676998145032	2	7	8	14	15	15	15	14	18	16	18	18	17	21	22	22	23	24	27	29	34	0	1	2	3	8	3	3	2	3	6	4	0	7	12	7	14	14	15	18	18	20	1	2	1	3	1	3	4	2	5	1	2	1	1	2	4	1	1	1	1	2	2
4000	-134.042342546729429	-140.897830497688801	6.855487950959373	0.000080000000000	0.000020000000000	0.250000000000000	0.544097198235494	3	7	9	12	13	13	15	15	16	16	16	18	19	20	23	22	23	25	26	30	34	0	1	1	1	2	4	4	5	4	6	4	0	7	12	13	14	14	15	18	19	20	1	2	3	5	2	1	1	1	2	1	1	1	2	1	2	2	1	1	1	2	2
4500	-155.941936836517669	-162.797424787477041	6.855487950959373	0.000080000000000	0.000020000000000	0.250000000000000	0.755280091279059	2	7	8	14	13	13	16	15	17	16	18	15	19	18	22	21	23	25	27	29	33	0	1	1	6	2	3	6	2	8	6	4	0	6	12	13	14	14	15	18	19	20	1	2	3	1	2	2	2	4	1	2	3	1	3	1	1	1	2	1	1	1	2
5000	-139.471931626905189	-146.327419577864561	6.855487950959373	0.000080000000000	0.000020000000000	0.250000000000000	0.572504463315899	2	8	9	13	14	13	15	14	16	17	17	18	19	19	23	21	22	25	26	31	33	0	1	1	1	4	3	4	2	4	6	4	0	7	12	13	12	14	13	18	19	20	1	2	4	6	1	2	1	2	2	3	2	1	2	1	2	2	2	4	1	3	1
5500	-128.479873982125412	-135.335361933084783	6.855487950959373	0.000080000000000	0.000020000000000	0.250000000000000	0.596549082002743	3	7	8	15	15	14	15	13	18	15	17	17	18	19	23	22	23	25	27	31	33	0	1	1	1	8	3	6	2	4	6	4	0	7	12	13	14	14	15	18	19	20	1	1	3	6	1	3	1	3	2	1	1	1	1	1	2	1	2	1	1	2	1
6000	-138.314923604733139	-145.170411555692510	6.855487950959373	0.000080000000000	0.000020000000000	0.250000000000000	0.467328332246301	2	7	7	13	15	14	15	15	18	15	17	17	18	21	23	21	23	26	27	30	34	0	1	1	1	4	4	4	2	4	6	4	0	7	12	13	12	14	13	18	15	20	1	2	2	6	1	1	1	3	2	1	2	1	1	2	3	2	1	4	1	3	2
6500	-157.134797850505549	-163.990285801464921	6.855487950959373	0.000080000000000	0.000020000000000	0.250000000000000	0.444824265395915	2	8	9	14	14	13	14	11	18	16	18	17	19	20	22	22	24	26	27	31	33	0	1	1	8	8	3	6	2	2	6	4	0	7	12	13	14	14	13	13	19	19	1	3	4	2	1	2	1	2	5	2	2	1	3	3	1	1	2	2	5	3	4
7000	-132.211067367236666	-139.066555318196038	6.855487950959373	0.000080000000000	0.000020000000000	0.250000000000000	0.541940326329293	2	6	7	13	14	14	15	15	17	17	17	17	19	19	22	21	23	25	27	30	32	0	1	1	1	4	4	4	4	4	6	4	0	7	12	13	12	14	15	18	19	20	1	2	1	6	1	1	1	1	2	2	2	1	2	1	1	2	4	2	1	2	1
7500	-137.558112444218295	-144.413600395177667	6.855487950959373	0.000080000000000	0.000020000000000	0.250000000000000	0.565714534822159	2	7	8	12	13	14	14	15	16	16	15	16	19	21	22	22	23	24	27	29	33	0	1	1	1	4	4	3	2	8	6	4	0	7	12	13	14	14	15	18	19	20	1	2	3	5	1	1	2	4	1	1	2	1	2	3	2	1	1	1	2	1	2
8000	-133.975638263839500	-140.831126214798871	6.855487950959373	0.000080000000000	0.000020000000000	0.250000000000000	0.693322100762393	2	7	8	13	14	14	15	15	17	15	16	18	20	20	22	19	23	25	25	30	33	0	1	1	1	4	4	4	5	4	6	4	0	7	12	13	12	14	13	15	19	20	1	2	3	5	1	1	1	1	2	1	2	1	3	1	1	1	2	2	1	2	2
8500	-149.067307335739713	-155.922795286699085	6.855487950959373	0.000080000000000	0.000020000000000	0.250000000000000	0.592209759619696	3	6	9	11	13	13	15	15	17	16	16	18	19	19	23	20	22	25	27	30	32	0	1	1	1	4	4	4	4	4	6	4	0	7	12	13	14	14	15	18	19	20	1	1	3	3	1	1	2	2	3	1	3	1	3	1	2	1	1	1	1	1	1
9000	-147.983608931287421	-154.839096882246793	6.855487950959373	0.000080000000000	0.000020000000000	0.250000000000000	0.446872213618910	2	7	7	14	12	13	15	14	18	16	17	17	18	19	22	22	24	25	26	29	34	0	1	1	2	2	1	6	5	4	6	4	0	7	12	13	12	14	15	18	19	20	1	2	2	2	2	5	1	1	2	1	1	1	2	1	2	2	2	2	1	2	2
9500	-158.224335405049573	-165.079823356008944	6.855487950959373	0.000080000000000	0.000020000000000	0.250000000000000	0.541865886789963	2	6	9	13	14	14	15	12	16	17	17	16	20	20	23	22	21	26	27	30	34	0	1	2	2	8	4	4	2	4	6	4	0	7	12	13	14	14	13	18	19	20	1	1	1	3	1	1	2	2	2	1	3	1	2	2	2	1	1	2	1	2	2
10000	-150.515195556911891	-157.370683507871263	6.855487950959373	0.000080000000000	0.000020000000000	0.250000000000000	0.640189106891489	1	8	7	13	15	12	15	14	17	16	17	17	19	19	22	21	23	25	27	30	33	0	1	1	3	2	3	6	2	8	6	4	0	7	12	13	14	14	15	18	19	20	1	3	2	3	3	3	1	2	1	3	1	1	2	1	1	1	1	1	1	1	1
10500	-145.042337482535856	-151.897825433495228	6.855487950959373	0.000080000000000	0.000020000000000	0.250000000000000	0.548909348939142	3	7	9	15	15	13	15	13	15	17	17	17	18	20	22	22	22	25	26	30	34	0	1	2	6	8	1	6	2	2	6	4	0	7	12	13	14	14	13	18	19	20	1	2	1	1	1	5	1	2	2	2	1	1	2	1	2	1	1	3	1	3	2
11000	-146.036201114287820	-152.891689065247192	6.855487950959373	0.000080000000000	0.000020000000000	0.250000000000000	0.636162000465532	3	8	8	14	14	13	16	13	16	17	17	18	19	20	22	22	23	25	27	30	33	0	1	1	1	2	3	6	2	4	6	4	0	7	12	13	12	14	15	18	18	20	1	2	2	5	3	2	1	2	1	2	3	1	2	1	2	2	2	1	1	4	1
11500	-140.121289532937681	-146.976777483897052	6.855487950959373	0.000080000000000	0.000020000000000	0.250000000000000	0.667756325129111	1	7	8	14	14	13	14	13	16	17	17	17	19	21	22	22	24	25	27	31	33	0	1	2	8	8	2	6	2	8	6	6	0	7	12	13	14	14	15	18	19	20	1	3	1	1	1	3	1	4	2	1	2	1	2	2	2	1	2	2	1	2	1
12000	-138.182855918362122	-145.038343869321494	6.855487950959373	0.000080000000000	0.000020000000000	0.250000000000000	0.572906854500993	3	6	9	13	13	15	15	15	18	17	17	18	19	20	23	20	22	25	26	30	34	0	1	1	1	1	4	4	5	4	6	4	0	7	12	13	12	14	15	15	19	20	1	1	3	6	3	2	1	1	2	1	2	1	3	1	2	1	1	1	2	2	2
12500	-132.072920891995437	-138.928408842954809	6.855487950959373	0.000080000000000	0.000020000000000	0.250000000000000	0.468245211225162	3	8	8	13	14	14	14	14	18	16	17	17	19	20	22	21	23	24	26	30	34	0	1	1	1	2	4	4	2	8	6	4	0	7	12	13	14	14	13	18	19	20	1	2	3	5	3	1	1	3	2	1	3	1	2	2	2	1	1	3	1	2	2
13000	-156.026930898311264	-162.882418849270636	6.855487950959373	0.000080000000000	0.000020000000000	0.250000000000000	0.572724140184324	3	7	8	14	12	13	13	13	17	15	18	18	19	20	21	21	24	25	27	30	33	0	1	1	5	2	3	3	2	5	6	4	0	7	12	7	14	14	13	18	19	20	1	2	2	1	2	3	2	3	2	1	1	1	3	1	5	1	2	3	1	1	2
13500	-150.398810457926373	-157.254298408885745	6.855487950959373	0.000080000000000	0.000020000000000	0.250000000000000	0.587366191323560	2	7	8	12	15	14	15	14	17	15	16	18	20	20	22	21	22	24	27	31	33	0	1	1	2	2	4	4	4	5	6	4	0	7	12	13	12	14	15	18	19	20	1	2	3	2	4	1	1	1	1	1	2	1	4	1	2	2	1	1	2	3	1
14000	-164.273312703744921	-171.128800654704293	6.855487950959373	0.000080000000000	0.000020000000000	0.250000000000000	0.397265110218631	2	4	7	14	15	15	14	12	17	16	17	16	20	18	22	20	23	25	26	29	33	0	1	1	2	4	7	3	2	8	6	4	0	7	12	13	12	14	15	15	19	19	1	1	2	4	1	1	4	5	3	1	2	1	3	1	1	2	3	2	1	1	4
14500	-145.341027507179518	-152.196515458138890	6.855487950959373	0.000080000000000	0.000020000000000	0.250000000000000	0.460932193871056	3	6	9	14	13	14	15	14	18	17	17	17	19	20	22	21	23	24	27	30	34	0	1	1	5	2	3	5	2	5	6	5	0	7	12	13	12	14	13	18	19	18	1	1	3	1	5	2	1	4	4	1	2	1	2	1	1	2	1	3	2	2	5
15000	-138.981461428882170	-145.836949379841542	6.855487950959373	0.000080000000000	0.000020000000000	0.250000000000000	0.594999978585463	3	8	8	12	14	14	15	14	17	15	16	18	19	20	21	22	24	25	27	31	33	0	1	1	1	4	4	4	2	2	6	4	0	7	12	7	14	14	15	18	19	20	1	3	2	5	1	1	2	3	3	1	1	1	2	2	3	1	2	2	2	2	1
15500	-150.522312979833316	-157.377800930792688	6.855487950959373	0.000080000000000	0.000020000000000	0.250000000000000	0.629103938012431	2	7	8	14	14	14	16	12	18	16	17	18	19	20	22	21	22	24	26	30	32	0	1	1	8	8	8	3	2	2	6	7	0	7	12	13	12	14	15	18	19	20	1	2	2	1	1	1	3	3	6	1	1	1	2	1	2	2	2	1	1	2	1
16000	-142.633338656636852	-149.488826607596224	6.855487950959373	0.000080000000000	0.000020000000000	0.250000000000000	0.572019804859972	3	7	8	15	15	14	16	13	16	16	17	18	18	20	21	22	23	23	27	30	34	0	1	1	1	8	3	4	2	2	6	4	0	7	12	13	14	14	15	18	19	20	1	2	2	4	1	3	1	2	4	1	1	1	2	1	2	1	1	1	2	3	2
16500	-142.335656541985145	-149.191144492944517	6.855487950959373	0.000080000000000	0.000020000000000	0.250000000000000	0.515486933594391	2	8	8	14	14	12	15	14	16	16	18	17	20	21	22	21	23	25	26	29	34	0	1	1	1	6	3	6	2	4	6	4	0	7	12	13	12	14	15	13	19	20	1	3	3	6	1	3	1	3	1	2	3	1	3	2	1	2	1	1	2	2	3
17000	-160.940611705261290	-167.796099656220662	6.855487950959373	0.000080000000000	0.000020000000000	0.250000000000000	0.556153988263075	2	7	5	13	12	14	15	14	18	17	17	17	20	20	23	22	24	24	27	30	34	0	1	1	2	2	4	4	2	8	6	8	0	7	12	13	12	14	13	18	19	20	1	3	1	2	2	1	1	4	2	2	2	1	4	2	1	3	2	2	1	2	1
17500	-143.140290197571346	-149.995778148530718	6.855487950959373	0.000080000000000	0.000020000000000	0.250000000000000	0.416674208841103	2	6	8	15	13	14	16	15	17	16	17	18	18	20	22	20	23	25	26	30	34	0	1	1	5	2	3	3	5	5	6	4	0	7	12	7	12	14	13	18	19	20	1	2	3	2	3	3	5	1	2	1	1	1	2	1	3	1	2	3	1	2	2
18000	-151.941932263627876	-158.797420214587248	6.855487950959373	0.000080000000000	0.000020000000000	0.250000000000000	0.603170652344845	2	7	9	13	14	14	16	15	17	16	17	18	20	20	22	21	24	25	26	30	33	0	1	2	2	2	4	4	2	2	6	5	0	7	12	7	12	14	15	15	18	20	1	3	1	3	3	1	2	5	4	1	2	1	2	1	2	1	1	1	2	3	2
18500	-154.608864677360771	-161.464352628320142	6.855487950959373	0.000080000000000	0.000020000000000	0.250000000000000	0.767170275918641	3	7	8	13	14	14	15	13	17	15	15	17	19	20	21	21	22	24	26	30	33	0	1	2	2	8	3	4	2	2	6	4	0	6	12	13	14	14	15	18	19	20	1	2	1	2	1	2	1	2	3	1	1	1	2	1	2	1	1	1	1	2	2
19000	-142.556100545636639	-149.411588496596011	6.855487950959373	0.000080000000000	0.000020000000000	0.250000000000000	0.640079555662810	3	7	8	13	13	14	16	15	17	16	18	17	18	20	22	19	24	24	27	29	33	0	1	1	2	2	3	6	5	5	6	4	0	7	12	13	12	14	15	18	19	20	1	2	2	2	3	3	1	1	4	2	2	1	1	1	2	1	2	1	1	1	2
19500	-133.265157984956289	-140.120645935915661	6.855487950959373	0.000080000000000	0.000020000000000	0.250000000000000	0.553050827619410	2	6	8	13	14	14	15	15	17	16	18	18	20	20	22	20	23	24	26	29	33	0	1	1	1	2	4	4	5	5	6	4	0	7	12	13	12	14	15	18	19	20	1	2	3	6	4	1	1	1	2	1	2	1	3	1	2	1	1	1	1	3	2
20000	-140.954256855449955	-147.809744806409327	6.855487950959373	0.000080000000000	0.000020000000000	0.250000000000000	0.753211926036681	3	7	8	15	14	14	16	13	17	16	17	17	20	20	23	21	24	25	26	30	33	0	1	1	8	8	8	6	2	8	6	4	0	7	12	13	14	14	13	18	19	20	1	2	2	1	1	1	1	3	3	1	1	1	2	1	2	1	2	2	1	1	2
20500	-181.879172898011348	-188.734660848970719	6.855487950959373	0.000080000000000	0.000020000000000	0.250000000000000	0.693259802906919	3	6	8	11	14	12	16	14	17	16	18	18	18	20	21	20	22	26	27	30	32	0	1	1	3	4	3	6	4	4	6	4	0	7	12	13	12	14	15	15	18	20	1	2	2	1	2	2	1	2	3	2	4	1	1	1	1	1	1	2	3	2	1
21000	-161.761875353465740	-168.617363304425112	6.855487950959373	0.000080000000000	0.000020000000000	0.250000000000000	0.572328104194626	3	7	9	13	15	14	15	13	18	16	14	17	19	20	22	21	24	23	26	29	34	0	1	1	2	4	3	3	2	8	6	1	0	7	12	13	12	14	15	18	19	20	1	1	2	3	1	2	2	3	3	1	5	1	2	2	1	2	2	1	2	1	2
21500	-143.835963524511925	-150.691451475471297	6.855487950959373	0.000080000000000	0.000020000000000	0.250000000000000	0.488538999488776	2	6	8	13	14	14	15	12	16	16	17	17	19	19	22	20	22	25	26	31	33	0	1	1	2	8	4	4	2	2	6	4	0	7	12	13	12	14	13	18	19	20	1	2	2	3	1	1	2	3	5	1	1	1	2	1	2	2	2	3	1	2	1
22000	-141.208606684156706	-148.064094635116078	6.855487950959373	0.000080000000000	0.000020000000000	0.250000000000000	0.723207969192414	3	5	7	12	15	14	15	14	16	16	15	17	17	19	22	20	22	25	26	30	32	0	1	1	1	8	4	6	4	4	6	4	0	7	12	13	12	14	15	18	19	20	1	1	2	3	1	2	1	1	2	1	2	1	1	1	2	2	2	1	1	2	1
22500	-146.934313226815306	-153.789801177774677	6.855487950959373	0.000080000000000	0.000020000000000	0.250000000000000	0.358724071818116	3	8	8	15	13	14	16	15	17	16	17	17	19	21	22	21	23	25	27	30	33	0	1	1	1	2	1	6	5	5	6	1	0	7	12	13	12	14	13	18	18	20	1	2	3	5	3	6	1	2	2	1	7	1	2	2	1	2	1	2	1	3	2
23000	-144.365170573915947	-151.220658524875319	6.855487950959373	0.000080000000000	0.000020000000000	0.250000000000000	0.460671757747909	3	7	8	13	13	13	16	14	18	16	17	17	19	19	22	21	23	25	27	29	32	0	1	2	1	2	1	6	2	5	6	4	0	7	12	7	14	14	15	18	19	20	1	2	1	4	3	4	2	3	2	1	3	1	2	1	2	1	1	1	1	1	2
23500	-134.952833324117108	-141.808321275076480	6.855487950959373	0.000080000000000	0.000020000000000	0.250000000000000	0.664089554726024	3	8	8	14	15	15	15	14	18	16	17	17	19	19	22	21	23	24	26	31	33	0	1	1	1	2	3	4	2	4	6	4	0	7	12	13	14	14	13	18	19	20	1	2	2	5	3	4	1	3	2	1	1	1	2	1	2	1	2	2	1	3	1
24000	-136.450125035604117	-143.305612986563489	6.855487950959373	0.000080000000000	0.000020000000000	0.250000000000000	0.597311268066610	2	6	9	13	15	14	15	15	18	17	17	17	19	20	21	21	23	25	27	30	33	0	1	2	1	4	4	4	4	4	6	4	0	7	12	13	12	14	15	18	19	20	1	2	2	5	2	1	1	2	3	1	2	1	2	2	1	2	2	3	1	1	1
24500	-141.146292651003762	-148.001780601963134	6.855487950959373	0.000080000000000	0.000020000000000	0.250000000000000	0.706511943402876	2	5	8	13	14	14	15	11	17	16	18	17	19	19	22	21	23	25	27	30	33	0	1	2	1	8	8	4	2	4	6	4	0	7	12	13	14	14	15	18	19	20	1	2	1	5	2	1	1	3	2	1	2	1	2	1	2	1	2	2	1	1	3
25000	-153.620862930847238	-160.476350881806610	6.855487950959373	0.000080000000000	0.000020000000000	0.250000000000000	0.597904303227710	1	7	8	12	14	14	16	13	17	16	18	18	19	21	22	20	23	25	26	30	33	0	1	2	2	8	3	6	2	8	6	4	0	7	12	13	12	14	13	13	18	20	1	2	1	2	1	3	1	4	3	2	3	1	2	1	1	2	1	3	3	2	1
25500	-143.303597177846370	-150.159085128805742	6.855487950959373	0.000080000000000	0.000020000000000	0.250000000000000	0.807222423747868	3	8	8	15	14	11	14	13	17	16	17	18	20	20	22	21	23	25	26	30	32	0	1	1	2	8	3	6	2	2	6	4	0	7	12	13	14	14	13	18	19	20	1	2	2	3	1	2	1	2	4	3	1	1	3	1	1	1	1	2	1	2	1
26000	-140.473527171837731	-147.329015122797102	6.855487950959373	0.000080000000000	0.000020000000000	0.250000000000000	0.378182256021242	2	7	8	15	15	13	15	13	18	16	17	17	20	19	22	22	23	25	26	30	33	0	1	1	8	8	2	6	2	2	6	4	0	7	12	13	12	14	15	18	19	20	1	3	2	1	1	3	1	4	5	2	1	1	2	1	2	3	2	2	1	2	2
26500	-148.159476913486031	-155.014964864445403	6.855487950959373	0.000080000000000	0.000020000000000	0.250000000000000	0.698321532201668	3	7	9	15	14	14	14	12	17	16	17	16	18	19	23	22	21	24	26	31	34	0	1	1	8	8	3	3	2	8	6	4	0	7	12	13	14	14	15	18	19	20	1	2	3	1	1	2	2	4	2	1	1	1	2	2	3	1	2	1	1	2	2
27000	-141.648122959920755	-148.503610910880127	6.855487950959373	0.000080000000000	0.000020000000000	0.250000000000000	0.645912155916587	3	8	8	14	14	13	15	13	17	17	16	16	18	19	22	21	23	25	27	30	31	0	1	1	2	8	3	6	2	8	6	4	0	7	12	13	14	12	15	18	19	20	1	2	2	2	1	3	1	2	2	2	1	1	1	2	2	1	2	2	1	2	1
27500	-148.788616819144607	-155.644104770103979	6.855487950959373	0.000080000000000	0.000020000000000	0.250000000000000	0.644434095247897	3	7	8	15	14	14	16	13	18	16	16	17	19	21	20	21	23	23	26	28	33	0	1	2	8	8	3	6	2	8	6	4	0	7	12	13	12	14	15	18	19	20	1	4	1	1	1	2	1	3	2	1	1	1	2	1	1	2	1	2	1	1	2
28000	-148.560996772870539	-155.416484723829910	6.855487950959373	0.000080000000000	0.000020000000000	0.250000000000000	0.562220378810762	3	5	6	15	15	14	15	15	17	16	18	17	19	20	21	22	24	24	27	30	32	0	1	1	6	6	3	6	2	8	6	6	0	7	12	13	14	14	15	18	19	20	1	1	1	1	1	4	1	5	1	1	2	1	2	1	1	2	2	2	1	3	1
28500	-154.296775963838456	-161.152263914797828	6.855487950959373	0.000080000000000	0.000020000000000	0.250000000000000	0.407478436305318	3	8	8	12	14	13	16	12	17	15	17	17	20	21	22	20	23	25	27	30	33	0	1	1	1	8	1	6	2	4	4	4	0	7	12	13	12	14	6	15	19	20	1	2	1	5	1	5	1	2	3	2	2	1	2	2	1	2	1	7	2	2	1
29000	-152.607010356293983	-159.462498307253355	6.855487950959373	0.000080000000000	0.000020000000000	0.250000000000000	0.579444209218377	3	7	7	14	14	14	15	12	18	16	17	17	18	20	22	21	23	25	27	30	32	0	1	1	8	8	8	6	1	8	6	4	0	7	12	13	14	14	13	18	19	18	1	2	2	2	1	1	1	4	2	2	2	1	2	2	2	1	1	5	1	2	3
29500	-154.026922078800311	-160.882410029759683	6.855487950959373	0.000080000000000	0.000020000000000	0.250000000000000	0.458802685903492	3	7	7	14	15	13	16	13	17	15	17	15	19	19	23	20	24	25	27	29	33	0	1	1	1	2	3	4	2	4	6	4	0	6	12	7	14	14	15	18	18	20	1	2	2	7	4	2	1	2	3	1	1	1	4	2	3	1	2	2	1	2	2
30000	-147.931372695173053	-154.786860646132425	6.855487950959373	0.000080000000000	0.000020000000000	0.250000000000000	0.598884032106259	3	7	9	12	12	14	15	14	17	16	16	17	20	20	20	21	23	25	26	31	33	0	1	2	1	2	4	6	5	2	6	4	0	7	12	7	12	14	15	18	19	20	1	2	1	4	2	1	1	1	5	1	2	1	4	1	1	1	1	2	1	2	1
30500	-152.967571174792141	-159.823059125751513	6.855487950959373	0.000080000000000	0.000020000000000	0.250000000000000	0.482011016512142	3	7	8	15	11	13	16	14	17	16	17	17	19	21	22	19	23	24	26	30	33	0	1	2	2	2	2	6	5	4	6	4	0	7	12	13	12	14	15	18	19	20	1	1	1	4	1	4	1	2	1	2	1	1	2	2	2	1	1	1	1	2	2
31000	-143.183627355788957	-150.039115306748329	6.855487950959373	0.000080000000000	0.000020000000000	0.250000000000000	0.513190260035462	2	7	9	14	13	15	16	12	18	17	18	18	19	20	21	21	22	25	27	30	34	0	1	1	1	2	5	5	2	4	6	4	0	7	12	13	14	14	15	18	19	20	1	2	3	5	4	1	1	3	2	1	1	1	2	2	1	1	1	2	2	2	2
31500	-136.784533709496770	-143.640021660456142	6.855487950959373	0.000080000000000	0.000020000000000	0.250000000000000	0.579199690460636	2	8	6	14	14	14	16	13	17	16	18	18	19	20	22	21	22	25	26	30	32	0	1	1	2	8	2	6	2	8	6	4	0	7	12	13	14	14	13	15	18	20	1	4	1	3	1	3	1	3	2	1	2	1	2	1	2	1	1	3	2	2	1
32000	-142.257036781225196	-149.112524732184568	6.855487950959373	0.000080000000000	0.000020000000000	0.250000000000000	0.548377424261199	3	6	7	13	14	15	15	14	16	17	17	17	20	20	22	22	23	25	26	31	33	0	1	1	2	2	4	4	2	8	6	4	0	7	12	13	14	14	15	18	19	20	1	2	2	3	3	1	2	2	1	1	2	1	2	2	1	1	1	1	1	2	1
32500	-139.097349185994545	-145.952837136953917	6.855487950959373	0.000080000000000	0.000020000000000	0.250000000000000	0.659645571581900	3	8	9	15	14	14	15	13	17	16	17	18	19	20	21	20	23	25	26	29	32	0	1	1	8	8	3	6	2	8	6	4	0	7	12	13	12	14	13	13	19	20	1	2	2	1	1	2	1	3	2	1	1	1	2	1	1	1	1	2	3	2	1
33000	-140.303574975391257	-147.159062926350629	6.855487950959373	0.000080000000000	0.000020000000000	0.250000000000000	0.524483006547979	3	7	8	13	14	13	15	13	17	16	17	17	20	20	22	22	22	25	27	30	33	0	1	1	2	8	3	6	2	2	6	4	0	7	12	13	14	14	13	15	19	20	1	2	3	3	1	3	1	3	4	2	2	1	2	1	1	1	1	2	2	2	3
33500	-144.543253715979716	-151.398741666939088	6.855487950959373	0.000080000000000	0.000020000000000	0.250000000000000	0.510740760493819	3	6	8	12	13	14	15	14	17	16	16	17	19	20	22	22	23	24	26	30	34	0	1	2	1	2	4	6	4	2	4	4	0	7	12	13	14	14	15	18	19	20	1	2	1	5	4	1	1	1	6	2	2	1	2	2	2	2	1	1	1	1	2
34000	-138.603292271697171	-145.458780222656543	6.855487950959373	0.000080000000000	0.000020000000000	0.250000000000000	0.541010211757191	3	6	8	15	14	14	16	13	18	16	17	16	19	19	22	21	23	26	27	29	33	0	1	1	6	8	3	6	2	2	6	4	0	7	12	13	14	14	13	18	19	20	1	2	2	1	1	3	1	3	5	1	1	1	1	2	1	1	2	3	1	1	2
34500	-143.943755631684667	-150.799243582644038	6.855487950959373	0.000080000000000	0.000020000000000	0.250000000000000	0.641980721663349	0	8	8	14	15	15	15	13	17	16	18	17	20	20	21	22	24	25	27	31	34	0	1	1	2	8	3	3	2	4	6	4	0	7	12	13	14	14	13	18	19	20	1	3	4	3	1	3	3	3	1	1	2	1	2	1	1	1	2	2	1	1	1
35000	-153.869264220490777	-160.724752171450149	6.855487950959373	0.000080000000000	0.000020000000000	0.250000000000000	0.719403766392183	3	8	9	14	12	12	15	15	17	15	16	17	19	21	23	22	23	24	27	30	34	0	1	2	5	2	2	6	2	8	6	5	0	7	12	13	14	14	15	18	19	20	1	2	1	1	2	2	1	2	1	1	2	1	1	2	2	1	1	1	2	2	2
35500	-151.260486938366256	-158.115974889325628	6.855487950959373	0.000080000000000	0.000020000000000	0.250000000000000	0.476100209725245	3	6	6	15	13	12	14	14	15	16	17	18	17	20	21	21	23	24	26	30	33	0	1	1	5	2	1	6	5	5	6	4	0	7	12	13	12	14	15	18	19	20	1	2	2	1	3	4	1	1	2	2	1	1	2	2	1	2	2	2	1	2	2
36000	-137.685365412807442	-144.540853363766814	6.855487950959373	0.000080000000000	0.000020000000000	0.250000000000000	0.508036151776079	2	7	8	15	12	14	16	14	17	17	17	17	20	19	22	22	23	24	26	30	33	0	1	1	1	2	5	4	5	4	6	4	0	7	12	4	12	14	13	18	19	20	1	3	3	7	2	1	1	1	1	1	1	1	3	1	3	3	2	2	1	2	2
36500	-135.741659147176222	-142.597147098135594	6.855487950959373	0.000080000000000	0.000020000000000	0.250000000000000	0.449513578081468	2	8	8	14	13	14	15	14	17	16	16	18	19	21	21	22	23	25	27	30	33	0	1	1	3	2	3	6	5	2	6	4	0	7	12	13	14	14	13	18	19	20	1	2	3	2	3	3	1	1	4	1	1	1	2	2	1	1	1	3	2	2	2
37000	-138.304246481256712	-145.159734432216084	6.855487950959373	0.000080000000000	0.000020000000000	0.250000000000000	0.718136834096431	3	7	8	14	13	14	15	14	17	16	16	17	19	21	22	20	24	25	26	31	33	0	1	1	5	2	3	6	5	5	6	4	0	7	12	13	12	14	13	18	19	20	1	1	2	1	3	4	1	1	2	1	1	1	2	3	1	1	2	3	1	2	1
37500	-146.991480109060831	-153.846968060020203	6.855487950959373	0.000080000000000	0.000020000000000	0.250000000000000	0.510536968319690	3	7	7	15	15	14	16	13	18	16	18	18	18	19	23	22	23	24	25	27	32	0	1	1	8	8	3	6	2	8	6	4	0	7	12	7	12	14	15	15	19	20	1	2	2	1	1	3	1	3	2	1	1	1	1	1	3	3	2	1	1	1	2
38000	-143.689428832770062	-150.544916783729434	6.855487950959373	0.000080000000000	0.000020000000000	0.250000000000000	0.731259112077650	2	7	8	14	15	15	16	13	17	17	16	18	19	20	22	22	22	25	27	31	33	0	1	1	3	4	4	6	2	5	6	4	0	7	12	7	14	14	15	18	19	20	1	2	4	3	1	1	1	2	1	1	1	1	1	1	3	1	1	2	1	1	1
38500	-141.795751409624870	-148.651239360584242	6.855487950959373	0.000080000000000	0.000020000000000	0.250000000000000	0.621275934837259	3	7	9	13	13	15	16	15	17	17	17	17	17	20	22	21	23	25	26	30	32	0	1	1	1	2	5	5	5	5	6	4	0	4	12	13	14	14	15	18	19	20	1	2	2	5	3	1	2	1	2	1	2	1	2	1	2	1	2	2	1	2	1
39000	-161.125248635660256	-167.980736586619628	6.855487950959373	0.000080000000000	0.000020000000000	0.250000000000000	0.688972788498561	3	8	9	14	12	14	16	13	17	16	15	18	20	21	22	21	20	25	27	30	32	0	1	2	3	2	5	6	5	5	6	2	0	7	17	13	12	12	13	18	19	20	1	2	1	2	2	1	1	1	3	1	2	1	2	1	1	1	1	2	1	1	1
39500	-149.096573173084209	-155.952061124043581	6.855487950959373	0.000080000000000	0.000020000000000	0.250000000000000	0.552620962525205	2	7	8	15	14	14	16	15	17	17	17	16	19	20	23	22	21	24	26	30	33	0	1	2	5	2	3	3	5	5	6	4	0	7	12	13	14	14	15	18	19	20	1	3	1	1	4	2	4	1	1	2	1	1	1	3	2	1	1	1	1	2	2
40000	-146.983363570738959	-153.838851521698331	6.855487950959373	0.000080000000000	0.000020000000000	0.250000000000000	0.503705453208543	3	6	8	14	14	14	16	15	18	16	17	17	20	20	23	20	22	24	27	30	33	0	1	1	1	2	3	6	4	2	6	4	0	7	12	13	12	12	13	18	19	20	1	2	3	5	3	3	1	1	6	1	1	1	2	2	2	1	2	3	2	3	1
40500	-134.137701655262759	-140.993189606222131	6.855487950959373	0.000080000000000	0.000020000000000	0.250000000000000	0.497614084054231	2	8	8	13	14	14	16	15	18	16	17	17	19	21	22	21	23	25	27	31	34	0	1	1	1	2	4	4	5	4	6	4	0	7	12	13	12	14	15	18	19	20	1	3	3	5	3	1	1	1	2	2	2	1	2	2	2	2	2	1	1	2	1
41000	-155.161472455527530	-162.016960406486902	6.855487950959373	0.000080000000000	0.000020000000000	0.250000000000000	0.555719210695006	3	6	9	13	15	12	16	13	18	17	16	17	20	21	22	22	22	24	27	30	33	0	1	1	2	8	3	4	2	1	6	4	0	7	12	13	14	14	13	18	19	20	1	2	3	3	1	2	2	3	5	3	1	1	2	2	1	1	1	2	1	1	2
41500	-140.156775835215967	-147.012263786175339	6.855487950959373	0.000080000000000	0.000020000000000	0.250000000000000	0.506178655999109	0	8	8	15	14	14	15	13	17	16	18	18	17	20	22	21	24	25	26	31	33	0	1	1	2	8	3	6	2	8	6	4	0	7	12	13	12	14	15	18	19	20	1	5	5	3	1	3	1	2	2	1	1	1	1	1	2	1	1	2	1	3	1
42000	-142.126747645090916	-148.982235596050288	6.855487950959373	0.000080000000000	0.000020000000000	0.250000000000000	0.493317141588633	3	6	8	15	14	13	15	13	15	16	18	17	19	20	22	22	23	24	26	30	33	0	1	1	1	8	3	6	2	2	6	4	0	7	12	13	14	14	15	18	19	20	1	1	2	6	1	3	1	3	3	2	2	1	3	2	1	1	2	1	1	2	1
42500	-135.950388961592438	-142.805876912551810	6.855487950959373	0.000080000000000	0.000020000000000	0.250000000000000	0.414875576944011	3	7	9	13	14	14	15	15	17	16	17	17	20	20	22	21	23	25	26	31	33	0	1	1	1	2	4	3	4	4	6	4	0	7	12	13	14	14	15	18	19	20	1	1	4	5	3	1	4	1	2	1	2	1	3	1	2	1	1	2	1	2	1
43000	-132.400065671429417	-139.255553622388788	6.855487950959373	0.000080000000000	0.000020000000000	0.250000000000000	0.612394196091742	3	7	8	15	13	14	15	15	17	16	17	17	19	20	23	21	24	25	26	29	33	0	1	1	5	2	3	6	5	5	6	4	0	7	12	13	12	14	15	15	19	20	1	1	3	1	3	3	1	1	2	1	1	1	2	1	2	2	3	1	2	2	2
43500	-135.936063194313164	-142.791551145272535	6.855487950959373	0.000080000000000	0.000020000000000	0.250000000000000	0.727029923730114	3	8	9	15	15	15	16	14	17	17	17	17	19	19	23	22	23	24	26	31	33	0	1	2	1	8	3	4	2	4	6	4	0	7	12	13	12	14	15	18	19	20	1	2	1	6	1	3	1	3	1	1	1	1	1	1	3	2	2	1	1	2	1
44000	-145.325404692926242	-152.180892643885613	6.855487950959373	0.000080000000000	0.000020000000000	0.250000000000000	0.586433345498595	0	7	9	14	15	15	16	13	16	16	18	18	19	20	22	22	22	25	27	31	33	0	1	2	8	8	3	6	2	8	6	4	0	7	12	7	12	14	15	15	19	20	1	4	1	1	1	2	1	3	1	1	2	1	2	1	2	2	1	1	2	2	1
44500	-147.456466808077437	-154.311954759036809	6.855487950959373	0.000080000000000	0.000020000000000	0.250000000000000	0.432943932292511	2	7	8	13	15	14	16	12	17	16	17	17	20	20	22	22	23	25	27	29	33	0	1	1	1	8	1	6	2	2	4	6	0	7	12	13	14	14	13	18	19	20	1	2	3	6	3	4	1	2	5	1	1	1	2	1	1	1	1	2	1	1	2
45000	-143.244525172861245	-150.100013123820617	6.855487950959373	0.000080000000000	0.000020000000000	0.250000000000000	0.617442816473489	2	7	9	13	15	14	12	13	17	16	16	18	18	20	22	21	23	25	27	29	32	0	1	2	2	8	7	3	2	8	6	4	0	7	12	13	12	14	15	18	19	20	1	3	1	3	1	1	2	3	2	1	1	1	3	1	2	2	2	2	1	1	1
45500	-129.991937018280026	-136.847424969239398	6.855487950959373	0.000080000000000	0.000020000000000	0.250000000000000	0.423232233504098	2	7	9	13	15	14	15	13	17	16	18	17	19	20	22	21	23	25	27	31	33	0	1	2	1	8	4	4	2	4	6	4	0	7	12	13	12	14	13	18	19	20	1	2	1	6	1	1	1	3	2	1	3	1	2	1	1	2	2	2	2	3	1
46000	-156.779636073623379	-163.635124024582751	6.855487950959373	0.000080000000000	0.000020000000000	0.250000000000000	0.507501934186155	1	7	9	14	14	14	16	13	15	16	17	17	19	20	22	20	24	25	26	30	34	0	1	2	8	8	8	6	2	2	6	8	0	7	12	13	12	14	15	18	19	19	1	3	1	1	1	1	1	3	4	2	2	1	3	1	1	2	1	2	1	2	3
46500	-140.342916232842725	-147.198404183802097	6.855487950959373	0.000080000000000	0.000020000000000	0.250000000000000	0.513883958004682	3	7	9	12	14	13	15	15	17	15	17	18	19	21	22	22	24	24	26	30	34	0	1	1	1	4	3	4	5	2	6	4	0	7	12	13	12	14	15	18	19	20	1	2	3	4	2	2	1	1	5	1	3	1	2	2	2	2	2	2	1	2	2
47000	-140.264432100041489	-147.119920051000861	6.855487950959373	0.000080000000000	0.000020000000000	0.250000000000000	0.510983241838399	3	7	8	12	14	13	15	14	17	16	17	17	19	20	23	22	23	25	27	30	32	0	1	1	2	4	3	6	4	2	6	4	0	7	12	13	14	14	15	18	18	20	1	2	3	3	1	3	1	1	6	2	3	1	2	2	3	1	2	1	1	3	1
47500	-154.108274968849685	-160.963762919809056	6.855487950959373	0.000080000000000	0.000020000000000	0.250000000000000	0.721973876555006	2	7	8	12	13	14	15	14	18	17	16	17	19	19	22	21	23	24	26	30	32	0	1	1	2	2	4	6	5	5	6	4	0	7	12	13	14	14	13	18	19	20	1	2	2	1	2	1	1	1	4	1	2	1	2	1	1	1	2	3	1	2	1
48000	-132.185832902353468	-139.041320853312840	6.855487950959373	0.000080000000000	0.000020000000000	0.250000000000000	0.609893155634223	2	8	8	13	15	14	15	14	17	16	18	16	19	20	22	21	23	24	26	30	32	0	1	1	3	2	3	6	4	5	6	4	0	7	12	13	14	14	15	18	19	20	1	2	3	2	4	3	1	1	1	1	2	1	2	2	2	1	1	1	1	2	1
48500	-146.250039756225078	-153.105527707184450	6.855487950959373	0.000080000000000	0.000020000000000	0.250000000000000	0.368987252890881	3	8	7	15	14	13	15	14	17	17	17	17	20	20	22	21	23	25	26	30	33	0	1	1	1	2	3	2	2	4	6	4	0	7	12	13	12	14	13	18	19	20	1	3	2	6	3	4	3	2	1	2	2	1	3	2	1	1	2	3	1	2	1
49000	-152.081953036859517	-158.937440987818889	6.855487950959373	0.000080000000000	0.000020000000000	0.250000000000000	0.669785350627370	3	6	7	15	15	11	15	14	17	16	18	17	19	21	21	22	23	25	27	30	34	0	1	1	8	8	3	6	2	8	6	4	0	7	12	13	12	14	13	18	19	20	1	1	3	1	1	4	2	3	1	2	1	1	1	1	1	2	1	2	1	1	2
49500	-161.316153242147863	-168.171641193107234	6.855487950959373	0.000080000000000	0.000020000000000	0.250000000000000	0.505115504622607	3	6	7	12	14	13	15	13	18	16	16	18	20	20	22	21	22	24	27	29	32	0	1	1	1	8	4	3	4	2	6	4	0	7	12	13	12	14	15	18	19	20	1	1	1	3	1	1	2	1	6	1	3	1	2	1	1	2	1	1	2	1	2
50000	-133.883933031733648	-140.739420982693019	6.855487950959373	0.000080000000000	0.000020000000000	0.250000000000000	0.783236003088209	3	6	8	13	14	15	15	14	18	17	16	17	20	20	22	21	22	25	26	30	31	0	1	1	1	4	4	4	2	8	6	4	0	7	12	13	14	14	15	18	19	20	1	1	2	4	1	1	1	3	2	1	2	1	2	1	1	1	1	2	1	2	1
50500	-147.966465843284880	-154.821953794244251	6.855487950959373	0.000080000000000	0.000020000000000	0.250000000000000	0.343180556302064	1	6	9	15	13	14	15	15	17	16	18	17	19	20	23	22	22	25	26	30	33	0	1	2	5	2	3	3	5	5	6	4	0	6	12	13	12	14	15	18	19	20	1	2	2	1	3	3	2	1	2	1	1	1	2	1	2	3	1	1	1	2	2
51000	-150.901340426101882	-157.756828377061254	6.855487950959373	0.000080000000000	0.000020000000000	0.250000000000000	0.626831749496290	3	7	6	14	14	12	15	13	17	16	16	18	18	20	22	22	23	23	26	29	34	0	1	1	6	8	3	6	2	8	6	4	0	7	12	13	14	14	13	18	19	20	1	2	2	1	1	3	1	2	2	3	2	1	2	1	2	1	2	2	1	1	3
51500	-144.552856457202211	-151.408344408161582	6.855487950959373	0.000080000000000	0.000020000000000	0.250000000000000	0.629142273198266	3	7	8	14	15	13	16	13	17	16	16	17	19	19	23	21	24	25	26	30	33	0	1	2	1	8	1	6	2	8	6	4	0	6	12	13	14	14	15	18	19	20	1	3	1	3	1	5	1	3	2	2	1	1	4	1	2	1	1	1	1	2	1
52000	-136.939451743294029	-143.794939694253401	6.855487950959373	0.000080000000000	0.000020000000000	0.250000000000000	0.656785335275821	3	5	7	13	15	14	16	14	17	17	16	17	19	20	22	20	23	25	27	29	33	0	1	1	1	4	3	6	2	4	6	4	0	7	12	13	12	14	15	18	19	20	1	1	2	5	1	4	1	3	2	2	2	1	1	2	1	2	1	2	1	1	2
52500	-154.542005730613283	-161.397493681572655	6.855487950959373	0.000080000000000	0.000020000000000	0.250000000000000	0.608927780573209	3	7	9	14	13	14	16	14	16	17	15	16	19	20	21	22	23	25	25	31	34	0	1	2	1	2	3	6	2	8	6	8	0	7	12	13	14	14	15	15	19	20	1	3	1	4	2	3	1	3	2	1	1	1	1	2	1	1	2	2	2	2	2
53000	-137.245247359925088	-144.100735310884460	6.855487950959373	0.000080000000000	0.000020000000000	0.250000000000000	0.644072375009012	3	8	9	12	15	14	14	14	18	17	16	18	19	20	22	21	23	25	27	30	33	0	1	2	1	4	4	4	2	4	6	4	0	7	12	13	14	14	15	18	19	20	1	2	1	4	1	1	1	2	3	2	2	1	3	1	2	1	1	1	1	2	2
53500	-160.596781019519398	-167.452268970478769	6.855487950959373	0.000080000000000	0.000020000000000	0.250000000000000	0.642880154129084	2	8	8	14	15	12	15	12	17	14	17	18	19	21	22	19	24	24	26	31	33	0	1	1	8	8	3	10	2	2	6	8	0	7	16	13	12	14	15	18	19	20	1	2	2	1	2	2	1	2	4	2	3	1	2	1	2	1	2	1	1	3	1
54000	-161.112280573827377	-167.967768524786749	6.855487950959373	0.000080000000000	0.000020000000000	0.250000000000000	0.764580398153604	3	7	9	15	14	14	16	13	16	16	17	18	18	20	22	21	23	26	27	30	32	0	1	2	8	8	2	6	2	2	6	6	0	6	12	13	12	14	15	18	19	20	1	1	1	1	1	4	1	3	5	1	1	1	3	1	2	1	2	2	1	1	1
54500	-142.386672318257382	-149.242160269216754	6.855487950959373	0.000080000000000	0.000020000000000	0.250000000000000	0.747389997848048	3	8	6	15	14	13	14	13	15	16	17	18	19	20	22	21	22	25	26	30	32	0	1	1	6	8	2	6	2	2	6	4	0	7	12	13	12	14	15	18	19	20	1	2	1	1	1	3	1	2	3	1	1	1	3	1	2	1	1	1	1	2	1
55000	-145.234799486971809	-152.090287437931181	6.855487950959373	0.000080000000000	0.000020000000000	0.250000000000000	0.357280568824719	2	7	8	12	15	14	15	14	17	17	17	17	20	20	22	22	23	26	27	30	32	0	1	1	1	8	4	6	2	8	6	4	0	7	12	13	14	14	13	18	18	18	1	3	3	4	1	1	1	3	1	2	3	1	3	2	2	1	2	3	1	2	3
55500	-153.207447376043717	-160.062935327003089	6.855487950959373	0.000080000000000	0.000020000000000	0.250000000000000	0.723177584291696	3	6	7	14	14	14	16	12	18	16	16	18	19	19	21	22	23	25	27	29	31	0	1	1	8	8	3	6	2	5	6	4	0	7	12	13	14	14	13	18	18	20	1	1	2	1	1	2	1	2	2	1	2	1	2	1	1	1	2	3	1	1	1
56000	-156.751661366700432	-163.607149317659804	6.855487950959373	0.000080000000000	0.000020000000000	0.250000000000000	0.522964381535505	3	7	9	14	13	14	15	11	15	16	16	18	19	19	21	21	23	25	27	30	33	0	1	1	1	8	3	3	2	8	6	4	0	7	12	13	14	14	15	18	18	20	1	2	2	3	1	1	2	2	2	1	1	1	2	1	2	1	2	2	1	3	3
56500	-136.403436505234453	-143.258924456193824	6.855487950959373	0.000080000000000	0.000020000000000	0.250000000000000	0.777341478001556	3	7	8	13	14	15	16	15	17	16	17	17	19	20	22	21	21	25	26	31	34	0	1	1	3	4	4	6	5	4	6	4	0	7	12	13	14	14	15	18	19	20	1	2	2	3	1	1	1	1	2	1	2	1	1	2	1	1	1	1	1	2	1
57000	-162.317888859600060	-169.173376810559432	6.855487950959373	0.000080000000000	0.000020000000000	0.250000000000000	0.498811112298453	2	7	9	14	12	14	16	15	17	17	18	17	19	18	22	20	22	24	26	30	33	0	1	2	5	2	5	2	5	2	6	5	0	7	12	13	12	14	15	18	19	20	1	2	1	1	2	1	4	1	4	1	2	1	1	1	2	2	1	1	1	2	2
57500	-142.142286700968384	-148.997774651927756	6.855487950959373	0.000080000000000	0.000020000000000	0.250000000000000	0.683600285609439	1	7	9	14	13	14	15	15	18	17	16	17	19	19	21	21	21	25	26	31	34	0	1	2	5	2	5	6	5	5	6	5	0	7	12	13	14	14	15	18	19	20	1	3	1	1	3	1	1	1	2	1	1	1	2	1	1	2	1	2	1	2	2
58000	-147.177836031345237	-154.033323982304609	6.855487950959373	0.000080000000000	0.000020000000000	0.250000000000000	0.663139755262901	3	7	7	14	12	13	15	13	17	17	16	16	18	18	22	20	24	25	26	30	32	0	1	1	5	2	5	6	5	5	6	4	0	7	12	13	14	14	15	18	19	20	1	2	1	1	3	1	1	1	3	2	1	1	2	2	2	1	2	2	1	2	1
58500	-136.965946097112266	-143.821434048071637	6.855487950959373	0.000080000000000	0.000020000000000	0.250000000000000	0.733177411729202	3	7	9	12	14	13	14	15	17	16	17	18	20	20	22	22	23	25	27	30	32	0	1	2	1	2	4	4	5	5	6	4	0	7	12	13	12	14	15	18	19	20	1	2	1	4	3	1	1	1	2	1	2	1	4	1	1	2	2	2	1	1	1
59000	-143.084033514550185	-149.939521465509557	6.855487950959373	0.000080000000000	0.000020000000000	0.250000000000000	0.659857615073579	3	6	8	14	15	14	16	13	17	15	18	18	18	21	22	21	23	25	27	30	33	0	1	2	1	8	8	4	2	4	6	4	0	7	12	13	12	14	15	18	18	20	1	1	1	5	1	1	1	4	1	1	2	1	1	2	1	2	2	2	1	3	1
59500	-144.324535106376089	-151.180023057335461	6.855487950959373	0.000080000000000	0.000020000000000	0.250000000000000	0.787814955915397	2	8	9	15	14	14	15	12	15	16	17	15	19	20	22	21	23	25	26	30	32	0	1	2	6	8	2	6	2	2	6	4	0	7	12	13	14	14	15	15	19	20	1	3	1	1	1	3	1	1	4	1	1	1	2	1	2	1	1	1	1	1	1
60000	-136.792404092033820	-143.647892042993192	6.855487950959373	0.000080000000000	0.000020000000000	0.250000000000000	0.702958281254175	2	7	8	13	15	15	16	15	18	17	16	17	20	19	22	21	23	23	27	30	33	0	1	1	1	4	3	6	2	8	6	4	0	7	12	13	14	14	13	18	19	20	1	2	3	4	1	3	1	4	2	1	2	1	2	1	1	1	2	1	2	2	2
60500	-131.695400292771325	-138.550888243730697	6.855487950959373	0.000080000000000	0.000020000000000	0.250000000000000	0.693924072151824	3	6	8	14	14	15	16	15	16	16	16	17	19	20	22	21	22	25	26	30	32	0	1	1	1	2	4	4	5	4	6	4	0	7	12	7	12	14	15	18	19	20	1	2	3	6	4	1	1	1	1	1	1	1	2	1	3	2	1	2	1	1	1
61000	-135.577318320548073	-142.432806271507445	6.855487950959373	0.000080000000000	0.000020000000000	0.250000000000000	0.482880390121899	2	7	7	14	15	14	15	13	17	16	17	18	19	20	22	22	23	25	26	30	34	0	1	1	2	8	3	4	2	4	6	4	0	7	12	13	14	14	13	18	18	20	1	3	3	5	1	4	1	2	1	1	2	1	2	1	2	1	1	2	1	3	1
61500	-136.686821497903679	-143.542309448863051	6.855487950959373	0.000080000000000	0.000020000000000	0.250000000000000	0.487117284873290	2	8	7	13	12	14	16	14	16	15	17	17	18	19	22	21	22	26	27	29	33	0	1	1	1	2	4	4	5	2	6	4	0	7	12	13	14	14	15	18	19	20	1	3	3	6	2	1	2	1	3	1	1	1	1	1	3	1	2	2	1	1	2
62000	-151.974547389560087	-158.830035340519458	6.855487950959373	0.000080000000000	0.000020000000000	0.250000000000000	0.448858923150337	3	6	8	15	14	13	15	14	18	15	18	17	20	20	22	21	24	25	27	29	34	0	1	2	1	2	3	5	2	4	6	4	0	7	12	13	12	14	15	18	19	20	1	2	1	5	5	2	1	4	2	2	2	1	2	1	2	2	3	2	1	1	4
62500	-151.521415139795607	-158.376903090754979	6.855487950959373	0.000080000000000	0.000020000000000	0.250000000000000	0.422191539262628	1	7	8	12	15	14	16	14	16	16	16	17	18	20	22	21	24	25	27	29	33	0	1	1	2	8	3	6	2	2	6	4	0	7	12	7	12	14	15	18	19	20	1	3	4	2	1	3	1	3	5	2	3	1	1	2	4	1	4	1	1	1	3
63000	-137.326761044874559	-144.182248995833930	6.855487950959373	0.000080000000000	0.000020000000000	0.250000000000000	0.615268925776793	1	7	8	15	15	14	15	13	17	17	17	18	19	20	21	21	22	24	26	31	33	0	1	1	2	8	3	6	2	4	6	4	0	7	12	13	14	14	13	18	19	20	1	3	4	3	1	4	1	2	1	1	1	1	3	1	1	1	1	2	1	4	1
63500	-139.142517659341735	-145.998005610301107	6.855487950959373	0.000080000000000	0.000020000000000	0.250000000000000	0.426744729434334	2	7	8	14	12	13	15	15	18	16	18	18	20	20	22	22	23	25	26	30	33	0	1	1	1	2	3	6	5	2	6	4	0	7	12	13	14	14	15	13	19	20	1	2	4	5	3	2	1	1	5	2	2	1	2	1	1	1	2	2	3	2	2
64000	-135.342831805297436	-142.198319756256808	6.855487950959373	0.000080000000000	0.000020000000000	0.250000000000000	0.505632948859359	3	7	8	15	13	13	15	15	16	16	17	17	19	19	21	21	23	24	26	31	33	0	1	1	1	2	3	6	5	5	6	4	0	7	12	13	12	14	15	15	19	20	1	2	3	4	3	3	1	1	2	1	1	1	2	1	1	2	2	2	2	3	1
64500	-134.620289084366561	-141.475777035325933	6.855487950959373	0.000080000000000	0.000020000000000	0.250000000000000	0.563013487893490	3	7	8	13	13	14	16	14	18	15	16	17	19	21	22	21	24	25	26	31	33	0	1	1	1	2	4	4	5	4	6	4	0	7	12	13	12	14	15	18	19	20	1	2	3	5	2	1	2	1	2	1	1	1	1	3	1	2	2	2	1	3	1
65000	-136.044972575677122	-142.900460526636493	6.855487950959373	0.000080000000000	0.000020000000000	0.250000000000000	0.651607115365314	3	6	9	14	13	13	15	15	17	16	18	17	19	19	22	20	21	24	27	30	32	0	1	1	1	2	3	4	4	4	4	4	0	7	12	13	12	14	15	18	19	20	1	1	3	6	3	2	1	1	2	1	2	1	1	1	1	1	1	1	1	1	1
65500	-140.712419538502161	-147.567907489461533	6.855487950959373	0.000080000000000	0.000020000000000	0.250000000000000	0.680333491167598	3	7	9	15	13	14	15	14	17	16	17	17	19	19	23	20	22	25	26	29	33	0	1	1	5	2	3	6	5	5	6	4	0	7	12	13	12	14	15	18	18	20	1	2	2	1	3	2	1	1	2	1	1	1	2	1	3	2	2	2	1	1	2
66000	-144.066710649657523	-150.922198600616895	6.855487950959373	0.000080000000000	0.000020000000000	0.250000000000000	0.760652736379833	3	8	5	14	14	15	16	15	17	17	16	16	18	20	22	22	23	25	27	29	31	0	1	1	2	2	4	4	5	5	6	4	0	7	12	13	14	14	13	18	19	20	1	2	1	3	2	1	1	1	1	1	1	1	1	2	2	2	2	3	1	2	1
66500	-155.779446936933340	-162.634934887892712	6.855487950959373	0.000080000000000	0.000020000000000	0.250000000000000	0.560797375823383	3	7	8	12	13	13	15	15	17	15	14	18	19	21	22	21	23	26	26	30	34	0	1	1	3	2	3	5	5	2	6	4	0	7	12	13	12	14	13	13	19	20	1	2	3	2	3	4	1	1	5	1	1	1	2	2	2	2	1	3	2	2	2
67000	-135.003840418006320	-141.859328368965691	6.855487950959373	0.000080000000000	0.000020000000000	0.250000000000000	0.598663183120600	1	7	9	13	14	14	15	15	16	17	17	18	19	21	23	20	24	25	27	31	34	0	1	2	1	2	4	4	5	2	6	4	0	7	12	13	12	14	15	18	19	20	1	3	1	4	3	1	1	1	5	1	2	1	2	1	2	1	2	1	1	2	1
67500	-145.151449002039612	-152.006936952998984	6.855487950959373	0.000080000000000	0.000020000000000	0.250000000000000	0.497367727936466	3	8	9	13	12	13	15	15	16	15	18	17	19	20	21	21	24	24	26	30	33	0	1	1	2	2	3	6	2	2	6	4	0	7	12	13	14	14	15	18	19	20	1	2	4	3	2	2	1	3	4	1	3	1	2	3	1	1	2	2	2	2	2
68000	-144.114040799131885	-150.969528750091257	6.855487950959373	0.000080000000000	0.000020000000000	0.250000000000000	0.524707216153182	3	6	8	14	13	14	15	14	18	17	17	17	20	20	23	22	24	26	27	30	34	0	1	1	5	2	5	5	5	5	6	4	0	7	12	13	12	14	15	18	19	20	1	1	3	1	4	1	1	1	2	2	1	1	2	2	1	2	2	1	1	3	2
68500	-144.691764194487661	-151.547252145447032	6.855487950959373	0.000080000000000	0.000020000000000	0.250000000000000	0.592477927474267	2	7	9	12	13	13	15	14	15	16	17	18	20	20	22	21	24	25	27	30	32	0	1	2	1	4	4	4	5	2	6	4	0	7	12	13	12	14	15	18	19	20	1	2	1	3	1	1	2	1	3	2	2	1	2	2	1	2	2	1	1	1	1
69000	-141.851450083997662	-148.706938034957034	6.855487950959373	0.000080000000000	0.000020000000000	0.250000000000000	0.466398028184020	3	7	6	14	15	14	16	14	15	16	17	18	18	20	22	21	23	24	27	30	34	0	1	1	1	2	2	6	2	2	6	4	0	7	12	13	12	14	15	18	19	20	1	3	1	4	3	3	1	4	5	1	1	1	1	1	2	2	2	1	1	2	2
69500	-173.915477970911979	-180.770965921871351	6.855487950959373	0.000080000000000	0.000020000000000	0.250000000000000	0.472485733355951	2	6	8	12	14	13	16	14	18	16	17	17	18	21	22	22	22	24	26	30	33	0	1	2	2	4	4	8	2	8	6	4	0	7	12	6	14	12	15	18	19	19	1	3	1	2	1	1	2	3	2	1	2	1	1	3	5	1	3	1	2	3	3
70000	-137.671660831259175	-144.527148782218546	6.855487950959373	0.000080000000000	0.000020000000000	0.250000000000000	0.557013311055249	3	7	7	13	14	14	16	14	18	17	17	17	18	20	21	21	24	25	26	30	33	0	1	1	1	4	4	4	2	8	6	4	0	7	12	7	12	14	15	18	19	20	1	2	2	5	1	1	1	4	3	2	2	1	1	1	3	1	2	2	1	3	2
70500	-137.969328183323370	-144.824816134282742	6.855487950959373	0.000080000000000	0.000020000000000	0.250000000000000	0.596101261177147	3	7	9	15	13	14	16	15	17	16	17	18	20	20	22	21	23	23	27	28	34	0	1	1	5	2	3	6	2	5	6	8	0	7	12	13	12	14	13	18	19	20	1	2	3	1	3	2	1	4	2	1	1	1	2	1	1	1	2	2	2	1	2
71000	-147.183798921611526	-154.039286872570898	6.855487950959373	0.000080000000000	0.000020000000000	0.250000000000000	0.402571983789352	0	7	8	11	15	14	16	14	15	16	17	18	19	20	21	22	23	25	26	30	34	0	1	1	3	8	3	6	2	2	6	4	0	7	12	13	14	14	15	18	19	20	1	4	3	2	1	2	1	3	3	1	2	1	1	1	1	1	1	2	1	1	1
71500	-152.792791382518715	-159.648279333478087	6.855487950959373	0.000080000000000	0.000020000000000	0.250000000000000	0.579789923800840	2	8	8	14	12	13	14	15	16	16	18	18	20	21	23	21	23	25	26	29	34	0	1	1	6	2	3	6	5	2	6	4	0	7	12	13	12	16	13	18	19	20	1	2	3	1	2	2	1	1	3	1	2	1	2	1	1	1	1	2	1	1	2
72000	-149.855540455995310	-156.711028406954682	6.855487950959373	0.000080000000000	0.000020000000000	0.250000000000000	0.561929872971288	3	7	9	14	13	13	16	15	16	16	16	18	19	20	22	21	23	25	25	30	34	0	1	1	2	2	3	6	2	2	6	4	0	7	12	13	12	14	15	13	18	20	1	3	3	3	3	2	2	4	4	1	1	1	1	1	1	1	2	1	2	2	2
72500	-140.145926312521283	-147.001414263480655	6.855487950959373	0.000080000000000	0.000020000000000	0.250000000000000	0.490518239872302	2	7	9	12	14	14	14	15	17	16	18	16	18	20	22	22	23	24	25	29	33	0	1	1	3	2	3	3	5	5	6	4	0	7	12	13	14	14	15	18	19	20	1	3	4	2	4	2	2	1	2	1	2	1	2	2	2	1	2	2	1	2	2
73000	-143.671602020992538	-150.527089971951909	6.855487950959373	0.000080000000000	0.000020000000000	0.250000000000000	0.531149756594751	2	7	8	15	13	12	14	14	16	13	18	17	18	20	22	21	23	25	26	30	33	0	1	1	5	2	3	6	5	2	6	4	0	7	12	13	12	14	15	18	19	20	1	2	2	1	3	2	1	1	4	1	1	1	2	2	2	2	2	1	1	2	1
73500	-145.625028041620851	-152.480515992580223	6.855487950959373	0.000080000000000	0.000020000000000	0.250000000000000	0.660397386594511	3	8	8	14	11	14	16	13	17	16	18	16	18	20	21	21	24	24	27	31	34	0	1	1	2	2	3	6	5	5	6	4	0	7	12	13	14	14	15	18	19	20	1	2	2	2	2	3	1	1	2	1	1	1	1	2	1	1	2	3	2	2	1
74000	-154.846409901701776	-161.701897852661148	6.855487950959373	0.000080000000000	0.000020000000000	0.250000000000000	0.645445874227749	3	7	8	15	14	15	16	11	17	17	17	18	19	20	20	20	22	24	26	30	33	0	1	2	5	8	5	6	2	2	6	4	0	7	12	13	12	14	15	18	18	20	1	3	1	1	1	1	1	2	5	1	1	1	2	1	1	1	1	2	1	3	1
74500	-130.242070396000031	-137.097558346959403	6.855487950959373	0.000080000000000	0.000020000000000	0.250000000000000	0.506003532874725	2	8	9	14	15	13	16	13	17	16	16	17	20	19	22	21	21	25	26	30	34	0	1	1	1	8	3	4	2	4	6	4	0	7	12	13	14	14	15	18	19	20	1	3	3	6	2	2	1	3	1	2	1	1	2	1	1	1	1	2	1	2	2
75000	-151.897496747714541	-158.752984698673913	6.855487950959373	0.000080000000000	0.000020000000000	0.250000000000000	0.595785355790415	2	8	8	13	15	14	15	14	17	17	17	18	19	20	22	21	23	26	27	30	31	0	1	1	3	2	4	3	2	8	6	4	0	7	12	13	14	14	15	15	19	20	1	2	2	3	2	1	2	3	1	1	2	1	2	1	2	1	1	1	2	2	1
75500	-151.346486441748453	-158.201974392707825	6.855487950959373	0.000080000000000	0.000020000000000	0.250000000000000	0.647469938963727	2	8	9	13	12	14	16	14	18	16	18	17	18	20	22	21	23	25	27	31	32	0	1	1	2	2	3	4	2	2	6	4	0	7	12	13	12	14	15	18	19	20	1	3	3	2	2	2	1	2	3	1	3	1	1	1	1	1	2	1	2	2	1
76000	-137.598685011377853	-144.454172962337225	6.855487950959373	0.000080000000000	0.000020000000000	0.250000000000000	0.609570443235977	1	8	9	14	14	14	15	15	16	16	16	17	19	20	23	22	23	24	26	31	33	0	1	2	2	2	2	2	4	2	6	4	0	7	12	13	14	14	15	18	19	20	1	4	1	3	3	4	3	1	3	1	1	1	2	2	2	1	2	1	1	2	1
76500	-146.521027044971419	-153.376514995930791	6.855487950959373	0.000080000000000	0.000020000000000	0.250000000000000	0.602235043526561	3	7	7	14	14	15	13	13	17	16	17	17	19	21	22	22	24	25	26	30	33	0	1	1	8	8	7	1	2	8	6	4	0	7	12	13	14	14	15	18	19	20	1	1	1	1	1	1	5	3	2	1	1	1	3	2	2	1	1	1	1	2	2
77000	-147.003282555108342	-153.858770506067714	6.855487950959373	0.000080000000000	0.000020000000000	0.250000000000000	0.537598313667718	2	7	7	15	15	14	15	11	17	17	18	17	19	19	21	21	23	25	26	30	34	0	1	1	1	8	2	6	2	5	6	4	0	7	12	13	14	14	15	13	19	20	1	3	2	4	2	3	1	2	1	1	1	1	2	1	1	1	1	2	3	1	3
77500	-148.174153908738504	-155.029641859697875	6.855487950959373	0.000080000000000	0.000020000000000	0.250000000000000	0.794652082190615	3	7	9	15	12	14	16	14	17	17	17	17	20	19	22	21	23	24	26	30	34	0	1	2	6	2	5	6	5	5	6	4	0	7	12	13	14	14	15	18	19	20	1	2	2	1	2	1	1	1	2	2	1	1	2	1	1	1	2	1	1	2	2
78000	-150.910538125630893	-157.766026076590265	6.855487950959373	0.000080000000000	0.000020000000000	0.250000000000000	0.625456902659165	2	7	9	15	12	14	16	14	18	16	18	17	20	19	22	20	22	26	26	30	33	0	1	1	6	2	3	6	5	2	6	4	0	7	12	7	12	14	15	15	19	20	1	2	3	1	1	2	1	1	4	2	1	1	2	1	2	1	1	2	2	2	1
78500	-139.207742149123874	-146.063230100083246	6.855487950959373	0.000080000000000	0.000020000000000	0.250000000000000	0.603841318963065	3	8	9	15	13	14	15	14	15	16	17	17	20	20	22	21	22	25	27	30	33	0	1	1	2	2	3	3	5	2	6	4	0	7	12	13	14	14	15	18	19	20	1	3	2	3	2	2	3	1	2	1	1	1	3	2	1	1	1	1	1	2	2
79000	-132.186429146500842	-139.041917097460214	6.855487950959373	0.000080000000000	0.000020000000000	0.250000000000000	0.516433808391450	1	8	9	14	15	15	15	14	18	17	18	17	20	20	23	21	23	24	26	30	33	0	1	2	1	4	4	4	2	4	6	4	0	7	12	13	14	14	13	18	19	20	1	4	1	7	1	1	1	3	3	2	1	1	2	2	1	1	1	2	1	2	2
79500	-147.906707411186915	-154.762195362146286	6.855487950959373	0.000080000000000	0.000020000000000	0.250000000000000	0.652691722745344	3	7	9	14	13	14	15	15	15	16	17	18	20	20	22	22	23	25	27	30	34	0	1	2	5	2	5	3	5	5	6	4	0	7	12	13	14	14	13	18	19	20	1	2	2	1	2	1	3	1	1	1	1	1	2	2	1	1	1	3	1	2	2
80000	-156.873158484928126	-163.728646435887498	6.855487950959373	0.000080000000000	0.000020000000000	0.250000000000000	0.423683172664720	2	6	8	14	14	15	15	15	17	17	18	18	17	20	22	20	23	25	27	30	34	0	1	1	3	2	3	1	5	5	6	4	0	6	12	13	12	14	7	18	19	20	1	3	3	2	3	3	6	1	1	1	2	1	1	1	3	2	2	4	1	2	2
80500	-144.573166844532381	-151.428654795491752	6.855487950959373	0.000080000000000	0.000020000000000	0.250000000000000	0.525218898182160	2	7	9	15	14	13	16	13	18	16	17	17	18	21	22	21	24	25	27	30	32	0	1	2	8	8	2	6	2	2	6	4	0	7	12	13	12	14	15	15	19	19	1	3	1	2	1	4	1	3	4	2	1	1	1	2	3	2	1	1	3	1	2
81000	-134.148650694948344	-141.004138645907716	6.855487950959373	0.000080000000000	0.000020000000000	0.250000000000000	0.732741264796088	3	7	7	15	15	13	15	13	17	16	16	17	18	19	23	21	23	25	27	31	33	0	1	1	2	8	3	6	2	4	6	4	0	7	12	13	14	14	15	18	19	20	1	2	3	3	1	2	1	2	1	1	1	1	1	1	3	1	2	1	1	2	1
81500	-143.348622979900966	-150.204110930860338	6.855487950959373	0.000080000000000	0.000020000000000	0.250000000000000	0.518329199444874	2	7	9	13	13	14	15	15	17	16	17	18	19	20	21	21	24	25	26	31	33	0	1	1	1	2	1	4	5	4	6	4	0	6	12	13	14	14	15	18	19	20	1	1	2	6	3	5	1	2	2	1	2	1	2	2	1	1	2	2	1	1	1
82000	-147.527725409738906	-154.383213360698278	6.855487950959373	0.000080000000000	0.000020000000000	0.250000000000000	0.622615902688253	3	6	7	14	13	15	15	15	17	16	17	16	20	20	22	21	23	26	27	30	32	0	1	2	5	2	4	5	5	5	6	4	0	7	12	13	14	14	15	18	19	20	1	1	1	1	3	1	1	1	2	1	1	1	2	2	1	1	2	1	1	2	1
82500	-149.019443800776600	-155.874931751735971	6.855487950959373	0.000080000000000	0.000020000000000	0.250000000000000	0.483674897834523	3	6	8	14	11	12	15	14	17	15	18	17	19	19	22	20	22	25	26	30	33	0	1	1	1	2	5	5	5	4	6	4	0	4	12	13	12	14	13	18	19	20	1	2	2	6	3	1	2	1	1	2	2	1	3	1	2	2	2	3	1	2	1
83000	-139.164123511341614	-146.019611462300986	6.855487950959373	0.000080000000000	0.000020000000000	0.250000000000000	0.475574271633180	1	8	7	13	14	15	16	15	16	16	18	17	19	21	22	22	23	25	27	29	34	0	1	1	2	2	3	6	5	2	6	4	0	7	12	13	14	14	15	18	19	20	1	3	4	3	2	4	1	1	4	1	2	1	2	2	1	1	1	1	1	1	4
83500	-138.148345699016659	-145.003833649976031	6.855487950959373	0.000080000000000	0.000020000000000	0.250000000000000	0.478210289120911	3	7	9	14	14	14	15	12	16	16	18	16	20	21	22	22	22	24	26	30	33	0	1	1	1	2	3	4	2	4	6	4	0	6	12	13	14	14	13	18	19	20	1	2	3	6	2	3	1	2	2	1	2	1	3	2	1	1	1	2	1	2	2
84000	-162.065450143170779	-168.920938094130150	6.855487950959373	0.000080000000000	0.000020000000000	0.250000000000000	0.681440316607447	1	7	7	13	14	13	15	13	17	15	18	17	20	20	22	21	24	24	25	31	32	0	1	1	2	6	3	6	2	5	6	4	0	7	12	13	12	14	15	18	18	20	1	2	3	3	1	3	1	2	2	1	2	1	3	2	1	2	1	1	1	5	1
84500	-137.487910559429622	-144.343398510388994	6.855487950959373	0.000080000000000	0.000020000000000	0.250000000000000	0.597183116772738	2	7	6	14	13	15	15	15	18	17	17	18	19	20	23	22	22	25	25	29	33	0	1	1	1	2	4	4	5	4	6	4	0	7	12	13	14	14	15	13	19	20	1	3	2	6	3	1	1	1	2	1	2	1	1	1	2	1	2	1	3	2	2
85000	-139.955830711366701	-146.811318662326073	6.855487950959373	0.000080000000000	0.000020000000000	0.250000000000000	0.579980266416577	2	7	9	14	12	14	16	14	16	16	18	16	18	19	21	20	24	24	26	30	32	0	1	1	2	2	3	4	5	4	6	4	0	7	12	13	12	14	15	18	19	20	1	2	3	3	2	2	1	1	1	1	2	1	1	1	1	1	3	1	1	2	1
85500	-138.904238251109405	-145.759726202068777	6.855487950959373	0.000080000000000	0.000020000000000	0.250000000000000	0.626490181519548	3	7	8	14	13	14	16	14	16	16	17	17	19	20	23	22	22	26	27	31	34	0	1	1	1	2	3	6	5	2	6	4	0	7	12	13	14	12	15	18	19	20	1	2	2	5	3	4	1	1	4	1	1	1	1	2	2	1	1	1	1	2	1
86000	-143.771762960520391	-150.627250911479763	6.855487950959373	0.000080000000000	0.000020000000000	0.250000000000000	0.586710629321401	3	7	9	14	14	15	16	14	18	16	18	17	20	21	22	22	23	25	27	30	32	0	1	1	2	1	4	5	2	4	6	4	0	7	12	13	14	14	15	18	19	20	1	1	3	4	4	1	2	3	2	1	2	1	2	2	1	1	1	1	1	2	1
86500	-144.275084336935379	-151.130572287894751	6.855487950959373	0.000080000000000	0.000020000000000	0.250000000000000	0.610183714941068	2	7	9	14	13	14	15	13	17	17	17	17	19	19	22	21	22	25	27	30	34	0	1	1	8	2	3	6	2	5	6	4	0	7	12	13	14	14	15	18	19	20	1	2	3	1	2	4	1	2	1	2	2	1	2	1	1	1	1	2	1	2	2
87000	-147.452692575983747	-154.308180526943119	6.855487950959373	0.000080000000000	0.000020000000000	0.250000000000000	0.540389606346438	1	7	9	15	14	14	16	13	17	16	17	18	20	19	23	21	22	25	27	30	32	0	1	1	5	3	3	6	2	2	6	4	0	7	12	13	12	14	13	18	19	20	1	4	3	1	3	3	1	4	5	1	1	1	3	1	2	2	1	2	1	1	1
87500	-136.504372205656352	-143.359860156615724	6.855487950959373	0.000080000000000	0.000020000000000	0.250000000000000	0.524267966866273	3	8	7	13	15	14	15	13	17	15	17	17	20	20	22	21	23	25	26	30	33	0	1	1	1	8	4	4	2	8	6	4	0	7	12	13	14	14	13	13	19	20	1	2	2	4	1	1	2	2	2	1	2	1	2	2	1	1	2	2	3	2	1
88000	-136.526803389407746	-143.382291340367118	6.855487950959373	0.000080000000000	0.000020000000000	0.250000000000000	0.471709013366096	1	7	8	13	14	14	15	14	17	15	18	18	19	20	23	21	24	25	26	31	33	0	1	1	1	2	4	4	4	4	4	4	0	7	12	13	12	14	13	18	19	20	1	2	3	6	3	1	1	1	2	1	3	1	3	1	3	1	2	2	1	2	1
88500	-137.739066697232630	-144.594554648192002	6.855487950959373	0.000080000000000	0.000020000000000	0.250000000000000	0.682194973970728	3	8	6	13	14	15	14	15	18	16	17	16	20	20	22	22	23	24	25	30	34	0	1	1	1	4	4	4	5	4	6	4	0	7	12	13	14	14	13	13	19	20	1	2	1	5	1	1	1	1	3	1	2	1	2	1	1	1	2	2	2	2	2
89000	-163.283203286761676	-170.138691237721048	6.855487950959373	0.000080000000000	0.000020000000000	0.250000000000000	0.423482211150425	1	7	7	14	13	13	15	12	18	17	18	17	20	20	22	21	22	25	26	30	32	0	1	1	8	2	2	2	2	5	6	4	0	7	12	7	14	14	13	18	15	20	1	3	2	1	3	3	3	3	3	2	1	1	2	1	5	1	1	3	1	3	1
89500	-131.802180157485793	-138.657668108445165	6.855487950959373	0.000080000000000	0.000020000000000	0.250000000000000	0.725880401555882	2	7	9	13	13	14	16	15	16	16	16	17	18	20	22	21	23	25	27	30	34	0	1	2	1	2	4	4	5	5	6	4	0	7	12	7	14	14	15	18	19	20	1	2	1	5	3	1	1	1	2	1	1	1	1	2	2	1	2	1	1	2	2
90000	-143.678560125942084	-150.534048076901456	6.855487950959373	0.000080000000000	0.000020000000000	0.250000000000000	0.484631808273167	3	8	7	15	13	15	16	15	17	17	17	17	20	20	22	22	24	25	27	30	33	0	1	1	2	2	3	6	5	5	6	4	0	4	12	13	14	14	15	18	19	20	1	2	1	4	2	5	1	1	2	1	1	1	2	2	1	1	1	2	1	2	1
90500	-148.420190023247500	-155.275677974206872	6.855487950959373	0.000080000000000	0.000020000000000	0.250000000000000	0.465329527096515	2	8	7	13	13	14	16	14	17	16	17	17	20	20	21	21	23	24	25	31	33	0	1	1	2	2	5	6	5	5	6	4	0	7	12	13	14	14	15	18	18	20	1	3	2	2	2	1	1	1	3	2	2	1	2	2	1	1	2	2	1	3	1
91000	-146.195344032437760	-153.050831983397131	6.855487950959373	0.000080000000000	0.000020000000000	0.250000000000000	0.733079603905818	3	5	9	14	15	15	15	14	18	17	18	16	19	20	22	20	23	25	27	31	33	0	1	1	1	8	4	3	3	4	6	4	0	7	12	13	12	14	15	18	19	20	1	1	2	5	1	1	3	2	2	1	2	1	2	2	2	2	1	2	1	2	1
91500	-139.675071628415054	-146.530559579374426	6.855487950959373	0.000080000000000	0.000020000000000	0.250000000000000	0.562437254384892	3	8	8	14	14	13	15	13	17	15	18	17	18	19	22	22	24	25	25	31	33	0	1	1	1	8	3	6	2	4	6	4	0	7	12	13	12	14	15	15	19	20	1	3	2	5	1	2	1	3	2	1	3	1	1	1	2	3	2	2	1	3	1
92000	-148.105022786262793	-154.960510737222165	6.855487950959373	0.000080000000000	0.000020000000000	0.250000000000000	0.548530242590303	3	7	9	12	13	13	16	13	16	15	17	18	20	20	22	21	23	24	26	31	33	0	1	2	2	4	2	6	2	5	6	4	0	7	12	13	14	14	15	18	19	20	1	3	1	2	1	2	1	2	2	1	3	1	2	1	1	1	1	1	1	3	1
92500	-136.916227529782844	-143.771715480742216	6.855487950959373	0.000080000000000	0.000020000000000	0.250000000000000	0.469882288147051	3	7	8	13	15	15	15	12	18	16	17	18	20	20	21	21	23	25	27	31	34	0	1	1	1	2	4	4	2	5	6	4	0	7	12	7	14	14	13	18	19	20	1	2	3	4	5	1	1	3	1	1	2	1	3	1	3	1	2	2	1	2	2
93000	-161.201572877693167	-168.057060828652538	6.855487950959373	0.000080000000000	0.000020000000000	0.250000000000000	0.576455317298089	3	7	8	14	14	14	16	13	17	16	17	17	19	20	21	19	24	26	26	29	32	0	1	2	8	8	8	6	2	2	6	4	0	7	12	13	12	14	15	15	19	19	1	2	1	1	1	1	1	2	4	1	3	1	2	2	1	1	2	2	2	1	2
93500	-151.952525252593517	-158.808013203552889	6.855487950959373	0.000080000000000	0.000020000000000	0.250000000000000	0.641429409031501	3	7	9	14	14	12	15	13	14	16	17	17	19	20	22	21	22	22	26	31	33	0	1	2	6	8	2	6	2	2	6	4	0	7	12	13	12	14	13	18	19	20	1	2	1	1	1	3	1	2	4	1	1	1	2	1	2	1	1	1	2	3	1
94000	-137.724307429921225	-144.579795380880597	6.855487950959373	0.000080000000000	0.000020000000000	0.250000000000000	0.565036400459703	2	7	8	12	15	13	16	14	17	16	17	17	19	20	22	22	24	23	26	29	33	0	1	1	1	8	4	4	4	4	6	4	0	7	12	13	14	14	15	18	19	20	1	2	2	4	1	1	2	2	2	1	2	1	1	1	2	1	2	1	2	2	2
94500	-149.314903140511177	-156.170391091470549	6.855487950959373	0.000080000000000	0.000020000000000	0.250000000000000	0.497883245077959	3	6	9	15	14	15	14	15	15	16	16	17	19	20	22	21	24	25	27	30	34	0	1	1	5	2	3	3	5	5	6	3	0	6	12	13	14	14	15	18	19	20	1	2	3	1	3	3	2	1	1	1	5	1	2	2	2	1	3	2	1	1	2
95000	-147.911681905358421	-154.767169856317793	6.855487950959373	0.000080000000000	0.000020000000000	0.250000000000000	0.565019264690478	3	7	9	13	12	14	15	15	18	16	17	18	20	20	23	22	23	25	27	31	34	0	1	1	5	2	4	6	5	5	6	4	0	7	12	13	14	14	15	18	19	20	1	2	3	1	3	1	1	1	4	1	1	1	2	1	2	1	2	1	1	2	2
95500	-142.027893724773804	-148.883381675733176	6.855487950959373	0.000080000000000	0.000020000000000	0.250000000000000	0.501220507326854	3	8	5	15	12	14	15	14	17	17	17	17	20	20	21	20	24	25	27	30	33	0	1	1	2	2	3	6	5	4	6	4	0	7	12	13	12	14	15	18	19	20	1	2	1	3	2	5	1	1	1	1	1	1	2	1	1	2	2	2	1	1	1
96000	-136.057942323220828	-142.913430274180200	6.855487950959373	0.000080000000000	0.000020000000000	0.250000000000000	0.506637155575194	3	8	7	12	13	14	15	14	16	15	18	17	20	19	22	21	22	25	27	30	32	0	1	1	1	4	4	4	5	2	6	4	0	7	12	13	14	14	13	18	19	20	1	2	3	5	1	1	1	1	4	1	2	1	3	1	1	1	1	2	1	1	1
96500	-136.236313657286672	-143.091801608246044	6.855487950959373	0.000080000000000	0.000020000000000	0.250000000000000	0.577046775309749	2	8	7	12	15	14	16	13	15	16	15	18	19	20	23	21	24	25	26	30	33	0	1	1	1	8	4	4	4	2	6	4	0	7	12	13	12	14	15	18	19	20	1	3	2	5	1	1	1	1	4	1	2	1	2	1	2	2	2	1	1	3	1
97000	-127.547900776612892	-134.403388727572263	6.855487950959373	0.000080000000000	0.000020000000000	0.250000000000000	0.591798088226354	3	8	8	13	14	15	15	15	16	17	18	17	19	20	22	22	23	24	26	30	32	0	1	1	1	2	4	4	5	4	6	4	0	7	12	13	14	14	13	18	19	20	1	2	2	5	2	1	1	1	1	1	3	1	2	1	1	1	1	3	1	2	1
97500	-138.583842867982270	-145.439330818941642	6.855487950959373	0.000080000000000	0.000020000000000	0.250000000000000	0.481147680614730	2	7	8	14	14	12	14	12	16	17	17	18	20	20	22	21	23	25	26	30	33	0	1	2	1	8	3	6	2	4	6	4	0	7	12	13	12	14	15	18	19	20	1	3	1	5	1	2	1	3	1	3	2	1	4	1	1	2	2	1	1	2	1
98000	-166.381400350819519	-173.236888301778890	6.855487950959373	0.000080000000000	0.000020000000000	0.250000000000000	0.535300661731568	3	7	8	14	14	14	14	13	17	15	17	18	18	20	22	22	23	25	26	30	32	0	1	1	2	8	8	2	2	8	6	4	0	4	12	13	14	14	15	7	19	20	1	2	2	4	1	1	4	2	2	1	1	1	4	1	2	1	2	2	4	2	1
98500	-136.312013057749027	-143.167501008708399	6.855487950959373	0.000080000000000	0.000020000000000	0.250000000000000	0.539093763684578	3	7	7	14	14	13	15	13	17	15	16	17	18	20	22	21	23	26	26	30	32	0	1	1	2	8	3	6	2	2	6	4	0	7	12	13	12	14	15	15	19	20	1	2	2	4	1	4	1	3	5	1	1	1	1	1	2	2	2	2	2	2	1
99000	-143.221915527754135	-150.077403478713507	6.855487950959373	0.000080000000000	0.000020000000000	0.250000000000000	0.540667265194959	2	7	8	15	14	14	16	13	16	16	18	17	20	21	23	22	24	25	27	29	32	0	1	1	8	8	3	6	2	8	6	8	0	7	12	13	12	14	15	18	18	20	1	3	3	1	1	3	1	3	1	1	3	1	2	2	2	3	2	1	1	2	2
99500	-139.574149271080273	-146.429637222039645	6.855487950959373	0.000080000000000	0.000020000000000	0.250000000000000	0.621730498953739	2	8	6	14	14	15	16	13	18	17	17	18	20	20	22	21	23	24	26	28	33	0	1	1	2	8	4	4	2	4	6	4	0	7	12	13	14	14	13	18	19	20	1	2	2	4	1	1	1	2	3	2	1	1	2	1	1	1	2	3	1	1	2
100000	-137.053327549659230	-143.908815500618601	6.855487950959373	0.000080000000000	0.000020000000000	0.250000000000000	0.478572917159536	2	8	8	13	14	15	16	15	17	16	17	18	20	20	22	21	23	25	26	30	34	0	1	1	1	2	4	4	4	2	6	4	0	7	12	13	14	14	13	13	19	20	1	3	2	6	3	1	1	1	3	1	3	1	2	1	1	1	1	2	3	3	2