step	post	like	prior	mu1	mu2	gamma	pi	Tinf_1	Tinf_2	Tinf_3	Tinf_4	Tinf_5	Tinf_6	Tinf_7	Tinf_8	Tinf_9	Tinf_10	Tinf_11	Tinf_12	Tinf_13	Tinf_14	Tinf_15	Tinf_16	Tinf_17	Tinf_18	Tinf_19	Tinf_20	Tinf_21	Tinf_22	Tinf_23	Tinf_24	Tinf_25	Tinf_26	Tinf_27	Tinf_28	Tinf_29	Tinf_30	Tinf_31	alpha_1	alpha_2	alpha_3	alpha_4	alpha_5	alpha_6	alpha_7	alpha_8	alpha_9	alpha_10	alpha_11	alpha_12	alpha_13	alpha_14	alpha_15	alpha_16	alpha_17	alpha_18	alpha_19	alpha_20	alpha_21	alpha_22	alpha_23	alpha_24	alpha_25	alpha_26	alpha_27	alpha_28	alpha_29	alpha_30	alpha_31	kappa_1	kappa_2	kappa_3	kappa_4	kappa_5	kappa_6	kappa_7	kappa_8	kappa_9	kappa_10	kappa_11	kappa_12	kappa_13	kappa_14	kappa_15	kappa_16	kappa_17	kappa_18	kappa_19	kappa_20	kappa_21	kappa_22	kappa_23	kappa_24	kappa_25	kappa_26	kappa_27	kappa_28	kappa_29	kappa_30	kappa_31
1	-889.255686900416890	-896.111174851376290	6.855487950959373	0.000080000000000	0.000020000000000	0.250000000000000	0.360864119367507	5	7	6	6	6	6	9	7	8	8	10	10	11	12	11	11	14	14	16	17	20	17	21	22	25	30	33	40	43	45	47	0	1	1	1	1	1	1	1	1	1	1	1	1	1	1	1	1	1	1	1	1	1	1	1	1	1	1	1	1	1	1	1	1	1	1	1	1	2	1	2	2	3	3	3	4	3	3	5	5	6	6	8	6	8	9	10	13	14	18	19	20	21
500	-351.709151974463907	-358.564639925423307	6.855487950959373	0.000080000000000	0.000020000000000	0.250000000000000	0.297683584526903	4	7	6	5	6	7	9	7	6	8	10	9	10	13	11	11	12	15	16	16	18	17	21	23	23	27	31	41	44	46	47	0	4	4	1	1	9	2	4	1	9	10	6	10	8	8	8	15	12	12	15	9	18	22	21	13	0	18	26	26	27	27	1	1	1	1	2	1	1	1	2	1	1	1	1	3	2	2	1	4	4	3	7	2	2	2	7	1	9	12	14	14	15
1000	-290.527848024606612	-297.383335975566013	6.855487950959373	0.000080000000000	0.000020000000000	0.250000000000000	0.311972399828595	3	6	7	4	6	6	9	7	8	8	10	10	12	13	12	10	14	14	16	17	20	18	22	20	24	29	30	41	44	45	47	0	4	4	1	1	4	2	4	6	6	10	9	6	15	8	8	16	9	12	17	22	13	22	15	22	0	18	27	27	27	27	1	1	1	1	2	1	2	1	2	1	1	1	2	1	3	1	2	3	3	2	1	3	3	3	2	1	6	5	9	9	12
1500	-249.042371624422742	-255.897859575382114	6.855487950959373	0.000080000000000	0.000020000000000	0.250000000000000	0.423295359225536	3	7	6	5	6	6	9	7	8	8	10	10	12	12	11	11	13	13	17	17	20	18	19	23	25	30	34	40	44	46	46	0	4	4	1	1	1	2	4	6	6	10	6	6	8	8	8	16	9	13	16	12	13	22	8	21	0	21	26	28	28	27	1	1	1	1	2	1	1	2	1	1	1	2	3	3	1	2	1	3	3	3	6	3	1	9	2	1	8	7	3	4	8
2000	-248.921067311249288	-255.776555262208660	6.855487950959373	0.000080000000000	0.000020000000000	0.250000000000000	0.413126721419047	4	6	6	5	6	6	9	7	8	9	11	10	10	12	11	11	14	15	17	17	19	18	20	23	24	30	33	40	44	46	48	0	4	4	1	1	1	2	4	6	9	10	1	6	8	8	8	16	12	13	17	18	12	22	8	22	0	24	27	28	28	27	1	1	1	1	1	1	2	2	2	1	1	3	2	2	2	2	2	3	4	2	2	4	1	6	2	1	5	4	2	3	7
2500	-277.750797390330831	-284.606285341290231	6.855487950959373	0.000080000000000	0.000020000000000	0.250000000000000	0.404351019091243	4	7	7	5	5	6	9	7	8	8	9	10	11	11	11	11	14	14	15	17	20	18	21	22	25	30	30	39	43	42	45	0	4	4	1	1	1	2	4	6	6	10	6	1	8	4	8	8	12	13	17	22	13	22	15	13	0	15	26	28	27	28	1	1	1	1	1	1	1	2	1	1	1	2	3	2	3	2	2	3	2	2	1	3	2	5	6	1	6	3	2	5	3
3000	-223.426342566896892	-230.281830517856264	6.855487950959373	0.000080000000000	0.000020000000000	0.250000000000000	0.441174703024146	4	6	7	5	5	7	9	7	8	9	11	10	9	11	9	11	14	14	15	17	20	16	21	22	26	30	34	39	43	46	47	0	4	4	1	1	1	2	4	1	9	10	6	6	8	8	8	16	12	6	17	12	12	22	14	6	0	26	27	27	27	29	1	1	1	1	1	2	2	1	2	1	1	2	1	2	1	2	2	2	3	2	5	4	2	7	10	1	2	2	4	5	2
3500	-193.584471070278681	-200.439959021238053	6.855487950959373	0.000080000000000	0.000020000000000	0.250000000000000	0.501517791534652	4	7	7	6	6	6	9	7	8	9	11	10	11	10	11	11	15	14	16	17	20	18	22	22	24	30	33	39	42	45	48	0	4	4	1	1	1	2	4	6	9	9	9	9	8	8	14	16	9	18	17	13	10	22	17	21	0	26	27	28	29	30	1	1	1	1	1	1	1	1	1	1	2	2	1	2	2	1	2	4	1	1	4	4	2	4	3	1	1	2	2	2	2
4000	-195.101842339859047	-201.957330290818419	6.855487950959373	0.000080000000000	0.000020000000000	0.250000000000000	0.524673196652798	4	7	6	5	6	6	9	7	9	9	11	10	11	12	10	11	13	13	16	16	20	17	18	22	25	30	32	40	43	45	47	0	4	4	1	1	1	2	4	6	6	10	6	9	8	8	15	16	12	18	17	13	13	22	8	21	0	26	27	28	29	30	1	2	1	1	1	1	1	1	2	2	1	2	1	3	2	1	2	1	2	2	4	2	1	6	2	1	1	5	1	1	1
4500	-199.552889193327132	-206.408377144286504	6.855487950959373	0.000080000000000	0.000020000000000	0.250000000000000	0.487926844577001	5	8	7	6	7	7	9	8	8	8	10	10	11	12	12	11	15	15	16	17	20	17	20	20	23	28	31	40	44	45	48	0	4	4	1	1	1	2	4	4	5	10	6	9	8	8	8	16	12	12	17	9	12	22	8	21	0	26	27	28	29	30	1	1	1	1	1	1	1	1	1	1	1	2	2	2	2	1	2	2	2	1	6	3	2	5	2	1	2	4	2	1	1
5000	-181.801531029493702	-188.657018980453074	6.855487950959373	0.000080000000000	0.000020000000000	0.250000000000000	0.659104221218687	4	8	7	6	6	6	10	8	8	8	10	11	12	12	10	10	14	14	16	17	21	17	21	20	25	31	33	40	43	45	47	0	3	4	1	1	1	2	4	6	6	10	6	6	8	8	8	15	13	18	17	13	13	22	17	21	0	26	27	28	29	30	1	1	1	1	1	1	2	1	2	1	1	2	2	2	2	1	2	1	1	2	4	2	2	3	2	1	1	3	2	1	1
5500	-205.660039839828073	-212.515527790787445	6.855487950959373	0.000080000000000	0.000020000000000	0.250000000000000	0.662285156194259	4	8	7	5	6	6	10	7	8	8	8	10	12	12	11	12	15	13	16	17	19	17	20	22	24	30	33	40	43	44	47	0	3	1	1	1	1	2	4	6	6	6	9	12	8	8	15	15	1	13	17	22	13	22	17	22	0	26	27	28	29	30	1	1	1	1	2	1	1	1	1	1	2	1	1	3	2	1	2	4	3	2	1	3	2	2	3	1	1	3	2	1	1
6000	-195.458258882757832	-202.313746833717204	6.855487950959373	0.000080000000000	0.000020000000000	0.250000000000000	0.494501587405358	5	7	7	6	6	7	10	7	8	8	10	10	10	12	11	11	15	15	17	18	20	17	20	21	25	30	33	39	43	45	47	0	4	4	1	1	1	2	4	6	5	9	9	9	8	8	8	16	9	12	16	13	13	22	20	22	0	26	27	28	29	30	1	1	1	1	1	1	1	1	1	1	1	1	1	2	2	2	1	3	4	3	5	4	1	1	4	1	1	3	3	1	1
6500	-186.019042813865951	-192.874530764825323	6.855487950959373	0.000080000000000	0.000020000000000	0.250000000000000	0.656614136046743	4	8	7	6	6	6	9	7	8	8	10	10	11	12	10	11	15	13	16	18	20	16	20	23	23	31	33	39	43	45	47	0	4	4	1	1	1	2	4	6	6	10	9	9	16	8	8	8	9	18	17	17	13	22	17	21	0	26	27	28	29	29	1	1	1	1	1	1	1	1	1	1	1	1	1	1	2	2	3	3	1	1	2	2	2	4	1	1	1	2	2	1	2
7000	-219.887315834424584	-226.742803785383956	6.855487950959373	0.000080000000000	0.000020000000000	0.250000000000000	0.395135254804279	3	8	7	5	7	5	10	8	8	8	11	9	11	12	12	10	14	14	15	18	19	17	20	21	25	30	33	39	43	45	48	0	4	4	1	1	1	2	4	6	6	9	6	9	8	16	8	16	12	12	15	18	13	22	15	22	0	26	27	28	29	30	1	2	1	1	2	1	1	2	1	2	2	2	3	1	1	1	2	2	4	2	2	2	1	4	3	1	2	2	2	1	2
7500	-215.047250187551668	-221.902738138511040	6.855487950959373	0.000080000000000	0.000020000000000	0.250000000000000	0.515532913889634	3	7	6	4	5	6	9	6	7	9	11	10	12	11	10	12	14	12	14	16	20	17	20	23	25	30	33	40	42	45	47	0	4	4	1	1	1	2	4	1	9	5	9	12	8	8	15	16	12	18	16	11	9	22	16	21	0	26	27	27	29	30	1	1	1	1	1	2	1	1	2	1	3	1	1	3	3	1	1	1	1	2	4	5	1	6	3	1	2	3	4	2	1
8000	-207.485651535573879	-214.341139486533251	6.855487950959373	0.000080000000000	0.000020000000000	0.250000000000000	0.550775088160396	5	7	7	6	7	6	9	8	8	9	11	10	11	13	10	12	14	14	17	17	20	18	21	22	25	31	33	41	43	45	47	0	4	4	1	1	1	2	4	6	6	10	6	9	12	8	15	16	1	13	16	22	18	22	18	22	0	26	27	27	28	30	1	1	1	1	1	1	2	1	1	1	1	1	2	1	1	1	1	4	3	2	1	2	1	4	3	1	1	4	5	2	1
8500	-204.588085918010307	-211.443573868969679	6.855487950959373	0.000080000000000	0.000020000000000	0.250000000000000	0.606161527304280	3	8	6	4	5	6	10	7	9	9	11	11	11	13	11	11	14	13	17	15	19	17	21	22	24	29	33	41	42	45	48	0	8	4	1	1	5	2	4	5	6	10	10	9	16	8	8	16	12	13	17	19	12	22	8	22	0	26	27	28	29	30	1	1	1	1	1	1	2	2	2	1	2	1	1	1	2	2	2	1	3	1	1	3	2	8	3	1	2	4	1	2	2
9000	-208.335142232951284	-215.190630183910656	6.855487950959373	0.000080000000000	0.000020000000000	0.250000000000000	0.479217572223348	4	8	6	5	6	6	10	8	8	8	11	10	12	12	10	12	15	14	16	17	20	18	20	19	24	30	34	40	43	45	46	0	3	4	1	1	1	2	4	6	6	10	6	6	8	8	8	16	12	13	8	13	11	22	16	21	0	26	27	28	29	29	1	2	1	1	1	1	1	1	2	1	2	2	2	2	2	2	1	3	2	5	4	3	1	5	2	1	2	3	2	1	2
9500	-204.185351814862770	-211.040839765822142	6.855487950959373	0.000080000000000	0.000020000000000	0.250000000000000	0.494405857613463	4	7	7	6	7	6	10	8	9	9	11	10	12	12	11	12	14	14	16	17	19	17	21	23	26	30	33	39	44	45	48	0	4	4	1	1	1	2	4	6	6	10	6	9	8	8	15	16	1	18	17	13	18	22	15	21	0	26	27	28	28	30	1	1	1	1	1	1	2	1	2	2	1	2	2	2	2	1	1	6	2	1	3	2	2	7	3	1	2	3	3	3	2
10000	-213.912946482981823	-220.768434433941195	6.855487950959373	0.000080000000000	0.000020000000000	0.250000000000000	0.510480260757015	4	7	7	6	7	7	10	7	8	9	11	11	11	11	12	12	15	14	15	17	17	18	21	22	23	29	32	40	44	43	45	0	4	4	1	1	1	2	4	6	9	10	9	5	8	8	8	16	6	13	16	12	18	22	16	22	0	26	27	30	28	30	1	1	1	1	2	2	1	1	1	1	2	2	2	2	3	2	2	4	2	2	3	2	1	3	3	1	2	5	1	2	1
10500	-199.827240382601815	-206.682728333561187	6.855487950959373	0.000080000000000	0.000020000000000	0.250000000000000	0.628817132885143	3	7	6	5	6	7	10	8	9	9	11	10	11	10	10	10	14	14	16	16	20	18	21	21	25	30	34	40	43	45	47	0	4	4	1	1	1	2	4	6	6	10	6	6	8	8	8	15	13	18	17	18	6	22	15	21	0	26	27	28	29	30	1	1	1	1	1	2	2	1	1	1	1	2	2	1	2	1	2	2	1	1	3	4	2	5	4	1	2	3	2	2	1
11000	-205.279346691437183	-212.134834642396555	6.855487950959373	0.000080000000000	0.000020000000000	0.250000000000000	0.488462210648848	3	8	6	5	5	6	10	7	8	9	10	11	12	13	10	12	15	14	15	18	19	17	21	23	25	29	33	39	43	45	48	0	3	4	1	1	1	2	4	6	9	6	9	12	16	8	15	16	13	18	17	6	11	22	21	22	0	26	27	27	29	30	1	1	1	1	1	2	1	1	1	1	2	2	1	1	2	2	2	2	1	1	7	2	2	3	4	1	2	2	5	1	2
11500	-184.964884951281078	-191.820372902240450	6.855487950959373	0.000080000000000	0.000020000000000	0.250000000000000	0.679855436164675	4	7	7	5	6	6	8	7	8	8	11	10	12	13	11	11	14	15	16	17	19	17	21	22	26	31	33	40	44	46	46	0	4	4	1	1	1	2	4	6	6	10	6	6	16	8	8	15	6	13	16	9	18	22	21	21	0	26	27	28	29	29	1	1	1	1	1	1	1	1	1	1	2	2	3	1	2	2	2	4	2	3	6	1	3	2	3	1	1	3	2	1	1
12000	-200.110117253674616	-206.965605204633988	6.855487950959373	0.000080000000000	0.000020000000000	0.250000000000000	0.598620325099407	2	6	6	4	7	7	9	8	8	9	10	10	12	10	11	10	14	13	16	16	20	17	21	21	26	30	34	40	43	46	48	0	4	4	1	1	1	2	1	5	9	9	9	12	8	8	5	16	12	18	17	13	6	22	17	21	0	26	27	28	29	30	1	1	1	1	2	2	2	3	1	1	1	1	1	1	2	1	2	1	1	1	4	5	2	3	3	1	2	2	2	2	1
12500	-203.517185358492895	-210.372673309452267	6.855487950959373	0.000080000000000	0.000020000000000	0.250000000000000	0.533052642081944	3	8	7	6	6	5	9	7	8	9	10	10	12	13	11	12	15	14	17	17	21	17	22	21	23	30	33	40	43	45	47	0	4	4	1	1	1	2	5	6	6	9	6	10	8	8	8	14	13	12	16	10	12	22	15	22	0	26	27	28	29	30	1	1	1	1	2	1	1	1	2	2	2	4	2	3	3	2	1	1	2	3	5	3	3	5	2	1	2	3	1	1	1
13000	-193.525130013701528	-200.380617964660900	6.855487950959373	0.000080000000000	0.000020000000000	0.250000000000000	0.560394048130725	3	7	6	5	5	6	9	7	9	8	11	11	11	12	10	12	14	15	15	17	20	17	19	22	25	30	32	40	43	45	47	0	4	4	1	1	4	2	4	6	1	9	6	9	8	8	8	8	12	9	17	9	13	22	16	21	0	26	27	28	28	30	1	2	1	2	1	1	1	1	2	3	1	2	1	3	2	3	3	2	3	1	5	3	1	5	2	1	1	4	1	2	1
13500	-204.952341571277088	-211.807829522236460	6.855487950959373	0.000080000000000	0.000020000000000	0.250000000000000	0.684672026112601	4	7	6	5	6	6	8	7	7	9	11	11	10	11	10	11	15	14	16	18	18	17	21	23	23	30	34	40	44	46	48	0	4	4	1	1	1	2	4	6	6	10	9	6	8	8	8	16	10	18	17	12	13	21	17	13	0	26	27	28	29	29	1	1	1	1	1	1	1	1	1	1	1	1	2	2	2	2	2	2	1	1	3	2	1	3	6	1	1	2	2	1	2
14000	-199.368805126678751	-206.224293077638123	6.855487950959373	0.000080000000000	0.000020000000000	0.250000000000000	0.597035958166907	3	7	6	5	6	5	10	8	7	8	11	10	12	10	11	11	15	15	16	17	18	16	21	22	25	30	33	40	43	45	47	0	4	4	1	1	1	2	4	6	6	6	10	9	8	8	8	16	13	18	17	12	13	22	17	13	0	26	27	28	29	30	1	2	1	1	2	1	2	1	1	2	3	1	2	1	2	2	2	2	1	1	4	2	2	3	6	1	2	2	2	2	1
14500	-207.474232264425211	-214.329720215384583	6.855487950959373	0.000080000000000	0.000020000000000	0.250000000000000	0.711917794878147	3	7	7	5	5	7	9	7	9	8	10	10	11	12	11	10	15	14	16	16	20	18	22	22	25	31	33	38	42	44	48	0	4	4	1	1	1	2	4	6	6	10	6	12	16	16	8	16	13	13	17	22	13	22	17	22	0	26	27	28	29	30	1	1	1	1	1	1	2	1	2	1	1	1	1	1	1	1	2	3	2	1	2	5	3	3	3	1	1	2	2	1	1
15000	-199.784289191586595	-206.639777142545967	6.855487950959373	0.000080000000000	0.000020000000000	0.250000000000000	0.529007800087707	3	8	6	5	6	6	10	7	8	8	10	10	12	12	11	10	13	14	16	16	18	17	21	21	24	31	33	40	42	44	48	0	5	4	1	1	1	2	4	6	6	9	10	9	16	8	8	15	13	18	16	18	13	22	15	22	0	26	27	28	29	30	1	1	1	1	2	2	1	1	1	2	1	1	2	1	2	2	1	2	1	3	1	1	2	4	4	1	1	3	1	1	2
15500	-188.858911707773700	-195.714399658733072	6.855487950959373	0.000080000000000	0.000020000000000	0.250000000000000	0.500566614187393	4	7	7	5	6	6	8	7	8	8	10	10	11	12	12	11	14	14	16	16	20	17	22	21	25	30	33	40	43	45	47	0	4	4	1	1	1	2	4	5	6	9	6	12	8	8	8	16	12	18	16	12	12	22	14	21	0	26	27	28	29	30	1	1	1	1	1	1	1	2	1	2	1	2	1	3	2	2	2	2	1	1	5	2	2	4	3	1	2	3	2	1	1
16000	-221.945643159896548	-228.801131110855920	6.855487950959373	0.000080000000000	0.000020000000000	0.250000000000000	0.477084440580506	4	8	7	6	7	7	10	8	7	8	10	10	12	12	10	10	13	11	16	16	18	17	22	20	26	29	34	40	43	45	47	0	4	4	1	1	1	2	4	1	6	10	9	9	16	4	8	16	9	18	17	13	13	22	12	21	0	26	27	28	29	30	1	1	1	1	2	2	1	1	1	1	1	1	2	1	2	1	1	2	1	2	3	2	2	4	5	1	2	3	2	1	1
16500	-197.094744552239433	-203.950232503198805	6.855487950959373	0.000080000000000	0.000020000000000	0.250000000000000	0.591866311314634	2	8	7	6	4	6	10	8	8	9	11	11	12	13	12	11	14	15	17	16	20	17	21	22	24	30	32	40	42	45	47	0	4	4	5	1	1	2	4	6	6	10	6	9	16	8	8	15	13	18	16	13	13	22	16	21	0	26	27	28	29	30	1	1	1	1	1	1	1	1	1	2	1	2	2	1	3	3	1	1	1	2	3	3	2	5	2	1	2	3	2	1	1
17000	-196.033179786669876	-202.888667737629248	6.855487950959373	0.000080000000000	0.000020000000000	0.250000000000000	0.567179413771267	3	7	6	5	6	6	10	8	8	8	9	10	12	13	11	12	14	13	16	17	19	17	21	22	24	30	33	39	44	46	47	0	4	4	1	1	4	2	4	6	6	10	10	12	16	8	8	16	6	18	17	22	12	22	17	22	0	26	27	28	29	30	1	1	1	1	1	1	2	1	1	2	1	1	1	1	1	2	1	3	2	2	1	3	2	4	3	1	1	2	2	1	1
17500	-185.164317318257901	-192.019805269217272	6.855487950959373	0.000080000000000	0.000020000000000	0.250000000000000	0.600455893505747	4	8	7	6	6	6	10	8	8	8	10	10	12	12	12	11	14	14	16	18	20	17	21	23	25	30	33	39	43	45	47	0	4	4	1	1	1	2	4	6	6	10	6	9	8	8	8	16	9	18	17	12	13	22	15	21	0	26	27	28	29	30	1	1	1	1	1	1	1	1	1	1	1	1	2	2	2	2	2	4	1	2	4	1	1	5	2	1	2	2	2	1	1
18000	-213.984249516884688	-220.839737467844060	6.855487950959373	0.000080000000000	0.000020000000000	0.250000000000000	0.500144181931890	4	7	7	5	6	7	10	7	9	8	10	10	12	13	12	11	14	14	16	18	20	18	21	23	25	31	33	40	43	45	47	0	4	4	1	1	1	2	4	6	5	10	9	9	8	8	4	12	12	12	16	6	18	22	16	22	0	26	27	28	28	30	1	1	1	1	1	1	1	2	1	1	1	1	2	3	3	3	3	3	3	4	4	3	2	7	4	1	1	3	1	3	1
18500	-183.542249225935166	-190.397737176894537	6.855487950959373	0.000080000000000	0.000020000000000	0.250000000000000	0.686969417264878	5	7	7	6	6	7	9	7	8	9	10	10	11	12	11	12	14	14	17	17	21	17	22	22	25	30	33	40	43	45	47	0	4	4	1	1	1	2	4	6	6	10	6	9	8	8	8	15	12	18	16	13	13	22	15	22	0	26	27	28	29	30	1	1	1	1	1	1	1	1	1	1	1	1	2	2	2	2	1	2	2	2	4	3	2	5	3	1	2	3	1	1	1
19000	-212.510257815961296	-219.365745766920668	6.855487950959373	0.000080000000000	0.000020000000000	0.250000000000000	0.512222883941634	3	6	6	5	5	6	9	7	8	8	10	11	11	12	11	11	14	15	16	18	20	17	20	23	25	31	33	40	43	45	47	0	4	4	1	1	1	2	4	1	6	10	6	4	8	8	8	14	12	18	16	22	13	22	15	21	0	26	27	28	29	30	1	1	1	1	1	2	1	1	3	2	2	2	4	2	2	2	1	3	1	2	1	4	1	6	2	1	1	2	2	1	2
19500	-207.063456463876662	-213.918944414836034	6.855487950959373	0.000080000000000	0.000020000000000	0.250000000000000	0.432698136678800	3	8	7	5	5	6	10	7	8	8	10	10	11	12	12	10	14	15	16	17	20	17	21	22	25	31	33	40	43	45	45	0	8	4	1	1	1	2	4	6	6	4	9	9	8	8	8	16	13	12	16	12	13	22	15	21	0	26	27	28	28	29	1	1	1	1	2	2	1	2	1	1	3	1	2	2	2	1	2	2	3	4	6	3	1	6	2	1	1	4	2	2	1
20000	-191.554748896028372	-198.410236846987743	6.855487950959373	0.000080000000000	0.000020000000000	0.250000000000000	0.437870796544620	4	7	7	6	5	6	10	7	8	8	10	10	10	12	11	11	14	15	16	17	20	17	21	22	24	30	33	39	43	45	46	0	4	4	1	1	5	2	4	6	6	10	6	6	16	8	8	15	9	12	17	13	12	22	16	22	0	26	27	28	29	29	1	1	1	1	1	1	2	1	1	1	1	2	2	1	2	2	2	4	2	2	4	4	2	4	2	1	2	3	2	1	1
20500	-197.055637870747915	-203.911125821707287	6.855487950959373	0.000080000000000	0.000020000000000	0.250000000000000	0.713650583825076	4	8	7	6	7	6	10	8	9	8	10	10	12	12	11	11	13	14	16	16	21	17	21	22	26	28	33	39	44	45	48	0	4	4	1	1	1	2	4	6	6	10	9	9	16	8	8	16	13	13	16	22	13	22	16	21	0	26	27	28	29	30	1	1	1	1	1	1	1	1	1	1	1	1	2	1	3	2	1	1	1	2	2	2	2	3	3	1	3	3	2	1	2
21000	-202.492392353476276	-209.347880304435648	6.855487950959373	0.000080000000000	0.000020000000000	0.250000000000000	0.546599811201640	4	8	6	5	7	6	10	7	9	7	11	9	12	12	10	10	14	14	16	17	20	18	21	22	25	30	32	39	44	45	47	0	3	4	1	1	1	2	4	10	6	1	6	9	8	8	8	16	11	13	16	13	13	22	14	21	0	26	27	28	29	30	1	1	1	1	2	1	1	1	2	1	3	2	2	4	2	2	2	2	2	3	4	2	1	7	2	1	1	4	2	1	1
21500	-198.508191657361209	-205.363679608320581	6.855487950959373	0.000080000000000	0.000020000000000	0.250000000000000	0.598627597633437	4	7	7	5	5	7	9	7	8	8	10	11	10	12	10	12	15	14	15	17	20	17	21	22	24	30	34	41	43	45	48	0	4	4	1	1	5	2	5	1	6	10	6	10	15	8	15	16	9	9	17	18	19	22	21	21	0	26	27	28	29	30	1	1	1	1	1	1	1	1	3	1	1	2	1	2	2	1	2	2	5	1	3	1	1	1	1	1	2	2	1	1	1
22000	-193.162864930764073	-200.018352881723445	6.855487950959373	0.000080000000000	0.000020000000000	0.250000000000000	0.629783980296732	4	8	7	6	6	6	9	7	7	8	10	11	11	12	10	11	14	14	15	17	20	17	21	21	25	31	34	40	43	45	48	0	4	4	1	1	1	2	4	6	6	10	9	9	8	8	8	16	12	9	17	18	12	22	17	23	0	26	27	28	29	30	1	1	1	1	1	1	1	1	1	1	1	1	2	2	1	2	2	2	3	2	2	3	2	3	2	1	2	2	2	1	2
22500	-211.953310439500399	-218.808798390459771	6.855487950959373	0.000080000000000	0.000020000000000	0.250000000000000	0.470530127883882	4	6	7	5	7	6	8	7	9	8	10	11	11	12	11	11	14	14	17	17	20	18	21	22	25	31	33	40	42	46	48	0	4	4	1	1	1	2	4	4	5	10	5	6	8	8	8	16	12	18	16	12	13	22	14	21	0	26	27	28	28	30	1	1	1	1	3	1	1	1	1	1	1	2	2	2	2	2	2	1	1	2	4	5	3	6	3	1	1	3	1	3	2
23000	-187.920916739970664	-194.776404690930036	6.855487950959373	0.000080000000000	0.000020000000000	0.250000000000000	0.458003937356588	4	8	7	5	6	6	9	8	9	8	10	10	11	12	11	10	14	14	16	16	20	17	21	19	25	30	33	40	43	45	48	0	3	4	1	1	1	2	4	1	5	10	6	6	8	8	8	15	13	18	17	13	13	22	17	21	0	26	27	28	29	29	1	1	2	1	1	1	1	2	2	1	1	2	2	2	2	1	2	1	1	1	4	3	2	2	2	1	2	3	1	1	3
23500	-206.782446177494649	-213.637934128454020	6.855487950959373	0.000080000000000	0.000020000000000	0.250000000000000	0.590376560575574	4	7	6	5	7	6	10	7	9	8	10	11	12	13	11	11	15	13	17	18	20	16	19	23	23	30	33	41	44	46	47	0	3	4	1	1	1	2	4	6	5	10	9	6	8	8	8	15	13	18	17	22	10	22	14	21	0	26	27	28	29	30	1	1	1	1	2	1	1	1	1	1	2	1	3	3	2	2	1	1	2	2	2	3	2	4	2	1	1	3	1	1	1
24000	-197.889019100126347	-204.744507051085719	6.855487950959373	0.000080000000000	0.000020000000000	0.250000000000000	0.625628880612188	5	7	7	6	6	6	9	8	8	8	11	10	11	13	10	12	14	13	15	16	20	16	21	23	24	31	33	40	44	45	47	0	4	4	1	1	1	2	4	6	6	10	9	9	8	8	8	15	1	18	17	13	13	21	17	21	0	26	27	28	28	30	1	1	1	1	1	1	2	1	1	1	2	1	2	2	1	2	2	3	1	1	7	2	1	5	2	1	1	4	3	2	1
24500	-203.294650343676153	-210.150138294635525	6.855487950959373	0.000080000000000	0.000020000000000	0.250000000000000	0.516992211986184	3	7	6	5	5	6	9	8	8	9	10	9	12	11	12	11	15	14	15	17	20	17	21	22	24	29	34	38	42	45	46	0	4	4	1	1	1	2	4	6	6	9	9	9	8	8	8	15	13	12	16	10	19	22	8	21	0	26	27	28	29	29	1	1	1	1	1	1	1	2	1	1	1	1	2	1	2	2	1	1	2	3	6	1	2	7	2	1	2	2	3	2	2
25000	-212.412799372583464	-219.268287323542836	6.855487950959373	0.000080000000000	0.000020000000000	0.250000000000000	0.768761033532515	4	8	7	6	7	6	9	7	9	9	11	10	11	12	11	11	13	13	15	18	21	18	22	23	25	30	33	38	42	44	47	0	4	4	1	1	1	2	4	6	6	10	9	5	16	4	8	8	13	18	16	9	12	22	20	21	0	26	26	28	29	30	1	1	1	1	1	1	1	1	2	1	1	1	1	1	2	2	2	1	1	3	5	3	2	2	1	1	2	2	2	1	2
25500	-199.730317870865605	-206.585805821824977	6.855487950959373	0.000080000000000	0.000020000000000	0.250000000000000	0.706803605081720	5	7	7	6	6	6	9	8	9	8	10	11	11	12	11	12	15	13	15	17	20	15	20	22	25	29	34	41	43	45	48	0	4	4	1	1	1	2	4	6	6	9	6	6	8	8	8	15	13	13	16	18	13	22	21	21	0	26	27	28	29	30	1	1	1	1	1	1	1	1	2	1	1	3	2	2	3	2	2	1	1	3	4	2	2	1	2	1	1	3	1	2	2
26000	-193.246078224426071	-200.101566175385443	6.855487950959373	0.000080000000000	0.000020000000000	0.250000000000000	0.543182736697257	5	8	7	6	7	6	9	7	9	9	11	11	10	12	10	11	15	14	16	17	20	16	21	22	25	31	32	41	42	43	47	0	4	4	1	1	1	2	4	6	6	9	10	6	8	8	8	16	9	18	16	12	9	22	21	21	0	26	27	28	29	30	1	1	1	1	1	1	1	1	2	2	1	1	2	4	2	2	2	2	1	3	5	4	3	1	3	1	1	5	1	1	3
26500	-193.237527050324644	-200.093015001284016	6.855487950959373	0.000080000000000	0.000020000000000	0.250000000000000	0.620579297147525	4	6	6	5	6	6	10	7	8	8	10	10	12	13	11	11	14	14	16	16	20	17	22	21	25	30	33	40	43	45	47	0	4	4	1	1	1	2	4	6	6	9	6	12	8	8	8	8	10	18	16	10	12	22	14	22	0	26	27	28	29	30	1	1	1	1	1	1	2	1	1	1	2	2	1	3	2	2	4	3	1	2	5	4	2	4	4	1	2	2	1	1	1
27000	-204.857228602683705	-211.712716553643077	6.855487950959373	0.000080000000000	0.000020000000000	0.250000000000000	0.567886023551884	5	8	7	6	6	6	10	8	8	9	10	10	12	13	12	11	15	12	17	16	20	17	20	21	26	30	33	40	43	45	46	0	4	4	1	1	1	2	4	6	6	6	6	10	16	8	8	16	6	18	16	11	13	22	17	22	0	26	27	28	29	28	1	1	1	1	1	1	1	2	1	2	3	2	3	1	2	2	3	3	2	3	5	3	1	2	4	1	2	3	2	1	2
27500	-202.700955522914086	-209.556443473873458	6.855487950959373	0.000080000000000	0.000020000000000	0.250000000000000	0.416770813248343	3	7	6	5	6	6	9	8	8	8	10	10	12	13	12	12	14	14	16	17	20	17	20	23	26	31	33	40	43	45	48	0	4	4	1	1	1	2	4	6	6	10	9	12	8	8	8	16	13	13	14	22	11	22	14	22	0	26	27	28	29	30	1	1	1	1	1	1	1	2	1	2	2	2	1	4	2	2	1	2	2	3	2	4	2	5	4	1	1	3	1	2	1
28000	-200.977300832547343	-207.832788783506714	6.855487950959373	0.000080000000000	0.000020000000000	0.250000000000000	0.541478577286243	4	7	7	6	6	6	9	8	8	9	11	10	11	13	12	11	13	15	16	17	21	17	21	20	25	29	32	40	43	46	48	0	4	4	1	1	1	2	4	6	9	10	9	12	8	8	12	16	10	9	17	13	12	22	14	21	0	26	27	28	29	30	1	1	1	1	1	1	1	1	1	1	1	1	1	2	2	1	1	3	2	2	5	3	2	3	2	1	1	4	2	2	1
28500	-193.365773027140506	-200.221260978099878	6.855487950959373	0.000080000000000	0.000020000000000	0.250000000000000	0.578630842768169	4	8	7	5	6	6	9	8	8	8	10	10	11	12	12	11	15	14	17	17	21	16	21	22	26	31	33	39	43	45	46	0	4	4	1	1	1	2	4	6	6	10	9	11	16	8	8	16	12	12	17	13	18	19	21	21	0	26	27	28	29	29	1	1	1	1	1	1	1	2	1	1	1	1	1	1	2	2	2	2	4	1	4	1	2	1	1	1	1	3	2	2	2
29000	-187.765723105179461	-194.621211056138833	6.855487950959373	0.000080000000000	0.000020000000000	0.250000000000000	0.589451201270143	4	8	7	6	7	6	9	7	9	8	10	11	10	12	12	10	14	14	16	17	20	17	21	22	24	31	34	39	43	44	46	0	4	4	1	1	1	2	4	5	6	10	13	6	16	8	8	16	13	18	17	12	18	22	17	21	0	26	27	28	29	30	1	1	1	1	2	1	1	1	1	1	1	1	2	1	2	2	2	1	1	2	4	1	2	4	2	1	1	3	2	1	1
29500	-198.177016223187053	-205.032504174146425	6.855487950959373	0.000080000000000	0.000020000000000	0.250000000000000	0.411265910136475	4	8	7	6	6	6	10	7	8	9	10	10	11	11	12	11	14	14	16	18	20	18	21	22	26	30	34	40	43	45	47	0	3	4	1	1	1	2	5	6	9	6	6	9	8	8	8	16	9	12	17	12	13	22	14	21	0	26	27	28	29	30	1	1	1	1	2	1	2	1	1	1	2	2	2	2	3	2	2	3	3	3	4	4	1	5	3	1	2	4	2	1	1
30000	-190.485320520295971	-197.340808471255343	6.855487950959373	0.000080000000000	0.000020000000000	0.250000000000000	0.616720886239508	4	7	6	5	6	6	10	7	8	9	10	11	12	13	12	11	12	14	16	18	21	17	21	22	26	30	33	40	44	45	47	0	4	4	1	1	1	2	4	6	9	10	9	4	16	8	8	16	13	18	16	12	13	22	15	21	0	26	27	28	29	30	1	2	1	1	2	1	2	1	1	1	1	1	4	1	3	2	1	1	1	4	4	2	2	3	2	1	1	3	2	1	1
30500	-184.819389793763889	-191.674877744723261	6.855487950959373	0.000080000000000	0.000020000000000	0.250000000000000	0.709195426162036	4	7	6	5	6	7	9	7	8	9	10	11	12	11	11	12	14	14	16	17	20	16	20	23	24	31	32	41	43	45	47	0	3	4	1	1	1	2	4	6	6	9	9	12	8	8	8	16	13	18	16	12	12	22	16	21	0	26	27	28	29	30	1	1	1	1	1	2	1	1	1	1	1	1	1	2	2	2	1	1	1	2	3	2	2	5	2	1	1	4	1	1	1
31000	-187.025858946933369	-193.881346897892740	6.855487950959373	0.000080000000000	0.000020000000000	0.250000000000000	0.551447353065856	4	8	7	6	7	6	9	8	9	8	10	9	12	12	12	10	14	13	14	17	20	17	21	23	25	30	33	40	43	46	48	0	4	4	1	1	1	2	4	6	6	10	6	12	8	8	8	16	12	18	17	13	12	22	15	22	0	26	27	28	29	30	1	1	1	1	2	1	1	1	2	1	1	1	1	2	2	1	2	2	1	2	3	3	2	5	3	1	1	3	1	1	1
31500	-190.985773746791381	-197.841261697750753	6.855487950959373	0.000080000000000	0.000020000000000	0.250000000000000	0.557319783226760	4	7	7	5	6	6	9	6	8	9	10	10	12	13	11	10	14	13	15	17	19	16	22	22	24	31	33	41	43	45	48	0	4	4	1	1	1	2	4	5	6	9	6	9	8	8	8	16	12	18	17	12	13	22	14	21	0	26	27	28	29	30	1	1	1	1	1	1	1	1	2	1	1	2	2	4	3	2	2	2	1	2	4	2	4	5	2	1	1	3	1	1	2
32000	-207.225481940830008	-214.080969891789380	6.855487950959373	0.000080000000000	0.000020000000000	0.250000000000000	0.581630848804920	4	7	7	5	7	6	10	8	9	8	11	10	11	13	10	11	14	14	16	17	19	18	21	20	26	30	33	40	43	46	47	0	4	4	1	1	1	2	4	6	6	10	6	9	8	8	8	14	9	18	17	12	11	22	17	22	0	26	27	28	29	30	1	2	2	1	1	1	2	1	2	1	2	3	1	2	1	2	1	3	1	2	4	4	1	3	4	1	2	4	1	2	1
32500	-204.130698723232570	-210.986186674191941	6.855487950959373	0.000080000000000	0.000020000000000	0.250000000000000	0.495075651284032	4	7	7	5	6	6	10	8	8	9	9	10	10	11	12	11	15	15	16	17	18	17	20	21	25	29	34	41	43	46	47	0	4	4	1	1	1	2	4	6	9	9	6	9	8	8	8	16	10	18	8	13	9	22	17	22	0	26	27	28	29	30	1	1	1	1	1	1	2	2	2	1	1	2	1	3	2	2	3	3	1	3	4	4	2	4	3	1	2	4	1	1	1
33000	-203.821396440397052	-210.676884391356424	6.855487950959373	0.000080000000000	0.000020000000000	0.250000000000000	0.667296035817044	4	6	6	5	6	7	9	7	9	9	10	11	11	11	11	12	15	13	16	17	19	17	21	19	23	30	34	40	43	45	47	0	4	4	1	1	1	2	4	6	6	10	9	9	8	8	15	16	1	18	17	18	6	22	22	21	0	26	27	28	28	30	1	1	1	1	1	2	2	1	1	1	1	1	1	2	3	1	1	3	1	1	2	4	2	1	2	1	2	4	2	2	1
33500	-196.254133833745385	-203.109621784704757	6.855487950959373	0.000080000000000	0.000020000000000	0.250000000000000	0.471885746124242	3	7	7	6	5	5	9	7	7	8	10	10	10	12	12	10	15	13	17	17	19	18	20	22	26	29	32	41	42	44	47	0	4	4	1	1	1	2	4	6	6	10	9	6	8	13	8	16	6	18	17	9	13	22	14	22	0	26	27	28	29	30	1	1	1	2	1	1	1	1	1	1	1	2	2	3	1	1	2	4	2	1	7	3	1	4	3	1	1	4	1	1	2
34000	-207.686575300613015	-214.542063251572387	6.855487950959373	0.000080000000000	0.000020000000000	0.250000000000000	0.526132160395375	4	7	6	5	6	6	9	8	8	8	10	11	12	12	11	12	14	14	14	16	21	16	19	23	25	31	32	40	44	46	48	0	4	4	1	1	1	2	4	6	6	10	5	5	8	8	8	16	10	12	17	13	13	22	12	21	0	26	27	28	29	30	1	2	1	1	1	1	1	2	1	2	2	3	3	1	2	2	1	3	2	1	4	2	2	5	1	1	1	3	3	1	1
34500	-219.335289442398675	-226.190777393358047	6.855487950959373	0.000080000000000	0.000020000000000	0.250000000000000	0.587898965428740	4	7	6	5	6	5	10	8	8	8	9	11	12	12	11	9	12	14	15	17	20	17	21	23	26	30	32	41	42	44	47	0	3	4	1	1	1	2	4	6	6	10	6	11	16	8	8	16	13	18	17	22	8	22	12	21	0	26	27	28	28	30	1	1	1	1	1	1	2	2	1	3	1	3	2	1	1	1	2	1	1	3	2	4	2	4	2	1	1	5	1	2	2
35000	-205.902956229961319	-212.758444180920691	6.855487950959373	0.000080000000000	0.000020000000000	0.250000000000000	0.507035206511859	3	8	7	5	6	6	9	8	8	8	11	10	11	12	11	9	15	14	15	17	20	17	20	23	23	29	33	40	42	46	47	0	4	4	1	4	1	2	4	6	5	10	6	5	16	8	8	4	12	12	17	13	19	22	21	21	0	26	27	28	29	30	1	1	1	2	1	2	1	1	2	1	1	2	2	2	2	1	5	2	2	1	5	1	1	1	2	1	2	4	1	2	1
35500	-193.965199618931280	-200.820687569890652	6.855487950959373	0.000080000000000	0.000020000000000	0.250000000000000	0.569062118697859	4	8	7	6	6	6	10	7	8	8	11	10	10	12	11	9	14	14	15	18	20	17	20	22	25	30	33	39	43	44	47	0	3	4	1	1	1	2	4	6	6	10	6	6	8	16	8	8	12	13	17	18	12	22	17	21	0	26	27	28	29	30	1	1	1	1	1	1	2	1	1	1	2	2	2	3	2	2	3	2	3	2	3	4	1	4	3	1	2	3	2	1	2
36000	-198.596835082792296	-205.452323033751668	6.855487950959373	0.000080000000000	0.000020000000000	0.250000000000000	0.409531754112967	5	8	7	6	6	7	10	8	8	8	10	10	11	12	10	10	14	14	16	16	21	18	21	22	25	30	32	39	43	45	47	0	4	4	1	1	1	2	4	6	6	10	6	6	8	8	8	16	13	13	8	12	12	22	8	22	0	26	27	28	29	30	1	1	1	1	1	1	2	1	1	1	1	2	2	2	1	1	2	2	3	3	4	5	2	6	3	1	1	4	3	2	1
36500	-198.887872056703543	-205.743360007662915	6.855487950959373	0.000080000000000	0.000020000000000	0.250000000000000	0.563912687840587	4	7	7	6	6	6	10	7	8	8	10	10	12	12	11	11	14	15	17	17	20	16	21	22	22	31	33	39	44	46	47	0	4	4	1	1	1	2	4	6	6	10	9	12	16	8	8	15	13	18	15	22	13	22	8	21	0	26	27	28	29	29	1	1	1	1	1	1	1	1	1	1	1	1	1	1	3	2	1	1	1	3	2	1	2	6	2	1	1	3	3	1	2
37000	-215.679444707717693	-222.534932658677064	6.855487950959373	0.000080000000000	0.000020000000000	0.250000000000000	0.620255483232832	3	7	7	5	6	5	9	8	7	9	11	11	10	12	12	11	15	14	17	16	21	17	21	22	24	30	34	41	44	46	45	0	4	4	1	1	1	2	5	6	5	6	9	6	8	8	8	16	12	18	16	12	12	22	15	22	0	26	27	28	31	29	1	1	2	1	2	1	1	1	1	1	2	2	2	2	2	1	2	2	2	2	4	2	1	5	4	1	3	5	1	1	1
37500	-198.339385713795991	-205.194873664755363	6.855487950959373	0.000080000000000	0.000020000000000	0.250000000000000	0.643584710970706	4	7	7	5	6	7	10	8	6	8	10	11	11	12	11	12	14	13	16	17	20	17	21	21	26	29	33	39	43	45	46	0	4	4	1	1	9	2	4	1	9	10	9	9	8	8	8	14	12	12	16	19	13	22	16	22	0	26	27	28	28	30	1	1	1	1	1	1	1	2	1	1	1	2	2	2	1	3	1	1	4	3	2	3	2	3	4	1	2	3	2	4	1
38000	-219.799374682212175	-226.654862633171547	6.855487950959373	0.000080000000000	0.000020000000000	0.250000000000000	0.538147903512773	2	8	7	5	6	6	7	8	8	7	10	10	12	12	11	10	15	14	15	17	20	17	22	21	25	31	33	40	43	46	47	0	5	4	1	1	4	5	5	6	1	5	6	12	16	16	5	15	13	12	17	13	5	22	20	22	0	26	27	28	29	30	1	1	1	1	3	1	1	1	1	3	2	2	1	1	1	2	2	1	2	1	3	6	2	3	5	1	1	3	1	1	1
38500	-191.735116200678561	-198.590604151637933	6.855487950959373	0.000080000000000	0.000020000000000	0.250000000000000	0.555136512548236	4	8	7	5	6	7	7	7	8	8	10	11	11	13	11	11	15	15	17	17	19	17	21	23	24	30	33	40	43	44	47	0	7	4	1	1	1	4	4	5	6	9	9	6	16	8	8	16	10	18	17	13	12	22	17	21	0	26	27	28	28	30	1	1	1	1	1	2	1	1	1	1	1	2	2	1	2	2	2	3	1	2	3	2	2	3	2	1	2	3	1	2	2
39000	-202.729020043327665	-209.584507994287037	6.855487950959373	0.000080000000000	0.000020000000000	0.250000000000000	0.582846562356188	4	8	6	5	6	5	6	6	8	9	10	9	12	12	11	12	15	14	16	18	19	17	20	22	25	30	32	40	44	45	46	0	7	4	1	1	1	4	4	6	6	12	6	6	8	8	15	14	13	18	17	11	12	22	14	21	0	26	27	28	29	29	1	1	1	1	1	1	1	1	2	2	1	2	3	2	2	1	2	1	1	1	5	3	2	5	4	1	1	3	1	1	1
39500	-195.180412015504487	-202.035899966463859	6.855487950959373	0.000080000000000	0.000020000000000	0.250000000000000	0.532339972821174	4	8	6	5	6	6	7	7	8	8	11	10	11	12	11	11	15	13	16	17	19	17	21	22	24	31	34	40	43	45	47	0	7	4	1	1	1	4	4	6	6	10	9	9	8	8	8	16	13	10	17	13	13	21	15	21	0	26	27	28	29	29	1	1	1	1	1	1	1	2	1	1	2	1	2	2	2	3	2	1	3	1	3	2	1	4	3	1	2	2	2	1	2
40000	-195.968941353727161	-202.824429304686532	6.855487950959373	0.000080000000000	0.000020000000000	0.250000000000000	0.544386586953291	3	8	7	5	6	6	7	7	8	8	11	10	12	13	11	12	14	14	17	16	20	18	21	21	26	29	33	40	42	46	48	0	7	4	1	1	4	4	4	6	6	10	10	9	16	8	8	16	13	18	17	22	9	22	17	22	0	26	27	28	29	30	1	1	1	1	2	1	1	2	2	1	2	1	2	1	2	2	1	1	1	1	1	4	2	2	3	1	2	4	1	2	1
40500	-215.288165206128951	-222.143653157088323	6.855487950959373	0.000080000000000	0.000020000000000	0.250000000000000	0.576307378310848	4	8	6	5	5	6	6	7	7	8	11	10	11	13	10	10	15	15	16	16	20	15	21	23	26	29	34	40	43	44	48	0	7	4	1	1	1	4	4	6	6	6	6	9	8	8	8	16	13	12	14	19	13	22	20	22	0	26	27	28	29	29	1	1	1	1	1	1	1	1	1	1	3	2	2	3	2	2	2	3	3	2	1	2	3	4	6	1	2	3	2	1	3
41000	-189.313673581868187	-196.169161532827559	6.855487950959373	0.000080000000000	0.000020000000000	0.250000000000000	0.645959210710193	4	8	6	5	5	6	7	7	8	8	11	9	11	13	11	11	15	15	17	17	21	17	20	23	25	30	32	39	44	45	47	0	7	4	1	1	1	4	4	6	6	10	6	6	8	8	8	16	12	18	17	19	13	22	17	21	0	26	27	28	29	30	1	1	1	1	1	1	1	1	1	1	2	2	2	3	2	2	2	3	1	1	2	2	2	2	2	1	1	3	2	1	1
41500	-206.618087199025751	-213.473575149985123	6.855487950959373	0.000080000000000	0.000020000000000	0.250000000000000	0.553749880312848	4	8	6	5	7	6	7	7	8	9	10	9	12	12	12	12	14	13	16	18	20	18	22	22	24	28	34	39	42	45	47	0	7	4	1	1	1	3	4	6	9	10	6	12	8	8	8	16	11	9	15	22	12	22	15	22	0	26	27	28	29	30	1	1	1	1	2	1	1	1	1	1	1	2	2	2	2	2	1	2	3	4	1	4	2	4	2	1	2	3	1	1	1
42000	-200.581439261540822	-207.436927212500194	6.855487950959373	0.000080000000000	0.000020000000000	0.250000000000000	0.469970351783504	4	8	6	5	5	6	7	7	8	8	10	9	11	10	11	10	14	14	16	17	20	16	19	22	26	31	34	40	43	45	48	0	7	4	1	1	1	4	4	6	6	10	9	5	8	8	8	13	12	18	17	18	13	22	17	13	0	26	27	28	29	30	1	1	1	1	1	1	1	1	1	1	1	1	3	2	2	2	1	2	1	2	4	2	2	3	6	1	1	3	2	1	2
42500	-195.781809662544816	-202.637297613504188	6.855487950959373	0.000080000000000	0.000020000000000	0.250000000000000	0.485498625563280	4	8	7	5	6	6	7	8	8	8	11	11	12	11	11	10	14	15	15	18	20	17	21	23	25	30	33	39	43	45	47	0	7	4	1	1	1	4	4	6	6	10	9	6	8	8	8	16	13	12	16	20	13	22	8	12	0	26	27	28	29	30	1	1	1	1	1	1	1	2	1	1	2	2	2	1	2	2	2	1	2	5	1	3	2	8	6	1	1	3	2	1	2
43000	-220.203896869427552	-227.059384820386924	6.855487950959373	0.000080000000000	0.000020000000000	0.250000000000000	0.431705606914944	4	8	7	5	6	6	7	7	8	9	10	11	12	12	11	11	15	14	16	18	20	16	21	21	26	29	34	41	44	46	46	0	7	4	1	4	1	4	4	6	6	9	9	12	8	8	8	8	9	18	8	10	13	22	17	1	0	26	27	27	29	29	1	1	1	1	1	1	1	1	1	1	2	2	1	3	2	2	3	3	1	5	7	2	2	4	10	1	3	2	4	1	1
43500	-206.176407970710983	-213.031895921670355	6.855487950959373	0.000080000000000	0.000020000000000	0.250000000000000	0.438554390355249	4	8	6	5	6	6	7	7	8	8	10	11	12	11	11	12	15	14	16	17	20	18	22	23	24	31	33	40	42	44	48	0	7	4	1	1	1	4	4	6	6	6	10	9	9	8	8	16	6	18	17	6	13	21	16	21	0	26	27	28	29	30	1	1	1	1	1	2	1	1	2	1	2	1	2	2	2	2	1	4	1	1	5	4	1	5	2	1	1	5	2	1	2
44000	-188.974362288952477	-195.829850239911849	6.855487950959373	0.000080000000000	0.000020000000000	0.250000000000000	0.520516944559922	4	8	7	6	6	6	7	8	8	9	10	9	11	13	12	11	15	14	17	17	20	18	21	22	26	29	34	39	43	44	47	0	7	4	1	1	1	4	4	6	6	10	6	12	16	8	8	16	13	18	17	19	9	22	16	22	0	26	27	28	29	30	1	1	1	1	1	1	1	1	1	1	1	1	1	1	2	2	2	1	2	1	2	4	1	7	3	1	2	2	2	1	2
44500	-194.494728966647557	-201.350216917606929	6.855487950959373	0.000080000000000	0.000020000000000	0.250000000000000	0.644743768639156	4	8	7	5	6	6	6	7	8	8	10	10	11	13	12	10	14	14	17	17	19	16	21	20	25	30	34	40	43	45	47	0	7	4	1	1	1	4	4	6	6	10	9	12	16	8	8	4	6	18	17	13	13	22	17	21	0	26	27	28	29	30	1	1	1	1	1	1	1	1	1	1	1	1	1	2	2	1	3	5	1	1	3	3	3	2	2	1	2	3	2	1	2
45000	-202.743524938201574	-209.599012889160946	6.855487950959373	0.000080000000000	0.000020000000000	0.250000000000000	0.596004609187737	4	8	7	6	5	6	7	8	8	9	11	10	11	13	10	10	13	13	15	17	20	18	20	22	26	31	34	40	44	45	48	0	7	4	1	1	1	4	4	6	6	12	6	6	12	8	8	8	12	18	14	22	10	22	16	22	0	26	27	28	29	30	1	1	1	1	1	1	1	1	1	2	1	2	2	2	1	1	3	2	1	2	1	5	1	6	3	1	1	3	2	1	1
45500	-196.784620766057913	-203.640108717017284	6.855487950959373	0.000080000000000	0.000020000000000	0.250000000000000	0.480515099383140	4	8	6	5	7	5	7	7	8	8	10	10	11	13	11	11	14	14	16	17	19	17	20	22	25	31	33	41	43	45	47	0	7	6	1	6	1	3	4	6	6	6	10	12	16	8	8	16	11	18	16	12	13	22	16	21	0	26	27	28	29	30	1	1	1	1	1	1	1	1	2	2	3	1	1	1	2	2	2	2	1	4	6	3	1	5	3	1	1	5	1	2	1
46000	-215.189395736640819	-222.044883687600191	6.855487950959373	0.000080000000000	0.000020000000000	0.250000000000000	0.707210470567273	4	8	7	6	6	7	7	8	8	9	11	10	11	12	12	10	13	13	17	17	19	15	21	22	25	29	34	41	43	45	46	0	7	4	1	1	1	4	4	6	9	10	9	12	16	16	8	14	13	18	16	22	9	22	21	10	0	26	27	28	29	29	1	1	1	1	1	1	1	1	1	1	1	1	1	1	1	2	1	1	3	3	2	3	3	2	5	1	2	2	1	1	1
46500	-188.599207895588279	-195.454695846547651	6.855487950959373	0.000080000000000	0.000020000000000	0.250000000000000	0.561909373861948	4	8	7	5	6	6	7	7	7	8	10	10	11	13	12	11	15	14	16	17	19	17	21	22	25	29	33	41	43	44	47	0	7	4	1	1	1	4	4	5	6	9	9	6	16	8	8	8	12	11	17	10	13	22	17	21	0	26	27	28	29	30	1	1	1	1	1	1	1	1	1	1	2	1	3	1	3	2	4	2	3	1	5	3	1	3	2	1	2	4	2	1	1
47000	-214.061041572211309	-220.916529523170681	6.855487950959373	0.000080000000000	0.000020000000000	0.250000000000000	0.407197166650202	3	8	7	5	6	5	7	7	6	8	9	11	10	13	12	11	14	13	15	18	20	17	21	19	25	31	33	41	44	45	46	0	7	4	1	1	1	4	4	6	6	9	13	10	16	8	8	15	12	12	16	22	12	22	15	23	0	26	27	28	29	29	1	1	1	1	2	1	1	2	1	2	3	1	1	2	3	2	1	1	2	2	2	3	2	2	2	1	1	4	2	1	1
47500	-196.202843699325626	-203.058331650284998	6.855487950959373	0.000080000000000	0.000020000000000	0.250000000000000	0.499509350559324	4	8	7	6	7	5	7	7	7	7	10	11	12	11	11	12	15	14	16	18	19	18	21	21	25	30	34	40	42	45	47	0	7	4	1	1	1	4	4	6	6	10	9	9	8	8	15	16	12	12	16	18	13	22	15	21	0	26	27	28	29	30	1	1	1	1	1	1	1	1	1	1	2	2	2	2	2	1	2	1	3	3	2	3	2	5	2	1	1	3	1	2	1
48000	-204.156461204754891	-211.011949155714262	6.855487950959373	0.000080000000000	0.000020000000000	0.250000000000000	0.408566242529713	4	8	6	5	6	6	7	8	9	8	10	10	10	12	11	12	15	14	15	18	19	17	22	20	26	29	34	39	43	45	47	0	7	4	1	1	1	4	4	6	6	10	6	10	8	8	15	15	9	18	16	10	9	22	22	21	0	26	27	28	29	30	1	1	1	1	1	1	1	1	2	1	1	2	1	2	2	1	2	2	1	3	5	4	3	2	5	1	1	2	2	1	2
48500	-181.421442164629042	-188.276930115588414	6.855487950959373	0.000080000000000	0.000020000000000	0.250000000000000	0.565079829872497	4	8	7	5	7	6	7	7	8	8	10	10	11	12	11	10	15	13	14	17	20	16	21	21	25	31	33	41	43	45	47	0	7	4	1	1	1	4	4	6	6	9	6	6	16	8	8	16	12	18	17	13	13	22	17	21	0	26	27	28	29	30	1	1	1	1	2	1	1	1	1	1	1	2	2	1	2	2	2	1	1	1	5	2	2	5	2	1	1	4	1	1	1
49000	-191.491370919345712	-198.346858870305084	6.855487950959373	0.000080000000000	0.000020000000000	0.250000000000000	0.572784297016370	4	8	7	6	6	6	7	7	8	8	11	10	12	13	12	11	14	14	16	17	21	17	22	22	24	31	32	40	43	45	47	0	7	4	1	1	1	4	4	4	6	10	6	6	8	8	8	16	12	18	17	13	18	22	16	21	0	26	27	28	28	30	1	1	1	1	1	1	1	1	1	1	2	2	2	2	3	2	2	2	1	2	4	2	3	6	1	1	1	3	1	2	1
49500	-207.830415107519769	-214.685903058479141	6.855487950959373	0.000080000000000	0.000020000000000	0.250000000000000	0.671758268273259	4	8	7	6	5	7	7	7	8	9	10	9	12	13	12	11	13	14	17	16	19	15	21	22	22	31	33	40	43	45	47	0	7	4	1	1	1	4	4	5	6	10	6	10	16	8	8	16	12	18	16	13	12	22	14	22	0	26	27	28	28	30	1	1	1	1	1	2	1	1	1	1	1	1	1	2	2	2	1	2	1	3	2	2	3	3	4	1	1	3	2	2	1
50000	-199.808127150027786	-206.663615100987158	6.855487950959373	0.000080000000000	0.000020000000000	0.250000000000000	0.638940006222529	4	8	7	6	6	7	7	8	8	8	10	11	9	11	11	12	15	15	16	16	21	17	21	22	25	30	33	40	43	45	47	0	7	4	1	1	1	4	4	6	6	10	13	6	8	8	15	16	12	18	16	18	18	22	18	22	0	26	27	28	28	30	1	1	1	1	1	1	1	1	1	1	1	2	1	2	2	1	2	3	1	2	2	1	2	2	4	1	2	3	2	3	1
50500	-198.834796505060439	-205.690284456019810	6.855487950959373	0.000080000000000	0.000020000000000	0.250000000000000	0.472283214975321	4	8	6	5	6	6	7	7	8	8	10	11	11	12	11	11	13	13	15	18	20	18	22	23	24	31	33	40	43	45	48	0	7	4	1	1	1	4	4	6	6	10	9	9	16	8	8	16	13	12	16	9	10	22	16	22	0	26	27	28	29	30	1	1	1	1	2	2	1	1	1	2	1	1	2	1	2	2	1	1	2	3	5	5	1	6	3	1	1	3	2	2	2
51000	-213.296440725329944	-220.151928676289316	6.855487950959373	0.000080000000000	0.000020000000000	0.250000000000000	0.469755733225912	4	8	7	6	7	7	7	8	6	8	11	10	12	13	11	10	15	15	17	17	19	17	21	22	25	31	34	39	43	44	47	0	7	4	1	1	9	4	4	1	9	6	9	6	8	8	8	16	12	13	17	18	13	22	19	21	0	26	27	28	29	29	1	1	1	1	2	1	1	2	1	1	3	2	4	2	2	1	2	3	4	1	1	2	2	3	3	1	3	2	2	1	2
51500	-197.769334853241446	-204.624822804200818	6.855487950959373	0.000080000000000	0.000020000000000	0.250000000000000	0.699213742853255	4	8	7	5	7	6	7	7	9	9	10	8	12	12	10	11	14	14	16	16	21	17	22	22	25	30	34	38	42	44	47	0	7	4	1	1	1	4	4	6	12	10	6	11	8	8	8	16	9	18	17	11	13	22	17	21	0	26	27	28	29	30	1	1	1	1	2	1	2	1	2	1	1	1	1	2	2	2	2	3	1	1	4	2	1	3	1	1	2	2	2	1	1
52000	-205.156488738449070	-212.011976689408442	6.855487950959373	0.000080000000000	0.000020000000000	0.250000000000000	0.485654495215067	3	8	7	6	5	6	7	7	8	9	11	11	12	13	12	12	15	15	17	16	21	17	21	23	23	31	34	40	43	46	47	0	7	4	1	1	1	4	4	6	6	10	9	9	16	8	8	16	12	12	16	19	13	22	19	22	0	26	27	28	29	29	1	1	1	1	1	1	1	1	1	1	1	2	2	1	3	3	2	1	4	2	2	2	2	4	3	1	2	3	2	2	2
52500	-204.706164098093979	-211.561652049053350	6.855487950959373	0.000080000000000	0.000020000000000	0.250000000000000	0.519851471069547	4	8	6	5	6	7	7	8	8	8	10	10	11	12	10	11	13	15	15	17	19	17	21	22	25	31	33	40	43	45	46	0	7	4	1	1	1	4	4	6	6	6	6	9	8	8	8	8	11	6	16	12	18	22	17	21	0	26	27	28	29	29	1	1	1	1	1	2	1	2	1	1	2	2	2	2	1	2	2	1	2	2	5	1	2	3	3	1	1	3	2	1	2
53000	-190.830001865802103	-197.685489816761475	6.855487950959373	0.000080000000000	0.000020000000000	0.250000000000000	0.647229384151598	4	8	6	5	6	6	7	8	8	8	10	11	12	12	11	11	13	14	16	17	20	17	20	20	26	29	32	40	43	45	47	0	7	4	1	1	1	3	4	6	6	9	9	11	16	8	8	8	13	12	16	22	12	22	8	22	0	26	27	28	29	30	1	1	1	1	1	1	1	2	1	2	1	2	1	1	1	2	2	1	3	3	1	3	2	5	3	1	2	3	1	1	1
53500	-201.284841087691859	-208.140329038651231	6.855487950959373	0.000080000000000	0.000020000000000	0.250000000000000	0.592151348458263	4	7	6	5	6	6	6	8	8	8	10	10	12	13	11	12	13	15	15	18	19	17	21	22	24	30	34	41	44	46	47	0	7	4	1	4	1	4	4	6	6	10	9	12	8	8	8	16	12	12	16	19	12	22	8	22	0	26	27	28	29	30	1	1	1	1	1	1	1	1	1	1	1	1	1	2	2	1	1	1	3	2	2	3	2	6	3	1	2	3	2	1	1
54000	-198.540611244480431	-205.396099195439803	6.855487950959373	0.000080000000000	0.000020000000000	0.250000000000000	0.638935688366795	4	8	7	5	6	6	7	7	8	9	9	10	12	12	12	10	14	14	16	16	21	17	21	22	24	30	33	40	42	44	48	0	7	4	1	1	1	4	4	6	9	6	9	9	8	8	8	14	13	13	14	12	13	22	20	22	0	26	27	28	29	30	1	1	2	1	1	1	1	1	1	1	2	1	2	3	2	2	1	1	2	2	4	2	2	3	2	1	2	2	1	1	2
54500	-210.310556132575897	-217.166044083535269	6.855487950959373	0.000080000000000	0.000020000000000	0.250000000000000	0.404816889289425	3	8	6	5	6	5	7	7	8	6	10	9	11	13	10	11	15	14	16	17	21	18	20	23	25	30	34	40	42	45	48	0	7	4	1	1	1	4	5	10	6	5	1	12	16	8	8	16	11	18	17	5	9	22	17	21	0	26	27	28	29	30	1	1	1	1	1	1	1	1	1	1	2	2	1	1	2	2	3	2	1	1	6	7	1	3	2	1	2	2	1	2	1
55000	-199.906862448831959	-206.762350399791330	6.855487950959373	0.000080000000000	0.000020000000000	0.250000000000000	0.423680636748026	4	8	7	6	6	6	7	8	9	9	11	10	12	12	12	11	12	13	16	16	20	17	21	22	24	30	34	39	43	45	48	0	7	4	1	1	1	4	4	6	6	12	6	10	8	8	8	8	12	18	16	11	13	22	16	22	0	26	27	28	29	30	1	1	1	1	1	1	1	2	2	2	1	2	2	2	2	2	3	1	2	3	3	3	2	5	3	1	3	3	2	1	2
55500	-207.975343513082606	-214.830831464041978	6.855487950959373	0.000080000000000	0.000020000000000	0.250000000000000	0.599215886431031	4	8	6	5	5	7	6	7	8	8	10	10	11	12	12	12	15	13	16	17	20	16	22	23	23	30	33	41	43	46	48	0	7	4	1	1	1	4	4	1	6	10	9	6	8	8	8	16	12	18	16	11	18	22	17	21	0	26	27	28	29	29	1	1	1	1	1	2	1	2	2	1	1	1	3	2	2	2	2	2	2	2	5	2	2	5	2	1	1	3	1	2	2
56000	-204.388676848081531	-211.244164799040902	6.855487950959373	0.000080000000000	0.000020000000000	0.250000000000000	0.574620446504212	5	8	7	6	6	6	7	8	8	7	9	10	11	12	12	11	14	13	16	17	18	16	18	23	26	30	34	39	42	45	47	0	7	4	1	1	1	4	4	6	6	10	9	12	8	8	8	16	12	10	16	11	13	22	17	22	0	26	27	28	29	30	1	1	1	1	1	1	1	2	1	1	1	1	1	2	2	1	2	1	4	3	4	2	1	4	4	1	3	2	1	1	1
56500	-205.184767209095583	-212.040255160054954	6.855487950959373	0.000080000000000	0.000020000000000	0.250000000000000	0.498895533991594	3	8	7	5	5	6	7	7	8	8	9	11	11	12	11	12	15	14	16	14	18	16	22	22	24	30	32	40	43	45	47	0	7	4	1	1	5	4	4	1	6	10	9	9	8	8	8	16	9	18	15	18	13	22	8	22	0	26	27	28	29	30	1	1	1	1	2	1	1	2	2	1	1	2	2	2	2	2	2	3	1	2	2	4	3	8	5	1	1	4	2	1	1
57000	-197.465207745442598	-204.320695696401970	6.855487950959373	0.000080000000000	0.000020000000000	0.250000000000000	0.692034141685366	4	8	7	6	6	6	7	7	9	8	10	11	11	11	9	12	13	14	16	18	18	18	22	22	22	31	33	41	43	45	47	0	7	4	1	1	1	4	4	6	6	10	9	9	8	8	15	16	13	18	17	12	9	22	20	21	0	26	27	28	29	30	1	1	1	1	1	1	1	1	1	1	1	1	1	2	1	2	1	3	1	3	2	5	2	2	2	1	1	4	1	1	2
57500	-195.472122259394382	-202.327610210353754	6.855487950959373	0.000080000000000	0.000020000000000	0.250000000000000	0.611236286546929	4	8	6	5	5	6	7	7	8	8	11	11	10	12	10	10	15	13	16	17	19	15	21	22	23	30	33	40	43	46	47	0	7	4	1	1	1	4	4	6	6	10	9	9	16	8	8	15	9	18	17	22	9	22	17	23	0	26	27	28	29	30	1	1	1	1	1	1	1	1	1	1	1	1	1	1	2	1	2	2	2	1	2	4	2	4	1	1	2	4	2	2	1
58000	-198.082959856178661	-204.938447807138033	6.855487950959373	0.000080000000000	0.000020000000000	0.250000000000000	0.619375020523089	4	7	6	5	7	6	6	7	9	9	11	10	11	12	12	11	15	15	16	17	20	17	22	22	24	29	33	40	42	44	47	0	7	4	1	1	1	4	4	6	6	10	6	9	16	16	8	16	13	18	17	10	12	22	17	21	0	26	27	28	29	29	1	1	1	1	1	1	1	2	2	2	1	2	1	1	1	2	2	2	1	2	4	4	2	4	1	1	3	3	1	1	2
58500	-222.810368788777282	-229.665856739736654	6.855487950959373	0.000080000000000	0.000020000000000	0.250000000000000	0.529601318295534	4	8	7	6	6	6	7	8	9	9	10	11	12	11	12	12	14	13	16	18	20	15	21	22	24	31	33	41	42	45	48	0	7	4	1	1	1	4	4	6	6	10	4	11	8	8	4	16	10	18	17	22	12	22	8	11	0	26	27	28	28	29	1	1	1	1	1	1	1	1	1	1	1	2	1	1	2	3	1	1	2	2	2	3	2	5	6	1	1	3	1	2	3
59000	-204.306264482173617	-211.161752433132989	6.855487950959373	0.000080000000000	0.000020000000000	0.250000000000000	0.353732197926819	4	8	7	5	6	6	7	7	9	9	11	11	11	12	11	12	14	13	15	17	19	17	20	22	24	30	33	39	43	45	47	0	7	4	1	1	1	4	4	6	1	9	9	6	8	8	5	15	6	12	16	6	18	22	16	21	0	26	27	28	29	30	1	1	1	1	1	1	1	1	2	3	2	2	2	2	2	3	2	3	2	2	7	2	2	6	2	1	2	3	2	1	1
59500	-205.989728708448666	-212.845216659408038	6.855487950959373	0.000080000000000	0.000020000000000	0.250000000000000	0.603850113684104	3	8	7	6	6	6	7	7	8	9	11	9	11	12	11	12	14	13	14	16	21	17	21	23	24	30	33	40	44	46	47	0	7	4	1	1	1	6	4	6	9	10	9	12	15	8	8	16	9	13	16	18	13	22	15	21	0	26	27	28	29	30	1	1	1	1	1	2	1	1	1	1	1	1	1	1	2	2	1	2	1	3	3	2	3	5	1	1	1	4	3	2	1
60000	-186.580988717010769	-193.436476667970140	6.855487950959373	0.000080000000000	0.000020000000000	0.250000000000000	0.597590063402546	4	8	7	6	6	6	7	8	8	8	10	10	10	12	11	11	15	14	17	17	20	17	22	21	25	31	33	40	43	45	46	0	7	4	1	1	1	4	4	6	6	10	6	6	8	8	8	8	12	18	17	22	9	22	17	23	0	26	27	28	29	29	1	1	1	1	1	1	1	1	1	1	1	2	2	2	1	2	3	2	2	1	2	3	2	2	2	1	1	3	1	2	2
60500	-190.335228183527192	-197.190716134486564	6.855487950959373	0.000080000000000	0.000020000000000	0.250000000000000	0.742947457348727	4	8	7	5	5	6	7	8	9	8	11	10	10	13	10	11	15	14	16	18	19	17	22	22	25	31	34	41	43	45	47	0	7	4	1	1	1	4	4	6	6	9	10	6	16	8	15	15	9	18	17	11	18	21	17	21	0	26	27	28	29	30	1	1	1	1	1	1	1	2	2	1	1	1	2	1	2	1	2	2	1	2	4	2	1	3	2	1	1	3	1	1	1
61000	-201.629962467072090	-208.485450418031462	6.855487950959373	0.000080000000000	0.000020000000000	0.250000000000000	0.387258788534575	4	7	7	5	6	5	6	8	9	8	10	10	9	12	11	12	14	15	16	17	20	16	19	21	25	31	33	41	43	45	47	0	7	4	1	1	1	4	4	6	6	10	6	6	8	8	8	8	9	18	16	12	10	22	8	21	0	26	27	28	29	30	1	1	1	1	1	1	1	3	2	2	1	2	2	2	2	2	2	4	1	3	5	5	1	6	2	1	2	4	1	1	1
61500	-198.561469592414994	-205.416957543374366	6.855487950959373	0.000080000000000	0.000020000000000	0.250000000000000	0.590806717070915	4	8	7	6	6	6	7	8	9	8	11	10	11	13	9	10	14	14	16	18	20	18	20	22	25	30	34	40	43	46	47	0	7	4	1	1	1	4	4	5	6	10	1	10	8	8	5	16	13	18	16	18	13	22	20	22	0	26	27	28	29	30	1	1	1	1	1	2	1	1	2	1	1	2	2	2	1	2	2	1	1	5	3	4	1	2	4	1	2	2	2	1	1
62000	-191.916445966404495	-198.771933917363867	6.855487950959373	0.000080000000000	0.000020000000000	0.250000000000000	0.695538136581142	4	7	7	5	7	6	6	6	8	8	10	10	11	12	11	11	14	15	14	16	20	16	21	22	26	29	34	39	41	45	47	0	7	4	1	1	1	4	4	6	6	10	9	12	8	8	8	14	19	12	16	9	13	22	21	21	0	26	27	28	29	30	1	1	1	1	1	1	1	1	1	1	2	1	1	3	2	2	1	1	2	2	6	2	2	1	2	1	2	3	1	2	1
62500	-191.620465769608955	-198.475953720568327	6.855487950959373	0.000080000000000	0.000020000000000	0.250000000000000	0.609937806085961	4	8	6	5	6	6	7	7	8	8	11	10	11	12	11	12	14	13	16	17	20	16	21	23	24	30	33	40	43	45	47	0	7	4	1	1	1	4	4	6	6	10	9	12	8	8	8	16	13	9	8	13	9	22	16	21	0	26	27	28	29	30	1	1	1	1	1	1	1	2	1	2	1	1	1	2	2	2	1	1	3	5	5	3	2	6	2	1	2	3	1	1	1
63000	-199.333920437041570	-206.189408388000942	6.855487950959373	0.000080000000000	0.000020000000000	0.250000000000000	0.619693263472199	4	8	7	6	6	6	7	7	9	8	10	10	10	13	9	12	15	15	17	17	20	17	21	22	26	30	34	40	42	46	45	0	7	4	1	1	1	4	4	6	6	9	1	6	8	8	8	16	9	18	16	13	13	22	14	21	0	26	27	28	31	29	1	1	1	1	1	1	1	1	2	1	1	3	2	2	1	2	1	2	1	2	3	3	2	4	3	1	2	3	2	1	1
63500	-214.607181909818962	-221.462669860778334	6.855487950959373	0.000080000000000	0.000020000000000	0.250000000000000	0.654788255627214	4	8	7	5	5	6	7	7	8	9	10	11	11	12	10	11	14	15	17	14	20	18	22	22	24	31	33	41	43	46	45	0	7	4	1	1	1	4	4	6	8	9	9	6	16	8	8	15	12	18	16	19	19	22	16	23	0	26	27	28	31	29	1	1	1	1	1	1	1	1	2	1	1	1	3	1	2	2	2	1	2	2	1	1	2	5	2	1	1	3	1	1	1
64000	-206.659095843401275	-213.514583794360647	6.855487950959373	0.000080000000000	0.000020000000000	0.250000000000000	0.540532709338655	3	8	7	5	5	6	7	6	8	8	11	10	10	12	12	11	15	14	15	15	21	17	20	23	25	30	33	41	43	45	47	0	7	4	1	1	1	4	4	6	6	10	6	6	16	8	8	16	13	13	16	18	13	22	22	22	0	26	27	28	29	30	1	1	2	1	1	1	1	1	1	2	2	2	2	1	3	2	2	3	4	2	3	4	1	2	4	1	2	4	1	1	2
64500	-187.745489984744125	-194.600977935703497	6.855487950959373	0.000080000000000	0.000020000000000	0.250000000000000	0.620677263149933	4	8	7	6	6	6	7	7	8	8	10	10	11	12	10	12	14	14	17	17	19	18	21	23	22	30	33	39	43	45	47	0	7	4	1	1	1	4	4	6	6	9	6	5	8	4	8	14	13	18	16	13	13	22	16	22	0	26	27	28	29	29	1	1	1	2	1	1	1	1	2	1	1	2	2	2	2	3	1	1	2	2	3	4	1	5	2	1	2	3	2	1	2
65000	-202.492449370005744	-209.347937320965116	6.855487950959373	0.000080000000000	0.000020000000000	0.250000000000000	0.625195120104592	4	8	7	5	6	6	7	7	9	8	10	11	11	12	10	10	14	14	17	17	19	18	20	21	24	31	34	39	44	46	47	0	7	4	1	1	1	4	4	6	6	10	11	9	15	4	8	16	13	18	17	12	10	22	17	13	0	26	27	28	29	29	1	1	1	1	1	1	1	1	2	2	1	1	1	1	2	1	2	1	2	2	4	3	1	4	6	1	2	3	2	1	1
65500	-219.469880654141718	-226.325368605101090	6.855487950959373	0.000080000000000	0.000020000000000	0.250000000000000	0.487261577397759	4	8	7	5	6	7	7	7	9	8	10	10	11	13	11	10	15	14	16	18	21	17	22	22	25	31	33	41	43	44	47	0	7	4	1	1	1	4	5	6	1	10	6	4	16	8	8	16	10	18	14	9	6	21	16	18	0	26	27	28	28	30	1	1	1	1	2	1	1	1	1	2	1	2	4	2	2	2	2	3	1	3	6	3	1	4	6	1	2	3	1	2	1
66000	-205.801314209291462	-212.656802160250834	6.855487950959373	0.000080000000000	0.000020000000000	0.250000000000000	0.510021405926565	5	8	7	6	7	7	7	7	8	9	11	10	11	13	11	12	14	12	16	17	19	18	21	22	25	30	33	41	44	45	48	0	7	4	1	1	1	4	4	6	6	10	9	9	8	8	8	14	12	18	14	13	13	22	16	21	0	26	27	28	29	30	1	1	1	1	1	1	1	1	1	1	2	1	2	3	2	2	1	2	1	3	4	4	3	2	3	1	2	3	2	1	1
66500	-194.826258766126159	-201.681746717085531	6.855487950959373	0.000080000000000	0.000020000000000	0.250000000000000	0.420175483326623	3	8	7	5	5	5	7	8	8	8	10	10	11	12	12	11	15	14	16	17	19	18	22	23	26	30	32	40	43	45	47	0	7	4	1	1	1	6	4	6	6	10	10	1	8	8	8	16	12	18	17	11	13	22	17	22	0	26	27	28	29	30	1	1	1	1	1	2	1	1	2	2	1	1	5	2	2	1	2	2	1	1	6	3	2	4	3	1	1	4	2	1	1
67000	-183.242198367490118	-190.097686318449490	6.855487950959373	0.000080000000000	0.000020000000000	0.250000000000000	0.551136361246334	4	8	7	6	6	6	7	8	8	7	10	10	12	10	11	11	15	15	16	18	19	18	21	23	26	30	33	40	43	45	47	0	7	4	1	1	1	4	4	6	6	10	6	12	8	8	8	8	9	18	17	9	18	21	17	21	0	26	27	28	29	30	1	1	1	1	1	1	1	1	1	1	2	2	1	1	2	2	3	3	1	2	5	1	1	4	4	1	2	3	2	1	1
67500	-194.056321931656214	-200.911809882615586	6.855487950959373	0.000080000000000	0.000020000000000	0.250000000000000	0.496098599056034	5	8	7	6	7	6	7	7	9	9	11	10	11	12	11	10	15	14	17	16	19	17	21	21	25	31	33	40	43	45	47	0	7	4	1	1	1	4	4	6	6	9	6	6	15	8	8	8	10	18	16	18	18	22	17	18	0	26	27	28	29	29	1	1	1	1	1	1	1	1	1	2	1	2	3	1	2	2	3	3	2	3	3	2	2	3	5	1	1	4	2	2	2
68000	-201.896665787279659	-208.752153738239031	6.855487950959373	0.000080000000000	0.000020000000000	0.250000000000000	0.419518915391724	5	8	7	6	6	6	7	7	9	8	10	9	11	12	11	11	13	13	16	17	20	16	21	22	25	30	32	40	44	46	48	0	7	4	1	1	1	4	4	6	6	10	6	6	8	8	8	15	12	18	17	10	13	22	17	22	0	26	27	28	29	30	1	1	1	1	1	1	1	1	2	1	1	2	2	2	3	2	1	3	1	3	5	4	2	5	4	1	2	3	2	1	1
68500	-193.200729896377084	-200.056217847336455	6.855487950959373	0.000080000000000	0.000020000000000	0.250000000000000	0.444593669168983	4	8	6	5	5	6	7	6	9	8	10	10	11	13	11	12	15	14	16	17	19	17	21	22	24	30	33	39	43	45	47	0	7	4	1	1	1	3	4	6	6	6	6	6	15	8	15	15	9	18	17	13	9	22	15	22	0	26	27	28	29	30	1	1	1	1	1	1	1	1	2	2	2	2	2	1	3	1	2	3	2	2	5	4	3	6	4	1	1	3	2	1	1
69000	-195.993797619136103	-202.849285570095475	6.855487950959373	0.000080000000000	0.000020000000000	0.250000000000000	0.643925914791333	5	8	7	6	7	6	7	8	8	8	9	10	12	12	11	12	14	14	15	17	19	17	20	22	23	30	32	40	43	45	48	0	7	4	1	1	1	4	4	6	6	10	9	10	8	8	8	16	9	13	16	13	12	13	16	23	0	26	27	28	29	30	1	1	1	1	1	1	1	1	1	1	1	1	2	2	2	3	1	4	2	2	3	4	4	4	1	1	1	4	2	1	2
69500	-197.804637724333503	-204.660125675292875	6.855487950959373	0.000080000000000	0.000020000000000	0.250000000000000	0.481010317019467	4	8	6	5	5	6	7	8	7	8	10	9	12	13	12	11	13	13	15	17	21	17	19	23	25	31	33	40	43	45	47	0	7	4	1	1	1	3	4	6	6	10	9	6	8	8	8	16	13	18	17	22	9	22	15	22	0	26	27	28	29	30	1	1	1	1	1	1	1	2	1	2	1	2	2	2	3	2	1	1	1	2	2	5	1	5	5	1	1	2	1	1	1
70000	-205.281444423248388	-212.136932374207760	6.855487950959373	0.000080000000000	0.000020000000000	0.250000000000000	0.621893147469711	3	7	5	4	7	6	6	7	7	8	11	10	10	12	11	11	14	15	17	18	19	17	20	22	25	31	33	38	43	45	47	0	7	4	1	1	1	3	4	6	6	10	9	9	15	8	8	15	13	18	17	18	18	22	8	18	0	26	27	28	29	29	1	1	1	1	2	1	1	2	1	1	1	2	1	1	2	2	1	4	1	2	2	1	1	6	4	1	2	3	2	1	1
70500	-196.087676631399745	-202.943164582359117	6.855487950959373	0.000080000000000	0.000020000000000	0.250000000000000	0.582703458120703	4	8	6	5	6	7	7	8	6	8	11	11	11	12	10	11	15	14	16	17	18	18	22	21	25	31	33	40	43	45	47	0	7	4	1	1	9	4	4	1	9	10	6	6	8	8	8	8	9	18	17	13	13	22	16	22	0	26	27	28	28	30	1	1	1	1	1	1	1	2	2	1	2	2	2	2	1	2	3	2	1	1	3	4	2	4	3	1	1	4	2	3	1
71000	-194.489776374299339	-201.345264325258711	6.855487950959373	0.000080000000000	0.000020000000000	0.250000000000000	0.559640426208010	4	8	7	6	6	6	7	8	8	7	10	10	11	13	10	10	12	14	16	16	20	17	22	20	25	28	33	39	43	45	47	0	7	4	1	1	1	4	4	6	6	10	6	9	8	8	8	16	12	18	17	22	13	22	8	21	0	26	27	28	29	29	1	1	1	1	1	1	1	2	1	1	2	2	2	1	1	1	1	2	1	2	2	3	2	7	2	1	2	3	2	1	3
71500	-196.404558267499624	-203.260046218458996	6.855487950959373	0.000080000000000	0.000020000000000	0.250000000000000	0.612399679975284	5	8	7	6	7	7	7	8	9	8	11	11	11	12	11	12	14	13	15	17	21	18	22	22	25	31	33	40	44	44	48	0	7	4	1	1	1	4	4	6	6	10	9	6	8	8	8	8	13	18	16	13	12	22	8	21	0	26	27	28	28	30	1	1	1	1	1	1	1	1	1	1	2	1	2	2	2	2	2	1	1	2	4	3	3	8	2	1	1	4	2	2	1
72000	-216.123697266822745	-222.979185217782117	6.855487950959373	0.000080000000000	0.000020000000000	0.250000000000000	0.417444339737116	3	8	7	4	6	6	7	8	8	9	11	11	12	12	11	11	15	14	17	16	20	17	20	21	26	28	32	40	42	46	47	0	7	4	1	1	4	4	6	6	6	10	6	6	8	8	8	16	12	18	8	13	13	22	17	21	0	26	27	28	29	30	1	1	1	1	2	2	1	2	1	1	1	4	3	3	1	2	3	2	1	4	4	3	2	3	2	1	3	3	1	2	1
72500	-192.626457161491658	-199.481945112451029	6.855487950959373	0.000080000000000	0.000020000000000	0.250000000000000	0.523016887865052	4	8	7	5	6	6	7	8	8	8	10	9	12	12	10	11	14	14	16	16	20	18	22	20	24	30	33	39	42	45	47	0	7	4	1	1	1	4	4	6	6	1	9	12	15	8	15	16	13	18	16	22	13	22	8	23	0	26	27	28	29	30	1	1	1	1	1	1	1	2	1	1	3	1	2	1	2	1	2	1	2	2	1	3	2	5	1	1	2	3	2	2	1
73000	-187.713471165453313	-194.568959116412685	6.855487950959373	0.000080000000000	0.000020000000000	0.250000000000000	0.696666356091465	4	8	7	6	6	5	7	8	8	7	10	10	11	11	10	12	14	15	17	18	20	17	21	21	25	30	34	41	43	45	47	0	7	4	6	1	1	4	4	6	6	10	9	12	8	8	15	16	13	18	16	22	13	22	20	22	0	26	27	28	29	29	1	1	1	1	1	1	1	1	1	1	1	1	1	1	1	1	1	2	1	3	1	3	2	2	5	1	2	2	1	1	2
73500	-207.639618230512838	-214.495106181472210	6.855487950959373	0.000080000000000	0.000020000000000	0.250000000000000	0.520082646538166	4	8	7	6	6	6	7	7	9	9	10	10	12	13	11	10	14	14	17	18	21	14	21	21	23	30	33	40	44	46	47	0	7	4	1	1	1	4	4	6	4	9	6	9	8	8	8	16	12	12	17	18	12	22	4	22	0	26	27	28	29	29	1	1	1	2	1	1	1	1	1	2	1	3	2	2	2	1	2	2	4	2	4	1	3	7	4	1	1	4	2	1	2
74000	-209.658775269568821	-216.514263220528193	6.855487950959373	0.000080000000000	0.000020000000000	0.250000000000000	0.783045680523421	4	8	7	6	7	6	7	8	8	8	11	11	10	13	11	11	13	15	17	17	20	17	20	22	24	29	33	41	43	45	48	0	7	4	1	1	1	4	4	6	6	10	6	1	16	8	8	16	10	18	17	18	12	22	20	21	0	26	27	28	29	30	1	1	1	1	1	1	1	1	1	1	2	2	5	1	3	1	2	2	1	2	2	3	1	2	1	1	2	3	1	1	2
74500	-208.909949859325650	-215.765437810285022	6.855487950959373	0.000080000000000	0.000020000000000	0.250000000000000	0.603042513026638	4	8	6	5	6	6	10	8	7	9	10	10	10	12	12	12	14	13	16	17	20	17	20	23	24	31	33	40	42	44	46	0	4	4	1	4	1	2	4	6	9	9	10	6	8	8	8	8	6	18	17	12	18	22	17	22	0	26	27	28	29	29	1	2	1	1	1	2	1	1	1	2	2	1	2	2	2	2	2	3	2	2	4	3	1	4	3	1	1	2	1	1	2
75000	-211.801439137096082	-218.656927088055454	6.855487950959373	0.000080000000000	0.000020000000000	0.250000000000000	0.460792228583620	4	7	6	5	6	6	10	8	8	9	11	10	10	13	11	11	14	14	17	17	20	18	21	19	25	29	33	41	43	46	47	0	4	4	1	1	1	2	4	6	6	10	6	6	8	8	7	16	6	18	14	18	12	22	17	22	0	26	27	28	29	29	1	1	1	1	1	1	2	2	2	1	1	2	2	2	2	1	2	4	2	3	3	3	2	2	5	1	2	4	2	2	3
75500	-210.243420516092641	-217.098908467052013	6.855487950959373	0.000080000000000	0.000020000000000	0.250000000000000	0.401459314321551	4	8	6	5	7	6	10	7	8	9	10	10	11	13	11	11	15	13	17	18	18	17	21	19	25	30	34	41	43	45	47	0	4	4	1	1	1	2	4	6	6	9	6	6	8	8	8	4	9	13	16	12	13	22	20	12	0	26	27	28	29	30	1	2	1	1	1	1	2	1	2	2	1	2	3	2	2	2	4	3	3	3	5	3	2	1	9	1	2	3	1	1	1
76000	-197.597096182252386	-204.452584133211758	6.855487950959373	0.000080000000000	0.000020000000000	0.250000000000000	0.509925361331514	4	7	7	5	7	6	9	7	8	8	11	9	11	13	11	12	14	14	14	17	20	17	19	21	26	30	33	40	42	45	48	0	4	4	1	1	1	2	4	6	1	6	6	6	8	8	8	14	13	10	17	9	11	22	21	21	0	26	27	28	29	30	1	1	1	1	2	1	1	1	1	3	3	1	2	3	2	3	1	2	3	2	6	3	1	1	3	1	1	2	1	2	2
76500	-201.977298940070767	-208.832786891030139	6.855487950959373	0.000080000000000	0.000020000000000	0.250000000000000	0.498079106571335	4	7	6	5	6	6	9	7	9	8	10	10	12	12	11	11	14	14	17	17	20	16	21	23	26	29	33	40	43	46	47	0	4	4	1	1	1	2	4	10	6	10	6	12	8	8	8	14	13	10	17	12	9	22	8	21	0	26	27	28	29	30	1	1	1	1	1	1	1	1	1	1	2	2	1	2	2	2	1	1	3	2	4	4	3	6	3	1	2	2	2	1	1
77000	-190.480296692584432	-197.335784643543803	6.855487950959373	0.000080000000000	0.000020000000000	0.250000000000000	0.527986055878505	4	7	7	6	6	6	9	7	8	8	11	9	11	10	12	12	14	14	16	18	19	16	21	22	24	29	33	39	43	45	47	0	4	4	1	1	1	2	4	6	6	12	9	9	8	8	14	8	12	18	17	13	18	22	17	21	0	26	27	28	29	29	1	1	1	1	1	1	1	1	1	1	1	1	2	2	2	1	4	4	1	2	4	2	2	5	1	1	2	3	2	1	2
77500	-197.418228091568324	-204.273716042527695	6.855487950959373	0.000080000000000	0.000020000000000	0.250000000000000	0.626097890142766	3	8	7	5	7	5	9	6	8	9	10	9	10	13	12	11	13	15	16	17	21	16	20	22	25	29	32	40	43	45	47	0	4	4	1	1	1	2	4	6	6	9	6	6	16	16	8	16	13	12	16	22	13	22	20	22	0	26	27	28	29	30	1	1	1	1	2	1	1	1	2	2	1	2	2	1	1	2	1	2	3	4	2	4	2	3	4	1	1	3	2	1	1
78000	-214.161895571410668	-221.017383522370039	6.855487950959373	0.000080000000000	0.000020000000000	0.250000000000000	0.463808431980777	4	8	6	5	7	6	10	7	8	8	10	11	10	12	11	11	14	14	17	16	21	16	20	22	24	30	33	41	42	46	45	0	3	4	1	1	1	2	4	6	6	9	9	6	16	8	8	16	6	9	15	19	12	22	16	21	0	26	27	28	29	28	1	1	1	1	1	1	1	1	2	1	1	2	2	1	2	1	2	4	4	2	2	3	2	6	2	1	1	4	1	2	3
78500	-184.901084562371892	-191.756572513331264	6.855487950959373	0.000080000000000	0.000020000000000	0.250000000000000	0.786097610741189	5	8	7	6	6	7	9	8	8	9	11	10	11	12	11	11	14	14	16	15	20	16	22	22	25	31	33	38	42	45	47	0	4	4	1	1	1	2	4	6	9	10	9	12	8	8	8	15	13	18	17	18	12	22	21	21	0	26	27	28	29	30	1	1	1	1	1	1	1	1	1	1	1	1	1	1	1	1	2	1	1	1	3	2	3	1	2	1	1	2	1	1	1
79000	-204.669499457109538	-211.524987408068910	6.855487950959373	0.000080000000000	0.000020000000000	0.250000000000000	0.559607414827165	4	8	7	6	6	5	10	8	9	8	10	11	11	12	12	12	13	13	15	17	20	18	21	23	25	30	32	40	42	45	46	0	4	4	1	1	1	2	4	6	6	9	9	6	8	8	8	14	9	12	16	13	12	22	21	21	0	26	27	28	29	29	1	1	1	1	1	1	1	1	2	2	1	1	3	2	3	2	1	2	1	3	4	3	1	3	2	1	1	4	1	2	3
79500	-201.467887290058798	-208.323375241018169	6.855487950959373	0.000080000000000	0.000020000000000	0.250000000000000	0.612502153555727	4	7	6	5	6	6	10	7	8	9	11	10	11	12	8	9	13	14	16	17	19	17	20	23	26	31	32	40	43	44	47	0	4	4	1	1	1	2	4	6	6	10	9	12	8	8	8	8	6	12	17	6	13	22	17	21	0	26	27	28	29	30	1	1	1	1	1	1	2	1	1	1	1	1	1	2	1	1	3	3	2	3	5	2	1	3	3	1	1	3	1	1	2
80000	-198.987470769518524	-205.842958720477895	6.855487950959373	0.000080000000000	0.000020000000000	0.250000000000000	0.618609344087003	4	7	7	6	5	6	9	7	9	9	11	11	12	13	11	12	13	15	16	17	19	17	20	22	25	30	33	39	42	45	47	0	4	4	1	1	1	2	4	6	1	6	9	9	15	8	8	15	12	18	17	22	13	22	15	22	0	26	27	28	29	30	1	1	1	1	1	1	1	1	2	2	2	1	2	1	2	3	2	2	1	2	1	2	2	4	3	1	1	4	2	1	1
80500	-202.387179789909368	-209.242667740868740	6.855487950959373	0.000080000000000	0.000020000000000	0.250000000000000	0.576154405261837	4	7	6	5	6	7	9	7	9	8	11	10	11	12	10	10	14	14	16	18	21	18	21	21	25	30	33	40	44	46	47	0	3	4	1	1	1	2	4	1	6	10	9	12	15	4	8	15	13	18	17	19	9	22	15	22	0	26	27	28	29	30	1	1	1	1	1	2	2	2	2	1	2	1	1	1	3	2	2	1	2	2	2	5	2	6	2	1	1	3	2	1	1
81000	-197.273139026297571	-204.128626977256943	6.855487950959373	0.000080000000000	0.000020000000000	0.250000000000000	0.500733296895201	4	7	7	6	6	7	9	7	9	8	10	10	12	12	11	11	14	14	16	15	19	18	21	21	24	30	32	41	44	45	47	0	4	4	1	1	5	2	4	6	6	10	1	6	8	8	8	16	13	6	16	12	9	22	15	22	0	26	27	28	29	30	1	1	1	1	1	1	1	1	1	1	1	3	2	3	2	2	2	1	3	2	4	4	1	4	2	1	1	3	2	1	1
81500	-211.446792871110262	-218.302280822069633	6.855487950959373	0.000080000000000	0.000020000000000	0.250000000000000	0.560083721256156	4	8	7	6	6	7	10	8	9	9	10	10	11	13	10	11	13	13	15	17	19	16	21	23	25	30	33	39	43	46	48	0	4	4	1	1	5	2	4	6	6	6	6	9	8	8	8	16	6	18	8	11	12	22	16	10	0	26	27	28	29	30	1	1	1	1	1	1	1	1	1	1	2	1	1	2	1	2	1	2	1	4	6	3	1	5	8	1	2	2	2	2	1
82000	-207.100379746232534	-213.955867697191906	6.855487950959373	0.000080000000000	0.000020000000000	0.250000000000000	0.500697803295405	4	7	7	6	7	6	10	8	7	8	10	10	11	12	12	10	12	15	16	17	21	18	20	23	26	30	33	40	42	46	47	0	4	4	1	1	1	2	4	6	9	10	9	9	8	8	4	16	12	18	17	13	13	22	21	12	0	26	27	28	29	29	1	1	1	1	2	1	2	1	1	1	1	2	3	1	1	2	2	3	1	2	6	4	2	1	9	1	2	3	1	2	3
82500	-218.255925215703826	-225.111413166663198	6.855487950959373	0.000080000000000	0.000020000000000	0.250000000000000	0.473374695838945	3	7	6	5	5	7	10	8	8	9	10	11	11	13	12	10	14	12	17	18	20	16	19	21	26	30	34	41	43	46	48	0	4	4	1	1	1	2	4	6	6	10	6	6	8	8	8	16	13	13	15	13	17	22	17	22	0	26	27	28	29	30	1	1	1	1	1	2	2	2	1	1	1	3	3	2	2	1	2	1	2	3	4	1	2	4	4	1	2	3	1	1	1
83000	-203.557999707119620	-210.413487658078992	6.855487950959373	0.000080000000000	0.000020000000000	0.250000000000000	0.608406214231941	5	7	7	6	7	6	10	8	9	8	11	10	12	13	11	11	14	14	16	17	20	18	21	20	24	31	32	41	43	45	47	0	4	4	1	1	1	2	4	6	6	10	6	6	8	8	8	16	10	18	17	18	11	22	16	21	0	26	27	28	29	30	1	1	1	1	1	1	2	1	1	2	2	1	2	2	1	1	3	3	1	1	3	3	1	3	2	1	1	5	1	2	1
83500	-200.328042032483040	-207.183529983442412	6.855487950959373	0.000080000000000	0.000020000000000	0.250000000000000	0.419798991150413	4	7	6	5	6	6	9	7	8	9	11	10	11	12	12	11	15	13	15	16	20	18	21	21	25	29	33	38	44	45	48	0	4	4	1	1	1	2	4	6	9	9	6	6	8	4	8	16	13	10	17	18	12	22	17	21	0	26	27	28	29	30	1	1	1	1	1	1	1	1	1	1	2	2	3	2	3	1	2	1	3	1	4	4	1	3	2	1	2	3	3	1	1
84000	-207.498230202693350	-214.353718153652721	6.855487950959373	0.000080000000000	0.000020000000000	0.250000000000000	0.521530630872739	3	7	6	5	5	6	9	8	8	8	11	10	11	12	11	12	14	14	17	17	20	18	21	21	26	30	33	41	43	45	48	0	4	4	1	1	4	2	4	1	6	10	6	9	8	8	15	16	9	6	16	22	13	22	17	22	0	26	27	28	29	30	1	1	1	1	1	1	2	2	3	1	2	2	2	2	1	1	1	3	7	3	1	4	2	4	3	1	1	4	1	2	2
84500	-205.376729171547765	-212.232217122507137	6.855487950959373	0.000080000000000	0.000020000000000	0.250000000000000	0.585572146727476	4	8	7	6	6	5	9	7	9	8	9	9	12	12	12	11	14	14	16	17	20	17	21	23	23	30	33	40	42	45	47	0	4	4	1	1	1	2	4	6	6	10	4	10	16	8	8	15	9	9	17	18	13	22	21	23	0	26	27	28	29	30	1	1	1	1	2	1	1	1	2	2	1	3	2	1	2	2	1	4	3	2	4	2	2	2	1	1	1	4	1	2	1
85000	-210.142206098308236	-216.997694049267608	6.855487950959373	0.000080000000000	0.000020000000000	0.250000000000000	0.427293892185952	2	6	6	5	6	7	8	7	8	9	9	10	11	13	9	10	14	13	16	17	20	17	21	23	25	31	33	40	43	45	47	0	4	4	1	1	1	2	4	5	5	6	6	9	16	8	8	16	9	18	16	13	13	22	16	22	0	26	27	28	29	30	1	1	1	1	2	2	1	1	1	1	2	2	2	1	1	1	2	2	2	3	4	3	1	5	5	1	1	3	2	1	1
85500	-198.802284891433999	-205.657772842393371	6.855487950959373	0.000080000000000	0.000020000000000	0.250000000000000	0.585158680379358	5	7	7	6	7	6	10	8	8	8	11	9	11	12	11	11	14	14	15	17	18	17	22	23	24	31	34	40	43	45	47	0	4	4	1	1	1	2	4	6	6	12	9	12	8	8	8	16	6	18	17	13	10	22	16	21	0	26	27	28	29	30	1	1	1	1	1	1	2	2	1	2	1	1	1	2	1	1	2	3	1	2	3	5	2	7	2	1	1	2	1	1	1
86000	-213.713298728905386	-220.568786679864758	6.855487950959373	0.000080000000000	0.000020000000000	0.250000000000000	0.697818780366297	4	7	6	5	6	6	10	7	8	8	10	8	12	13	11	11	15	14	16	18	20	15	21	20	25	29	34	38	43	45	47	0	4	4	1	1	1	2	4	6	5	9	6	12	16	8	8	15	13	18	17	17	12	22	14	21	0	26	27	28	29	30	1	1	1	1	2	2	2	1	1	1	1	1	2	1	2	2	2	2	1	2	3	3	3	2	2	1	2	2	2	1	1
86500	-194.398815198375871	-201.254303149335243	6.855487950959373	0.000080000000000	0.000020000000000	0.250000000000000	0.727525276626496	4	7	7	6	6	6	8	8	8	9	11	10	12	13	12	11	14	12	16	17	20	18	20	21	25	31	33	40	43	44	46	0	4	4	1	1	1	2	4	6	9	10	9	6	8	8	8	16	12	13	16	19	13	22	14	21	0	26	27	28	29	30	1	1	1	1	1	1	1	1	1	1	1	1	3	2	2	2	1	2	2	3	2	2	1	3	2	1	1	3	3	1	1
87000	-194.721943270696670	-201.577431221656042	6.855487950959373	0.000080000000000	0.000020000000000	0.250000000000000	0.428770389264759	4	7	7	6	6	6	9	8	8	9	10	10	11	12	11	12	14	14	16	16	21	17	20	22	26	29	33	41	43	46	47	0	4	4	1	1	1	2	4	6	6	10	10	12	8	8	15	16	13	18	16	22	13	22	15	21	0	26	27	28	29	30	1	1	1	1	1	1	2	1	1	2	1	1	1	2	2	1	1	1	2	2	2	2	2	5	2	1	2	3	1	2	1
87500	-204.232859649462199	-211.088347600421571	6.855487950959373	0.000080000000000	0.000020000000000	0.250000000000000	0.651145992222724	3	8	7	5	6	5	10	8	9	8	11	11	11	13	11	12	14	13	17	15	19	18	20	22	25	30	32	40	43	46	48	0	4	4	1	1	1	2	4	6	5	9	9	10	15	8	8	16	9	18	8	13	13	22	15	22	0	26	27	28	29	30	1	1	2	1	2	1	1	2	2	1	1	1	1	1	2	2	1	2	1	3	3	4	1	5	3	1	1	5	2	1	1
88000	-184.420351360878072	-191.275839311837444	6.855487950959373	0.000080000000000	0.000020000000000	0.250000000000000	0.539493560721384	4	7	7	5	6	6	9	7	7	8	10	9	11	12	12	11	15	13	16	17	20	18	21	23	26	31	33	41	43	45	48	0	4	4	1	1	1	2	4	6	6	10	6	6	16	8	8	16	12	18	17	9	6	22	21	22	0	26	27	28	29	30	1	1	1	1	1	1	1	1	1	1	1	2	3	1	2	2	2	2	2	1	6	6	2	2	4	1	1	4	1	2	2
88500	-206.773178418152554	-213.628666369111926	6.855487950959373	0.000080000000000	0.000020000000000	0.250000000000000	0.557815381428912	3	6	6	5	6	6	8	7	7	8	11	10	12	10	11	11	14	14	15	17	19	17	21	20	24	31	32	41	43	45	48	0	4	4	1	1	4	2	4	6	6	10	6	9	8	8	8	15	9	18	16	13	13	22	8	21	0	26	27	28	29	30	1	1	1	1	2	1	2	1	1	1	1	1	2	2	2	2	1	2	1	3	3	3	2	5	3	1	1	3	1	1	2
89000	-207.721498090234888	-214.576986041194260	6.855487950959373	0.000080000000000	0.000020000000000	0.250000000000000	0.481241706036422	4	8	7	6	6	5	10	8	8	9	10	10	11	11	12	9	15	12	16	17	19	17	22	20	26	31	33	40	42	45	47	0	5	4	1	1	1	2	4	6	5	6	9	9	8	8	8	16	9	18	8	12	12	22	17	22	0	26	27	28	29	30	1	1	1	1	2	1	1	1	1	2	3	1	2	2	2	1	2	2	2	4	4	3	2	3	5	1	1	2	1	2	1
89500	-187.112580527132764	-193.968068478092135	6.855487950959373	0.000080000000000	0.000020000000000	0.250000000000000	0.589000807240057	4	7	7	6	6	6	9	8	9	7	10	11	11	12	12	12	15	14	16	16	20	18	21	22	26	30	32	40	43	45	47	0	4	4	1	1	1	2	4	6	6	10	6	6	8	8	8	16	13	18	16	12	18	22	21	21	0	26	27	28	29	30	1	1	1	1	1	1	1	1	2	1	1	2	1	2	2	2	2	2	1	2	5	2	2	1	4	1	1	6	1	1	1
90000	-184.066095149632559	-190.921583100591931	6.855487950959373	0.000080000000000	0.000020000000000	0.250000000000000	0.576855033833350	4	7	7	6	6	6	9	8	8	8	11	10	12	13	11	11	15	13	15	17	19	17	21	22	25	30	34	40	43	45	47	0	4	4	1	1	1	2	4	6	6	12	6	9	8	8	8	16	12	13	16	13	12	22	20	21	0	26	27	28	29	30	1	1	1	1	1	1	2	1	1	1	1	2	2	2	2	1	2	1	2	4	3	3	2	2	3	1	1	3	2	1	1
90500	-188.841730131849289	-195.697218082808661	6.855487950959373	0.000080000000000	0.000020000000000	0.250000000000000	0.541359353109949	4	7	6	5	6	6	10	7	8	7	9	10	12	12	11	10	15	15	17	17	20	17	20	21	24	30	33	39	40	45	47	0	3	4	1	1	1	2	4	6	6	10	6	9	16	8	8	15	12	18	17	13	13	22	17	22	0	26	27	28	29	30	1	1	1	1	1	1	2	1	1	1	1	2	2	1	3	2	2	3	1	1	3	3	2	3	4	1	1	3	1	2	1
91000	-202.772199937983231	-209.627687888942603	6.855487950959373	0.000080000000000	0.000020000000000	0.250000000000000	0.740843698023214	4	8	6	5	5	6	9	7	8	8	9	10	12	13	11	10	14	14	16	17	20	17	20	20	26	31	34	40	44	45	48	0	3	4	1	1	1	2	4	6	6	10	9	6	16	8	8	16	12	12	16	22	12	22	16	22	0	26	27	28	29	30	1	1	1	1	1	1	1	1	1	1	1	1	2	1	2	2	2	2	2	4	2	3	2	4	4	1	1	3	3	1	2
91500	-191.674127234930097	-198.529615185889469	6.855487950959373	0.000080000000000	0.000020000000000	0.250000000000000	0.573206736519479	4	7	7	5	6	5	10	7	9	8	10	10	12	12	11	12	14	13	16	17	19	17	21	23	25	31	33	41	43	45	48	0	4	4	1	1	1	2	4	6	6	10	6	9	8	8	8	8	9	18	16	13	9	22	16	22	0	26	27	28	29	30	1	1	1	1	1	1	2	1	2	2	1	2	2	2	2	4	4	2	1	2	3	3	2	3	4	1	1	4	1	1	1
92000	-198.272781167555905	-205.128269118515277	6.855487950959373	0.000080000000000	0.000020000000000	0.250000000000000	0.550476658631798	4	8	6	5	6	6	10	7	9	8	11	10	11	12	10	9	14	14	16	17	19	17	21	23	24	31	33	41	43	45	47	0	3	4	1	1	1	2	4	6	4	12	6	6	15	8	8	16	9	18	17	9	18	22	20	22	0	26	27	28	29	30	1	1	1	1	1	1	1	1	2	2	1	2	2	1	2	1	2	3	1	3	4	2	1	3	3	1	1	5	1	2	1
92500	-211.564904151669936	-218.420392102629307	6.855487950959373	0.000080000000000	0.000020000000000	0.250000000000000	0.469344773004848	4	8	6	5	6	5	10	8	8	8	10	9	12	12	9	11	13	14	15	17	20	18	22	22	25	30	33	40	43	45	48	0	3	4	1	1	1	2	4	6	1	6	6	9	15	8	8	16	13	13	16	13	13	22	16	19	0	26	27	28	29	29	1	1	1	1	1	1	1	1	2	3	2	2	2	1	1	2	1	1	2	3	4	2	2	4	4	1	1	5	2	1	3
93000	-194.345089341939655	-201.200577292899027	6.855487950959373	0.000080000000000	0.000020000000000	0.250000000000000	0.547339501027796	4	7	6	5	7	6	9	7	8	8	10	11	12	11	11	11	14	15	16	15	20	17	20	22	24	30	33	39	43	45	47	0	4	4	1	1	1	2	4	6	5	10	11	9	8	8	8	8	13	12	16	13	12	22	16	21	0	26	27	28	29	30	1	1	1	1	2	1	1	1	1	1	1	1	2	2	2	3	2	2	3	2	5	4	1	5	2	1	2	2	2	1	1
93500	-189.887344945888174	-196.742832896847545	6.855487950959373	0.000080000000000	0.000020000000000	0.250000000000000	0.537399336741850	4	8	7	6	6	6	10	8	8	8	11	10	12	12	9	11	14	14	16	17	20	17	20	22	25	31	33	40	43	45	47	0	4	4	1	1	1	2	4	6	6	10	10	9	8	8	8	16	9	18	17	13	12	22	21	21	0	26	27	28	29	29	1	1	1	1	1	1	1	1	1	1	1	1	2	2	1	3	2	3	2	2	3	3	1	1	2	1	1	2	2	1	2
94000	-213.148928894800576	-220.004416845759948	6.855487950959373	0.000080000000000	0.000020000000000	0.250000000000000	0.432099734707336	4	8	6	5	6	6	9	7	8	8	11	11	11	11	11	12	13	15	17	17	20	17	20	22	25	30	34	39	42	44	47	0	5	4	1	1	1	2	4	6	6	10	6	9	1	8	8	8	13	11	17	19	9	22	16	22	0	26	27	28	29	30	1	1	1	1	2	1	1	1	2	1	2	2	2	4	2	3	2	2	3	3	2	6	2	5	3	1	2	2	1	1	2
94500	-209.347562651170904	-216.203050602130276	6.855487950959373	0.000080000000000	0.000020000000000	0.250000000000000	0.520797786776429	3	7	7	5	5	6	9	8	8	8	10	10	12	11	11	10	15	15	16	17	21	18	22	23	25	29	33	38	42	44	45	0	4	4	1	1	1	2	4	6	6	10	9	10	8	8	8	16	9	13	8	6	12	22	20	21	0	26	27	28	29	30	1	2	2	1	1	1	1	1	1	2	1	1	2	2	2	1	2	4	1	4	6	4	2	2	2	1	2	2	2	1	1
95000	-198.998449131715233	-205.853937082674605	6.855487950959373	0.000080000000000	0.000020000000000	0.250000000000000	0.608436492768786	4	7	7	6	6	5	10	7	7	9	10	11	11	13	11	11	14	12	16	16	19	18	21	22	24	30	34	39	43	44	47	0	4	4	1	1	1	2	4	6	6	10	6	9	15	8	8	16	12	18	16	18	12	22	21	22	0	26	27	28	29	30	1	1	1	1	2	1	2	1	1	2	1	2	2	1	2	2	1	1	2	2	3	3	2	1	3	1	2	3	1	1	2
95500	-202.587052294323968	-209.442540245283340	6.855487950959373	0.000080000000000	0.000020000000000	0.250000000000000	0.662526266045189	4	7	7	6	6	6	10	7	8	9	11	10	10	13	11	11	14	14	15	17	21	18	21	21	24	30	32	39	43	45	46	0	4	4	1	1	1	2	4	6	6	10	9	6	16	8	8	15	12	12	17	22	18	22	16	21	0	26	27	28	29	29	1	1	1	1	1	1	2	1	2	2	1	1	2	1	2	2	1	2	2	2	1	2	1	6	1	1	1	2	2	1	2
96000	-213.882992498786024	-220.738480449745396	6.855487950959373	0.000080000000000	0.000020000000000	0.250000000000000	0.600808822795168	3	7	6	4	7	6	9	8	8	9	10	10	12	12	11	12	14	13	16	18	19	17	21	20	26	29	33	40	42	45	48	0	4	4	1	1	1	2	4	6	6	5	9	9	8	8	8	16	12	18	16	13	12	22	20	23	0	26	27	28	29	30	1	1	1	1	4	2	2	2	1	2	2	1	1	2	2	2	1	1	1	4	2	5	2	1	2	1	2	3	1	2	2
96500	-203.342071437169068	-210.197559388128440	6.855487950959373	0.000080000000000	0.000020000000000	0.250000000000000	0.476689692247525	4	7	7	6	6	6	10	7	8	8	10	9	11	12	12	11	14	14	14	18	21	16	22	20	24	31	33	41	43	45	48	0	4	4	1	1	1	2	4	6	6	12	9	12	8	8	8	15	13	9	17	13	6	22	15	22	0	26	27	28	29	30	1	1	1	1	1	1	2	1	1	1	1	1	1	3	2	3	2	1	3	3	4	4	3	3	3	1	1	5	1	1	2
97000	-207.746538932134172	-214.602026883093544	6.855487950959373	0.000080000000000	0.000020000000000	0.250000000000000	0.636925497421082	4	7	6	5	7	5	9	7	8	7	9	10	11	13	11	12	15	15	17	17	20	16	21	23	26	29	33	39	43	45	48	0	3	4	1	1	1	2	4	6	4	5	9	12	16	8	8	16	13	18	16	9	18	22	20	21	0	26	27	28	29	30	1	1	1	1	1	1	1	1	1	1	2	1	1	1	2	2	1	2	1	3	4	1	2	2	4	1	2	2	2	2	2
97500	-194.736783442134026	-201.592271393093398	6.855487950959373	0.000080000000000	0.000020000000000	0.250000000000000	0.489651060008802	4	7	7	5	5	5	10	7	7	8	11	10	11	12	11	10	14	13	17	16	20	17	19	23	25	30	33	39	43	45	47	0	4	4	1	1	1	2	4	6	6	10	6	6	8	8	8	16	13	18	17	13	12	22	17	21	0	26	27	28	28	30	1	1	1	1	1	1	2	1	2	2	1	2	2	3	2	1	3	1	2	1	4	4	1	5	2	1	2	3	2	3	1
98000	-214.077125383885942	-220.932613334845314	6.855487950959373	0.000080000000000	0.000020000000000	0.250000000000000	0.585856949674075	4	7	7	5	7	7	9	8	9	8	10	11	11	9	12	11	15	14	17	17	18	18	21	22	25	30	34	40	43	44	47	0	4	4	1	1	4	2	4	6	6	10	6	6	8	8	14	16	12	18	15	13	9	22	20	22	0	26	27	28	28	30	1	2	1	1	2	1	1	1	1	1	2	2	2	1	3	1	1	2	2	2	3	3	1	2	3	1	2	2	2	2	2
98500	-203.325572677092111	-210.181060628051483	6.855487950959373	0.000080000000000	0.000020000000000	0.250000000000000	0.557771398313915	4	7	7	6	6	5	10	7	8	8	11	11	11	12	11	11	14	14	16	16	18	17	20	21	26	31	34	40	43	46	47	0	4	4	1	1	1	2	4	4	6	10	10	6	16	8	8	16	10	18	16	12	12	21	8	21	0	26	27	28	29	30	1	1	1	1	1	1	1	1	1	2	1	1	2	1	2	2	2	3	1	3	4	3	1	6	4	1	2	2	2	2	1
99000	-192.839944801197163	-199.695432752156535	6.855487950959373	0.000080000000000	0.000020000000000	0.250000000000000	0.419128844342346	4	7	7	5	7	6	10	7	8	9	11	10	11	12	11	12	15	14	16	17	19	17	21	22	26	31	33	41	44	45	46	0	4	4	1	1	1	2	4	6	9	10	1	9	8	8	8	16	13	18	17	13	12	22	15	22	0	26	27	28	29	30	1	1	1	1	1	1	2	2	1	1	1	4	2	3	3	2	2	1	1	1	4	3	2	3	5	1	1	4	2	1	1
99500	-204.519657433271931	-211.375145384231303	6.855487950959373	0.000080000000000	0.000020000000000	0.250000000000000	0.522330174336339	4	7	7	5	7	6	10	6	9	8	10	11	9	12	12	11	13	13	16	16	20	18	20	23	24	30	33	41	43	46	45	0	4	4	1	1	4	2	4	5	6	10	9	6	8	8	8	16	12	18	16	22	9	22	16	22	0	26	27	28	31	29	1	1	1	1	2	1	2	1	1	2	1	1	2	2	3	2	1	1	1	2	1	4	2	7	2	1	1	4	1	1	1
100000	-200.838292994524636	-207.693780945484008	6.855487950959373	0.000080000000000	0.000020000000000	0.250000000000000	0.690212149749588	5	8	7	6	6	6	10	7	8	8	11	10	11	13	11	11	14	14	16	17	21	18	20	23	25	30	34	40	42	46	47	0	4	4	1	1	1	2	4	6	6	10	9	6	16	8	8	16	13	18	16	13	9	22	14	21	0	26	27	28	29	29	1	1	1	1	1	1	1	1	1	1	2	2	2	2	2	2	2	2	1	4	4	3	1	4	3	1	2	2	1	2	2