step	p_accept_mu1	p_accept_gamma	p_accept_pi	p_accept_Tinf	sigma_mu1	sigma_gamma	sigma_pi	n_like_zero
1		1.00000	1.00000	1.00000	1.00000	0.000100000000000	1.000000000000000	0.010000000000000	0
500		0.99800	0.19840	1.00000	0.35618	0.000100000000000	1.000000000000000	0.010000000000000	0
1000		0.99000	0.30400	0.94800	0.34401	0.000150000000000	0.666666666666667	0.015000000000000	0
1500		0.99200	0.32300	0.94600	0.34507	0.000225000000000	0.666666666666667	0.022500000000000	0
2000		0.98600	0.34133	0.91800	0.34597	0.000337500000000	0.666666666666667	0.033750000000000	0
2500		0.99200	0.34550	0.89000	0.34793	0.000506250000000	0.666666666666667	0.050625000000000	0
3000		0.98000	0.36240	0.80400	0.34749	0.000759375000000	0.666666666666667	0.075937500000000	0
3500		0.98800	0.37233	0.69800	0.34610	0.001139062500000	0.666666666666667	0.113906250000000	0
4000		0.96400	0.38400	0.62400	0.34422	0.001708593750000	0.666666666666667	0.170859375000000	0
4500		0.95600	0.39025	0.46600	0.34205	0.002562890625000	0.666666666666667	0.256289062500000	0
5000		0.93200	0.40000	0.48400	0.33955	0.003844335937500	0.666666666666667	0.256289062500000	0
5500		0.89200	0.40820	0.46733	0.33858	0.005766503906250	0.666666666666667	0.256289062500000	0
6000		0.85600	0.41527	0.47700	0.33735	0.008649755859375	0.666666666666667	0.256289062500000	0
6500		0.86400	0.41683	0.48080	0.33670	0.012974633789063	0.666666666666667	0.256289062500000	0
7000		0.90800	0.41677	0.48000	0.33510	0.019461950683594	0.666666666666667	0.256289062500000	0
7500		0.89800	0.41300	0.47914	0.33485	0.029192926025391	0.666666666666667	0.256289062500000	0
8000		0.85200	0.41307	0.48375	0.33437	0.043789389038086	0.666666666666667	0.256289062500000	0
8500		0.80600	0.41475	0.48044	0.33405	0.065684083557129	0.666666666666667	0.256289062500000	0
9000		0.69600	0.41306	0.48380	0.33393	0.098526125335693	0.666666666666667	0.256289062500000	0
9500		0.61600	0.41600	0.48727	0.33365	0.147789188003540	0.666666666666667	0.256289062500000	0
10000		0.50200	0.41705	0.49067	0.33351	0.221683782005310	0.666666666666667	0.256289062500000	0
10500		0.34400	0.41840	0.48954	0.33331	0.332525673007965	0.666666666666667	0.256289062500000	0
11000		0.36900	0.41962	0.48957	0.33339	0.332525673007965	0.666666666666667	0.256289062500000	0
11500		0.37867	0.42027	0.49147	0.33292	0.332525673007965	0.666666666666667	0.256289062500000	0
12000		0.37550	0.41991	0.49200	0.33188	0.332525673007965	0.666666666666667	0.256289062500000	0
12500		0.36920	0.41925	0.49212	0.33114	0.332525673007965	0.666666666666667	0.256289062500000	0
13000		0.36867	0.41840	0.49133	0.33138	0.332525673007965	0.666666666666667	0.256289062500000	0
13500		0.37114	0.41862	0.49179	0.33110	0.332525673007965	0.666666666666667	0.256289062500000	0
14000		0.36925	0.41822	0.49450	0.33169	0.332525673007965	0.666666666666667	0.256289062500000	0
14500		0.36489	0.41679	0.49581	0.33216	0.332525673007965	0.666666666666667	0.256289062500000	0
15000		0.36280	0.41538	0.49609	0.33298	0.332525673007965	0.666666666666667	0.256289062500000	0
15500		0.36127	0.41380	0.49696	0.33375	0.332525673007965	0.666666666666667	0.256289062500000	0
16000		0.35867	0.41348	0.49792	0.33367	0.332525673007965	0.666666666666667	0.256289062500000	0
16500		0.35723	0.41231	0.49816	0.33384	0.332525673007965	0.666666666666667	0.256289062500000	0
17000		0.35657	0.41309	0.49677	0.33359	0.332525673007965	0.666666666666667	0.256289062500000	0
17500		0.35707	0.41224	0.49600	0.33347	0.332525673007965	0.666666666666667	0.256289062500000	0
18000		0.35600	0.41183	0.49550	0.33336	0.332525673007965	0.666666666666667	0.256289062500000	0
18500		0.35576	0.41133	0.49510	0.33354	0.332525673007965	0.666666666666667	0.256289062500000	0
19000		0.35567	0.41092	0.49633	0.33357	0.332525673007965	0.666666666666667	0.256289062500000	0
19500		0.35484	0.41000	0.49677	0.33368	0.332525673007965	0.666666666666667	0.256289062500000	0
20000		0.35550	0.40959	0.49569	0.33372	0.332525673007965	0.666666666666667	0.256289062500000	0
20500		0.35448	0.40855	0.49594	0.33379	0.332525673007965	0.666666666666667	0.256289062500000	0
21000		0.35518	0.40805	0.49576	0.33380	0.332525673007965	0.666666666666667	0.256289062500000	0
21500		0.35426	0.40790	0.49457	0.33372	0.332525673007965	0.666666666666667	0.256289062500000	0
22000		0.35433	0.40786	0.49406	0.33359	0.332525673007965	0.666666666666667	0.256289062500000	0
22500		0.35376	0.40800	0.49368	0.33316	0.332525673007965	0.666666666666667	0.256289062500000	0
23000		0.35346	0.40804	0.49221	0.33305	0.332525673007965	0.666666666666667	0.256289062500000	0
23500		0.35459	0.40787	0.49092	0.33307	0.332525673007965	0.666666666666667	0.256289062500000	0
24000		0.35493	0.40770	0.49135	0.33268	0.332525673007965	0.666666666666667	0.256289062500000	0
24500		0.35559	0.40737	0.49107	0.33266	0.332525673007965	0.666666666666667	0.256289062500000	0
25000		0.35700	0.40731	0.49176	0.33268	0.332525673007965	0.666666666666667	0.256289062500000	0
25500		0.35581	0.40664	0.49074	0.33230	0.332525673007965	0.666666666666667	0.256289062500000	0
26000		0.35650	0.40702	0.49009	0.33213	0.332525673007965	0.666666666666667	0.256289062500000	0
26500		0.35636	0.40658	0.48956	0.33221	0.332525673007965	0.666666666666667	0.256289062500000	0
27000		0.35641	0.40702	0.48983	0.33225	0.332525673007965	0.666666666666667	0.256289062500000	0
27500		0.35571	0.40722	0.49013	0.33270	0.332525673007965	0.666666666666667	0.256289062500000	0
28000		0.35578	0.40687	0.49108	0.33299	0.332525673007965	0.666666666666667	0.256289062500000	0
28500		0.35670	0.40679	0.49078	0.33293	0.332525673007965	0.666666666666667	0.256289062500000	0
29000		0.35684	0.40709	0.49112	0.33304	0.332525673007965	0.666666666666667	0.256289062500000	0
29500		0.35785	0.40703	0.49133	0.33298	0.332525673007965	0.666666666666667	0.256289062500000	0
30000		0.35725	0.40739	0.49062	0.33283	0.332525673007965	0.666666666666667	0.256289062500000	0
30500		0.35737	0.40730	0.49102	0.33247	0.332525673007965	0.666666666666667	0.256289062500000	0
31000		0.35871	0.40774	0.49119	0.33221	0.332525673007965	0.666666666666667	0.256289062500000	0
31500		0.35940	0.40761	0.49080	0.33211	0.332525673007965	0.666666666666667	0.256289062500000	0
32000		0.35977	0.40721	0.49054	0.33206	0.332525673007965	0.666666666666667	0.256289062500000	0
32500		0.35947	0.40725	0.49004	0.33199	0.332525673007965	0.666666666666667	0.256289062500000	0
33000		0.35891	0.40708	0.49038	0.33203	0.332525673007965	0.666666666666667	0.256289062500000	0
33500		0.35987	0.40721	0.49027	0.33193	0.332525673007965	0.666666666666667	0.256289062500000	0
34000		0.35971	0.40731	0.49067	0.33162	0.332525673007965	0.666666666666667	0.256289062500000	0
34500		0.35865	0.40732	0.49075	0.33145	0.332525673007965	0.666666666666667	0.256289062500000	0
35000		0.35860	0.40736	0.49077	0.33166	0.332525673007965	0.666666666666667	0.256289062500000	0
35500		0.35827	0.40717	0.49079	0.33157	0.332525673007965	0.666666666666667	0.256289062500000	0
36000		0.35835	0.40662	0.49078	0.33171	0.332525673007965	0.666666666666667	0.256289062500000	0
36500		0.35842	0.40644	0.49145	0.33181	0.332525673007965	0.666666666666667	0.256289062500000	0
37000		0.35804	0.40633	0.49173	0.33196	0.332525673007965	0.666666666666667	0.256289062500000	0
37500		0.35771	0.40605	0.49161	0.33196	0.332525673007965	0.666666666666667	0.256289062500000	0
38000		0.35846	0.40536	0.49224	0.33206	0.332525673007965	0.666666666666667	0.256289062500000	0
38500		0.35786	0.40553	0.49249	0.33212	0.332525673007965	0.666666666666667	0.256289062500000	0
39000		0.35793	0.40564	0.49234	0.33217	0.332525673007965	0.666666666666667	0.256289062500000	0
39500		0.35786	0.40559	0.49273	0.33192	0.332525673007965	0.666666666666667	0.256289062500000	0
40000		0.35800	0.40511	0.49239	0.33195	0.332525673007965	0.666666666666667	0.256289062500000	0
40500		0.35784	0.40497	0.49233	0.33204	0.332525673007965	0.666666666666667	0.256289062500000	0
41000		0.35732	0.40457	0.49197	0.33218	0.332525673007965	0.666666666666667	0.256289062500000	0
41500		0.35708	0.40424	0.49171	0.33208	0.332525673007965	0.666666666666667	0.256289062500000	0
42000		0.35750	0.40463	0.49166	0.33199	0.332525673007965	0.666666666666667	0.256289062500000	0
42500		0.35729	0.40464	0.49158	0.33174	0.332525673007965	0.666666666666667	0.256289062500000	0
43000		0.35673	0.40421	0.49185	0.33187	0.332525673007965	0.666666666666667	0.256289062500000	0
43500		0.35660	0.40391	0.49258	0.33196	0.332525673007965	0.666666666666667	0.256289062500000	0
44000		0.35624	0.40407	0.49285	0.33200	0.332525673007965	0.666666666666667	0.256289062500000	0
44500		0.35638	0.40425	0.49346	0.33207	0.332525673007965	0.666666666666667	0.256289062500000	0
45000		0.35614	0.40413	0.49307	0.33191	0.332525673007965	0.666666666666667	0.256289062500000	0
45500		0.35606	0.40427	0.49304	0.33191	0.332525673007965	0.666666666666667	0.256289062500000	0
46000		0.35600	0.40418	0.49283	0.33202	0.332525673007965	0.666666666666667	0.256289062500000	0
46500		0.35636	0.40435	0.49287	0.33191	0.332525673007965	0.666666666666667	0.256289062500000	0
47000		0.35586	0.40454	0.49284	0.33197	0.332525673007965	0.666666666666667	0.256289062500000	0
47500		0.35640	0.40466	0.49285	0.33185	0.332525673007965	0.666666666666667	0.256289062500000	0
48000		0.35626	0.40478	0.49261	0.33195	0.332525673007965	0.666666666666667	0.256289062500000	0
48500		0.35631	0.40440	0.49270	0.33207	0.332525673007965	0.666666666666667	0.256289062500000	0
49000		0.35664	0.40388	0.49267	0.33205	0.332525673007965	0.666666666666667	0.256289062500000	0
49500		0.35630	0.40382	0.49268	0.33212	0.332525673007965	0.666666666666667	0.256289062500000	0
50000		0.35642	0.40378	0.49278	0.33222	0.332525673007965	0.666666666666667	0.256289062500000	0
50500		0.35649	0.40376	0.49292	0.33213	0.332525673007965	0.666666666666667	0.256289062500000	0
51000		0.35683	0.40384	0.49291	0.33206	0.332525673007965	0.666666666666667	0.256289062500000	0
51500		0.35725	0.40394	0.49274	0.33208	0.332525673007965	0.666666666666667	0.256289062500000	0
52000		0.35733	0.40392	0.49310	0.33219	0.332525673007965	0.666666666666667	0.256289062500000	0
52500		0.35762	0.40365	0.49320	0.33221	0.332525673007965	0.666666666666667	0.256289062500000	0
53000		0.35772	0.40379	0.49331	0.33216	0.332525673007965	0.666666666666667	0.256289062500000	0
53500		0.35772	0.40406	0.49329	0.33210	0.332525673007965	0.666666666666667	0.256289062500000	0
54000		0.35814	0.40404	0.49308	0.33191	0.332525673007965	0.666666666666667	0.256289062500000	0
54500		0.35849	0.40420	0.49339	0.33183	0.332525673007965	0.666666666666667	0.256289062500000	0
55000		0.35864	0.40409	0.49351	0.33183	0.332525673007965	0.666666666666667	0.256289062500000	0
55500		0.35864	0.40387	0.49363	0.33176	0.332525673007965	0.666666666666667	0.256289062500000	0
56000		0.35896	0.40396	0.49354	0.33178	0.332525673007965	0.666666666666667	0.256289062500000	0
56500		0.35901	0.40375	0.49339	0.33180	0.332525673007965	0.666666666666667	0.256289062500000	0
57000		0.35849	0.40370	0.49349	0.33178	0.332525673007965	0.666666666666667	0.256289062500000	0
57500		0.35840	0.40368	0.49320	0.33175	0.332525673007965	0.666666666666667	0.256289062500000	0
58000		0.35825	0.40337	0.49278	0.33170	0.332525673007965	0.666666666666667	0.256289062500000	0
58500		0.35804	0.40343	0.49250	0.33166	0.332525673007965	0.666666666666667	0.256289062500000	0
59000		0.35810	0.40368	0.49227	0.33158	0.332525673007965	0.666666666666667	0.256289062500000	0
59500		0.35802	0.40392	0.49261	0.33149	0.332525673007965	0.666666666666667	0.256289062500000	0
60000		0.35802	0.40427	0.49214	0.33145	0.332525673007965	0.666666666666667	0.256289062500000	0
60500		0.35790	0.40433	0.49212	0.33132	0.332525673007965	0.666666666666667	0.256289062500000	0
61000		0.35778	0.40397	0.49240	0.33135	0.332525673007965	0.666666666666667	0.256289062500000	0
61500		0.35802	0.40382	0.49223	0.33140	0.332525673007965	0.666666666666667	0.256289062500000	0
62000		0.35802	0.40390	0.49243	0.33138	0.332525673007965	0.666666666666667	0.256289062500000	0
62500		0.35806	0.40368	0.49236	0.33129	0.332525673007965	0.666666666666667	0.256289062500000	0
63000		0.35770	0.40381	0.49227	0.33123	0.332525673007965	0.666666666666667	0.256289062500000	0
63500		0.35761	0.40392	0.49203	0.33116	0.332525673007965	0.666666666666667	0.256289062500000	0
64000		0.35774	0.40394	0.49188	0.33106	0.332525673007965	0.666666666666667	0.256289062500000	0
64500		0.35776	0.40409	0.49174	0.33090	0.332525673007965	0.666666666666667	0.256289062500000	0
65000		0.35775	0.40417	0.49175	0.33089	0.332525673007965	0.666666666666667	0.256289062500000	0
65500		0.35778	0.40434	0.49164	0.33082	0.332525673007965	0.666666666666667	0.256289062500000	0
66000		0.35798	0.40427	0.49158	0.33076	0.332525673007965	0.666666666666667	0.256289062500000	0
66500		0.35759	0.40435	0.49144	0.33070	0.332525673007965	0.666666666666667	0.256289062500000	0
67000		0.35789	0.40451	0.49108	0.33067	0.332525673007965	0.666666666666667	0.256289062500000	0
67500		0.35783	0.40469	0.49120	0.33060	0.332525673007965	0.666666666666667	0.256289062500000	0
68000		0.35776	0.40480	0.49112	0.33065	0.332525673007965	0.666666666666667	0.256289062500000	0
68500		0.35757	0.40450	0.49078	0.33061	0.332525673007965	0.666666666666667	0.256289062500000	0
69000		0.35742	0.40470	0.49094	0.33056	0.332525673007965	0.666666666666667	0.256289062500000	0
69500		0.35718	0.40432	0.49092	0.33054	0.332525673007965	0.666666666666667	0.256289062500000	0
70000		0.35695	0.40417	0.49055	0.33059	0.332525673007965	0.666666666666667	0.256289062500000	0
70500		0.35699	0.40387	0.49035	0.33066	0.332525673007965	0.666666666666667	0.256289062500000	0
71000		0.35705	0.40369	0.49073	0.33071	0.332525673007965	0.666666666666667	0.256289062500000	0
71500		0.35696	0.40365	0.49087	0.33071	0.332525673007965	0.666666666666667	0.256289062500000	0
72000		0.35674	0.40354	0.49065	0.33077	0.332525673007965	0.666666666666667	0.256289062500000	0
72500		0.35675	0.40346	0.49060	0.33077	0.332525673007965	0.666666666666667	0.256289062500000	0
73000		0.35686	0.40357	0.49062	0.33083	0.332525673007965	0.666666666666667	0.256289062500000	0
73500		0.35712	0.40363	0.49013	0.33064	0.332525673007965	0.666666666666667	0.256289062500000	0
74000		0.35722	0.40365	0.49027	0.33057	0.332525673007965	0.666666666666667	0.256289062500000	0
74500		0.35743	0.40370	0.49003	0.33042	0.332525673007965	0.666666666666667	0.256289062500000	0
75000		0.35795	0.40405	0.48987	0.33034	0.332525673007965	0.666666666666667	0.256289062500000	0
75500		0.35806	0.40376	0.49000	0.33029	0.332525673007965	0.666666666666667	0.256289062500000	0
76000		0.35809	0.40359	0.48964	0.33027	0.332525673007965	0.666666666666667	0.256289062500000	0
76500		0.35823	0.40387	0.48926	0.33015	0.332525673007965	0.666666666666667	0.256289062500000	0
77000		0.35810	0.40416	0.48918	0.33009	0.332525673007965	0.666666666666667	0.256289062500000	0
77500		0.35836	0.40410	0.48922	0.33006	0.332525673007965	0.666666666666667	0.256289062500000	0
78000		0.35829	0.40409	0.48896	0.33010	0.332525673007965	0.666666666666667	0.256289062500000	0
78500		0.35832	0.40404	0.48893	0.33005	0.332525673007965	0.666666666666667	0.256289062500000	0
79000		0.35832	0.40410	0.48891	0.32998	0.332525673007965	0.666666666666667	0.256289062500000	0
79500		0.35839	0.40410	0.48890	0.33006	0.332525673007965	0.666666666666667	0.256289062500000	0
80000		0.35857	0.40387	0.48872	0.33007	0.332525673007965	0.666666666666667	0.256289062500000	0
80500		0.35862	0.40379	0.48861	0.33002	0.332525673007965	0.666666666666667	0.256289062500000	0
81000		0.35862	0.40360	0.48862	0.32992	0.332525673007965	0.666666666666667	0.256289062500000	0
81500		0.35877	0.40353	0.48858	0.32984	0.332525673007965	0.666666666666667	0.256289062500000	0
82000		0.35911	0.40377	0.48844	0.32982	0.332525673007965	0.666666666666667	0.256289062500000	0
82500		0.35890	0.40350	0.48837	0.32975	0.332525673007965	0.666666666666667	0.256289062500000	0
83000		0.35895	0.40350	0.48810	0.32955	0.332525673007965	0.666666666666667	0.256289062500000	0
83500		0.35878	0.40337	0.48808	0.32955	0.332525673007965	0.666666666666667	0.256289062500000	0
84000		0.35869	0.40323	0.48800	0.32951	0.332525673007965	0.666666666666667	0.256289062500000	0
84500		0.35866	0.40336	0.48812	0.32951	0.332525673007965	0.666666666666667	0.256289062500000	0
85000		0.35887	0.40325	0.48837	0.32941	0.332525673007965	0.666666666666667	0.256289062500000	0
85500		0.35883	0.40339	0.48810	0.32936	0.332525673007965	0.666666666666667	0.256289062500000	0
86000		0.35895	0.40372	0.48804	0.32930	0.332525673007965	0.666666666666667	0.256289062500000	0
86500		0.35907	0.40376	0.48796	0.32928	0.332525673007965	0.666666666666667	0.256289062500000	0
87000		0.35897	0.40370	0.48795	0.32926	0.332525673007965	0.666666666666667	0.256289062500000	0
87500		0.35892	0.40375	0.48778	0.32929	0.332525673007965	0.666666666666667	0.256289062500000	0
88000		0.35876	0.40369	0.48773	0.32932	0.332525673007965	0.666666666666667	0.256289062500000	0
88500		0.35861	0.40352	0.48799	0.32944	0.332525673007965	0.666666666666667	0.256289062500000	0
89000		0.35862	0.40322	0.48809	0.32960	0.332525673007965	0.666666666666667	0.256289062500000	0
89500		0.35862	0.40329	0.48819	0.32964	0.332525673007965	0.666666666666667	0.256289062500000	0
90000		0.35855	0.40321	0.48819	0.32959	0.332525673007965	0.666666666666667	0.256289062500000	0
90500		0.35845	0.40341	0.48795	0.32954	0.332525673007965	0.666666666666667	0.256289062500000	0
91000		0.35865	0.40336	0.48779	0.32938	0.332525673007965	0.666666666666667	0.256289062500000	0
91500		0.35877	0.40305	0.48786	0.32940	0.332525673007965	0.666666666666667	0.256289062500000	0
92000		0.35916	0.40320	0.48752	0.32942	0.332525673007965	0.666666666666667	0.256289062500000	0
92500		0.35949	0.40313	0.48720	0.32935	0.332525673007965	0.666666666666667	0.256289062500000	0
93000		0.35942	0.40291	0.48712	0.32933	0.332525673007965	0.666666666666667	0.256289062500000	0
93500		0.35929	0.40305	0.48714	0.32928	0.332525673007965	0.666666666666667	0.256289062500000	0
94000		0.35930	0.40324	0.48690	0.32924	0.332525673007965	0.666666666666667	0.256289062500000	0
94500		0.35899	0.40331	0.48678	0.32929	0.332525673007965	0.666666666666667	0.256289062500000	0
95000		0.35912	0.40314	0.48682	0.32932	0.332525673007965	0.666666666666667	0.256289062500000	0
95500		0.35910	0.40299	0.48677	0.32928	0.332525673007965	0.666666666666667	0.256289062500000	0
96000		0.35890	0.40299	0.48670	0.32926	0.332525673007965	0.666666666666667	0.256289062500000	0
96500		0.35887	0.40314	0.48692	0.32920	0.332525673007965	0.666666666666667	0.256289062500000	0
97000		0.35907	0.40310	0.48705	0.32922	0.332525673007965	0.666666666666667	0.256289062500000	0
97500		0.35911	0.40305	0.48698	0.32920	0.332525673007965	0.666666666666667	0.256289062500000	0
98000		0.35920	0.40297	0.48673	0.32911	0.332525673007965	0.666666666666667	0.256289062500000	0
98500		0.35931	0.40305	0.48660	0.32905	0.332525673007965	0.666666666666667	0.256289062500000	0
99000		0.35935	0.40312	0.48663	0.32909	0.332525673007965	0.666666666666667	0.256289062500000	0
99500		0.35943	0.40311	0.48669	0.32909	0.332525673007965	0.666666666666667	0.256289062500000	0
100000		0.35934	0.40310	0.48689	0.32909	0.332525673007965	0.666666666666667	0.256289062500000	0