step	p_accept_mu1	p_accept_gamma	p_accept_pi	p_accept_Tinf	sigma_mu1	sigma_gamma	sigma_pi	n_like_zero
1		1.00000	1.00000	1.00000	1.00000	0.000100000000000	1.000000000000000	0.010000000000000	0
500		0.97796	0.09018	1.00000	0.14343	0.000100000000000	1.000000000000000	0.010000000000000	0
1000		0.98400	0.19200	0.92400	0.13251	0.000150000000000	0.666666666666667	0.015000000000000	0
1500		0.99600	0.34000	0.85800	0.12728	0.000225000000000	0.444444444444444	0.022500000000000	0
2000		0.99000	0.37000	0.83000	0.12350	0.000337500000000	0.444444444444444	0.033750000000000	0
2500		0.98000	0.37933	0.78200	0.11988	0.000506250000000	0.444444444444444	0.050625000000000	0
3000		0.98000	0.38000	0.60800	0.11905	0.000759375000000	0.444444444444444	0.075937500000000	0
3500		0.96400	0.37760	0.52000	0.11813	0.001139062500000	0.444444444444444	0.113906250000000	0
4000		0.93600	0.38467	0.35400	0.11697	0.001708593750000	0.444444444444444	0.170859375000000	0
4500		0.91400	0.38371	0.37300	0.11674	0.002562890625000	0.444444444444444	0.170859375000000	0
5000		0.91200	0.38475	0.36933	0.11578	0.003844335937500	0.444444444444444	0.170859375000000	0
5500		0.83400	0.38778	0.37100	0.11413	0.005766503906250	0.444444444444444	0.170859375000000	0
6000		0.82000	0.38820	0.36440	0.11545	0.008649755859375	0.444444444444444	0.170859375000000	0
6500		0.91600	0.38564	0.36667	0.11610	0.012974633789063	0.444444444444444	0.170859375000000	0
7000		0.84800	0.38083	0.37286	0.11663	0.019461950683594	0.444444444444444	0.170859375000000	0
7500		0.79400	0.37031	0.37650	0.11814	0.029192926025391	0.444444444444444	0.170859375000000	0
8000		0.74600	0.36557	0.37378	0.12003	0.043789389038086	0.444444444444444	0.170859375000000	0
8500		0.61400	0.36000	0.37220	0.12182	0.065684083557129	0.444444444444444	0.170859375000000	0
9000		0.53200	0.35425	0.37509	0.12339	0.098526125335693	0.444444444444444	0.170859375000000	0
9500		0.38800	0.34859	0.37717	0.12545	0.147789188003540	0.444444444444444	0.170859375000000	0
10000		0.37400	0.34322	0.38077	0.12706	0.147789188003540	0.444444444444444	0.170859375000000	0
10500		0.37867	0.33874	0.38186	0.12801	0.147789188003540	0.444444444444444	0.170859375000000	0
11000		0.38400	0.33440	0.38453	0.12876	0.147789188003540	0.444444444444444	0.170859375000000	0
11500		0.39480	0.33333	0.38562	0.12937	0.147789188003540	0.444444444444444	0.170859375000000	0
12000		0.39767	0.32945	0.38459	0.12979	0.147789188003540	0.444444444444444	0.170859375000000	0
12500		0.39600	0.32748	0.38422	0.13079	0.147789188003540	0.444444444444444	0.170859375000000	0
13000		0.39600	0.32258	0.38768	0.13149	0.147789188003540	0.444444444444444	0.170859375000000	0
13500		0.39733	0.32032	0.38890	0.13257	0.147789188003540	0.444444444444444	0.170859375000000	0
14000		0.39140	0.31831	0.38962	0.13335	0.147789188003540	0.444444444444444	0.170859375000000	0
14500		0.38745	0.31615	0.38955	0.13411	0.147789188003540	0.444444444444444	0.170859375000000	0
15000		0.38600	0.31379	0.39052	0.13494	0.147789188003540	0.444444444444444	0.170859375000000	0
15500		0.38231	0.31069	0.39075	0.13582	0.147789188003540	0.444444444444444	0.170859375000000	0
16000		0.38114	0.30853	0.39064	0.13639	0.147789188003540	0.444444444444444	0.170859375000000	0
16500		0.38227	0.30716	0.39262	0.13671	0.147789188003540	0.444444444444444	0.170859375000000	0
17000		0.38112	0.30556	0.39200	0.13736	0.147789188003540	0.444444444444444	0.170859375000000	0
17500		0.38024	0.30291	0.39229	0.13775	0.147789188003540	0.444444444444444	0.170859375000000	0
18000		0.37967	0.30229	0.39214	0.13824	0.147789188003540	0.444444444444444	0.170859375000000	0
18500		0.37747	0.29994	0.39247	0.13879	0.147789188003540	0.444444444444444	0.170859375000000	0
19000		0.37590	0.29967	0.39123	0.13903	0.147789188003540	0.444444444444444	0.170859375000000	0
19500		0.37705	0.29849	0.39000	0.13933	0.147789188003540	0.444444444444444	0.170859375000000	0
20000		0.37700	0.29716	0.39145	0.13967	0.147789188003540	0.444444444444444	0.170859375000000	0
20500		0.37496	0.29549	0.39182	0.13990	0.147789188003540	0.444444444444444	0.170859375000000	0
21000		0.37608	0.29555	0.39211	0.14007	0.147789188003540	0.444444444444444	0.170859375000000	0
21500		0.37344	0.29410	0.39206	0.14051	0.147789188003540	0.444444444444444	0.170859375000000	0
22000		0.37246	0.29243	0.39362	0.14111	0.147789188003540	0.444444444444444	0.170859375000000	0
22500		0.37067	0.29074	0.39437	0.14163	0.147789188003540	0.444444444444444	0.170859375000000	0
23000		0.37071	0.28964	0.39538	0.14159	0.147789188003540	0.444444444444444	0.170859375000000	0
23500		0.37062	0.28956	0.39370	0.14168	0.147789188003540	0.444444444444444	0.170859375000000	0
24000		0.37167	0.28952	0.39405	0.14170	0.147789188003540	0.444444444444444	0.170859375000000	0
24500		0.37161	0.28894	0.39376	0.14215	0.147789188003540	0.444444444444444	0.170859375000000	0
25000		0.37088	0.28763	0.39479	0.14257	0.147789188003540	0.444444444444444	0.170859375000000	0
25500		0.37152	0.28747	0.39350	0.14293	0.147789188003540	0.444444444444444	0.170859375000000	0
26000		0.37235	0.28712	0.39413	0.14296	0.147789188003540	0.444444444444444	0.170859375000000	0
26500		0.37280	0.28627	0.39383	0.14303	0.147789188003540	0.444444444444444	0.170859375000000	0
27000		0.37217	0.28588	0.39374	0.14341	0.147789188003540	0.444444444444444	0.170859375000000	0
27500		0.37103	0.28547	0.39346	0.14371	0.147789188003540	0.444444444444444	0.170859375000000	0
28000		0.37042	0.28519	0.39351	0.14403	0.147789188003540	0.444444444444444	0.170859375000000	0
28500		0.37010	0.28513	0.39332	0.14447	0.147789188003540	0.444444444444444	0.170859375000000	0
29000		0.37070	0.28418	0.39380	0.14453	0.147789188003540	0.444444444444444	0.170859375000000	0
29500		0.37229	0.28526	0.39312	0.14448	0.147789188003540	0.444444444444444	0.170859375000000	0
30000		0.37229	0.28490	0.39351	0.14463	0.147789188003540	0.444444444444444	0.170859375000000	0
30500		0.37326	0.28437	0.39333	0.14472	0.147789188003540	0.444444444444444	0.170859375000000	0
31000		0.37368	0.28427	0.39291	0.14465	0.147789188003540	0.444444444444444	0.170859375000000	0
31500		0.37418	0.28416	0.39250	0.14470	0.147789188003540	0.444444444444444	0.170859375000000	0
32000		0.37391	0.28390	0.39319	0.14495	0.147789188003540	0.444444444444444	0.170859375000000	0
32500		0.37370	0.28314	0.39314	0.14505	0.147789188003540	0.444444444444444	0.170859375000000	0
33000		0.37371	0.28331	0.39254	0.14511	0.147789188003540	0.444444444444444	0.170859375000000	0
33500		0.37433	0.28323	0.39230	0.14504	0.147789188003540	0.444444444444444	0.170859375000000	0
34000		0.37404	0.28339	0.39207	0.14513	0.147789188003540	0.444444444444444	0.170859375000000	0
34500		0.37408	0.28364	0.39181	0.14521	0.147789188003540	0.444444444444444	0.170859375000000	0
35000		0.37465	0.28300	0.39210	0.14531	0.147789188003540	0.444444444444444	0.170859375000000	0
35500		0.37366	0.28214	0.39209	0.14548	0.147789188003540	0.444444444444444	0.170859375000000	0
36000		0.37389	0.28129	0.39268	0.14563	0.147789188003540	0.444444444444444	0.170859375000000	0
36500		0.37393	0.28076	0.39318	0.14588	0.147789188003540	0.444444444444444	0.170859375000000	0
37000		0.37375	0.28061	0.39325	0.14599	0.147789188003540	0.444444444444444	0.170859375000000	0
37500		0.37368	0.28014	0.39326	0.14603	0.147789188003540	0.444444444444444	0.170859375000000	0
38000		0.37393	0.27995	0.39293	0.14605	0.147789188003540	0.444444444444444	0.170859375000000	0
38500		0.37403	0.27971	0.39297	0.14605	0.147789188003540	0.444444444444444	0.170859375000000	0
39000		0.37370	0.27861	0.39313	0.14632	0.147789188003540	0.444444444444444	0.170859375000000	0
39500		0.37338	0.27888	0.39317	0.14643	0.147789188003540	0.444444444444444	0.170859375000000	0
40000		0.37303	0.27833	0.39321	0.14663	0.147789188003540	0.444444444444444	0.170859375000000	0
40500		0.37292	0.27818	0.39370	0.14673	0.147789188003540	0.444444444444444	0.170859375000000	0
41000		0.37353	0.27775	0.39381	0.14684	0.147789188003540	0.444444444444444	0.170859375000000	0
41500		0.37342	0.27728	0.39400	0.14706	0.147789188003540	0.444444444444444	0.170859375000000	0
42000		0.37421	0.27793	0.39408	0.14695	0.147789188003540	0.444444444444444	0.170859375000000	0
42500		0.37427	0.27735	0.39400	0.14699	0.147789188003540	0.444444444444444	0.170859375000000	0
43000		0.37506	0.27831	0.39359	0.14693	0.147789188003540	0.444444444444444	0.170859375000000	0
43500		0.37571	0.27887	0.39340	0.14690	0.147789188003540	0.444444444444444	0.170859375000000	0
44000		0.37586	0.27872	0.39358	0.14701	0.147789188003540	0.444444444444444	0.170859375000000	0
44500		0.37527	0.27839	0.39400	0.14706	0.147789188003540	0.444444444444444	0.170859375000000	0
45000		0.37619	0.27830	0.39443	0.14711	0.147789188003540	0.444444444444444	0.170859375000000	0
45500		0.37636	0.27822	0.39476	0.14713	0.147789188003540	0.444444444444444	0.170859375000000	0
46000		0.37627	0.27809	0.39438	0.14722	0.147789188003540	0.444444444444444	0.170859375000000	0
46500		0.37667	0.27734	0.39470	0.14734	0.147789188003540	0.444444444444444	0.170859375000000	0
47000		0.37647	0.27772	0.39425	0.14742	0.147789188003540	0.444444444444444	0.170859375000000	0
47500		0.37681	0.27828	0.39452	0.14744	0.147789188003540	0.444444444444444	0.170859375000000	0
48000		0.37615	0.27813	0.39474	0.14763	0.147789188003540	0.444444444444444	0.170859375000000	0
48500		0.37590	0.27785	0.39516	0.14776	0.147789188003540	0.444444444444444	0.170859375000000	0
49000		0.37578	0.27752	0.39554	0.14800	0.147789188003540	0.444444444444444	0.170859375000000	0
49500		0.37617	0.27751	0.39574	0.14808	0.147789188003540	0.444444444444444	0.170859375000000	0
50000		0.37602	0.27755	0.39630	0.14812	0.147789188003540	0.444444444444444	0.170859375000000	0
50500		0.37614	0.27731	0.39619	0.14818	0.147789188003540	0.444444444444444	0.170859375000000	0
51000		0.37595	0.27688	0.39579	0.14832	0.147789188003540	0.444444444444444	0.170859375000000	0
51500		0.37626	0.27725	0.39569	0.14844	0.147789188003540	0.444444444444444	0.170859375000000	0
52000		0.37647	0.27747	0.39563	0.14839	0.147789188003540	0.444444444444444	0.170859375000000	0
52500		0.37667	0.27775	0.39522	0.14833	0.147789188003540	0.444444444444444	0.170859375000000	0
53000		0.37657	0.27742	0.39535	0.14844	0.147789188003540	0.444444444444444	0.170859375000000	0
53500		0.37638	0.27724	0.39538	0.14854	0.147789188003540	0.444444444444444	0.170859375000000	0
54000		0.37653	0.27726	0.39531	0.14849	0.147789188003540	0.444444444444444	0.170859375000000	0
54500		0.37633	0.27727	0.39531	0.14839	0.147789188003540	0.444444444444444	0.170859375000000	0
55000		0.37667	0.27719	0.39511	0.14837	0.147789188003540	0.444444444444444	0.170859375000000	0
55500		0.37701	0.27717	0.39550	0.14838	0.147789188003540	0.444444444444444	0.170859375000000	0
56000		0.37672	0.27724	0.39545	0.14851	0.147789188003540	0.444444444444444	0.170859375000000	0
56500		0.37627	0.27679	0.39538	0.14859	0.147789188003540	0.444444444444444	0.170859375000000	0
57000		0.37646	0.27671	0.39536	0.14854	0.147789188003540	0.444444444444444	0.170859375000000	0
57500		0.37664	0.27660	0.39559	0.14867	0.147789188003540	0.444444444444444	0.170859375000000	0
58000		0.37637	0.27639	0.39583	0.14877	0.147789188003540	0.444444444444444	0.170859375000000	0
58500		0.37648	0.27637	0.39587	0.14872	0.147789188003540	0.444444444444444	0.170859375000000	0
59000		0.37658	0.27621	0.39593	0.14869	0.147789188003540	0.444444444444444	0.170859375000000	0
59500		0.37663	0.27605	0.39577	0.14882	0.147789188003540	0.444444444444444	0.170859375000000	0
60000		0.37647	0.27561	0.39632	0.14885	0.147789188003540	0.444444444444444	0.170859375000000	0
60500		0.37588	0.27523	0.39665	0.14894	0.147789188003540	0.444444444444444	0.170859375000000	0
61000		0.37550	0.27512	0.39670	0.14899	0.147789188003540	0.444444444444444	0.170859375000000	0
61500		0.37507	0.27514	0.39681	0.14901	0.147789188003540	0.444444444444444	0.170859375000000	0
62000		0.37515	0.27526	0.39655	0.14905	0.147789188003540	0.444444444444444	0.170859375000000	0
62500		0.37507	0.27528	0.39639	0.14908	0.147789188003540	0.444444444444444	0.170859375000000	0
63000		0.37513	0.27513	0.39662	0.14910	0.147789188003540	0.444444444444444	0.170859375000000	0
63500		0.37527	0.27501	0.39670	0.14920	0.147789188003540	0.444444444444444	0.170859375000000	0
64000		0.37465	0.27481	0.39686	0.14931	0.147789188003540	0.444444444444444	0.170859375000000	0
64500		0.37418	0.27460	0.39707	0.14938	0.147789188003540	0.444444444444444	0.170859375000000	0
65000		0.37404	0.27455	0.39699	0.14942	0.147789188003540	0.444444444444444	0.170859375000000	0
65500		0.37382	0.27454	0.39681	0.14941	0.147789188003540	0.444444444444444	0.170859375000000	0
66000		0.37395	0.27445	0.39678	0.14946	0.147789188003540	0.444444444444444	0.170859375000000	0
66500		0.37437	0.27444	0.39671	0.14946	0.147789188003540	0.444444444444444	0.170859375000000	0
67000		0.37447	0.27442	0.39652	0.14938	0.147789188003540	0.444444444444444	0.170859375000000	0
67500		0.37412	0.27433	0.39669	0.14934	0.147789188003540	0.444444444444444	0.170859375000000	0
68000		0.37395	0.27378	0.39671	0.14945	0.147789188003540	0.444444444444444	0.170859375000000	0
68500		0.37395	0.27360	0.39657	0.14945	0.147789188003540	0.444444444444444	0.170859375000000	0
69000		0.37405	0.27359	0.39637	0.14941	0.147789188003540	0.444444444444444	0.170859375000000	0
69500		0.37392	0.27336	0.39676	0.14941	0.147789188003540	0.444444444444444	0.170859375000000	0
70000		0.37390	0.27314	0.39710	0.14944	0.147789188003540	0.444444444444444	0.170859375000000	0
70500		0.37377	0.27329	0.39727	0.14950	0.147789188003540	0.444444444444444	0.170859375000000	0
71000		0.37371	0.27323	0.39730	0.14953	0.147789188003540	0.444444444444444	0.170859375000000	0
71500		0.37344	0.27309	0.39734	0.14950	0.147789188003540	0.444444444444444	0.170859375000000	0
72000		0.37344	0.27320	0.39717	0.14949	0.147789188003540	0.444444444444444	0.170859375000000	0
72500		0.37332	0.27302	0.39709	0.14947	0.147789188003540	0.444444444444444	0.170859375000000	0
73000		0.37333	0.27294	0.39706	0.14950	0.147789188003540	0.444444444444444	0.170859375000000	0
73500		0.37302	0.27284	0.39713	0.14954	0.147789188003540	0.444444444444444	0.170859375000000	0
74000		0.37292	0.27286	0.39725	0.14952	0.147789188003540	0.444444444444444	0.170859375000000	0
74500		0.37255	0.27239	0.39766	0.14967	0.147789188003540	0.444444444444444	0.170859375000000	0
75000		0.37244	0.27200	0.39782	0.14976	0.147789188003540	0.444444444444444	0.170859375000000	0
75500		0.37241	0.27200	0.39772	0.14974	0.147789188003540	0.444444444444444	0.170859375000000	0
76000		0.37254	0.27220	0.39768	0.14972	0.147789188003540	0.444444444444444	0.170859375000000	0
76500		0.37230	0.27207	0.39793	0.14988	0.147789188003540	0.444444444444444	0.170859375000000	0
77000		0.37199	0.27188	0.39795	0.14994	0.147789188003540	0.444444444444444	0.170859375000000	0
77500		0.37201	0.27184	0.39812	0.15003	0.147789188003540	0.444444444444444	0.170859375000000	0
78000		0.37206	0.27199	0.39809	0.15003	0.147789188003540	0.444444444444444	0.170859375000000	0
78500		0.37187	0.27186	0.39843	0.15010	0.147789188003540	0.444444444444444	0.170859375000000	0
79000		0.37210	0.27205	0.39829	0.15012	0.147789188003540	0.444444444444444	0.170859375000000	0
79500		0.37218	0.27195	0.39826	0.15013	0.147789188003540	0.444444444444444	0.170859375000000	0
80000		0.37237	0.27185	0.39822	0.15010	0.147789188003540	0.444444444444444	0.170859375000000	0
80500		0.37252	0.27184	0.39831	0.15012	0.147789188003540	0.444444444444444	0.170859375000000	0
81000		0.37257	0.27146	0.39836	0.15018	0.147789188003540	0.444444444444444	0.170859375000000	0
81500		0.37261	0.27150	0.39828	0.15021	0.147789188003540	0.444444444444444	0.170859375000000	0
82000		0.37233	0.27122	0.39831	0.15025	0.147789188003540	0.444444444444444	0.170859375000000	0
82500		0.37252	0.27140	0.39794	0.15024	0.147789188003540	0.444444444444444	0.170859375000000	0
83000		0.37241	0.27132	0.39815	0.15016	0.147789188003540	0.444444444444444	0.170859375000000	0
83500		0.37244	0.27145	0.39803	0.15015	0.147789188003540	0.444444444444444	0.170859375000000	0
84000		0.37247	0.27129	0.39798	0.15018	0.147789188003540	0.444444444444444	0.170859375000000	0
84500		0.37233	0.27125	0.39802	0.15019	0.147789188003540	0.444444444444444	0.170859375000000	0
85000		0.37211	0.27119	0.39818	0.15019	0.147789188003540	0.444444444444444	0.170859375000000	0
85500		0.37239	0.27118	0.39824	0.15015	0.147789188003540	0.444444444444444	0.170859375000000	0
86000		0.37226	0.27115	0.39823	0.15012	0.147789188003540	0.444444444444444	0.170859375000000	0
86500		0.37213	0.27111	0.39857	0.15013	0.147789188003540	0.444444444444444	0.170859375000000	0
87000		0.37215	0.27101	0.39877	0.15013	0.147789188003540	0.444444444444444	0.170859375000000	0
87500		0.37199	0.27077	0.39858	0.15017	0.147789188003540	0.444444444444444	0.170859375000000	0
88000		0.37186	0.27054	0.39841	0.15021	0.147789188003540	0.444444444444444	0.170859375000000	0
88500		0.37197	0.27056	0.39834	0.15024	0.147789188003540	0.444444444444444	0.170859375000000	0
89000		0.37180	0.27039	0.39832	0.15028	0.147789188003540	0.444444444444444	0.170859375000000	0
89500		0.37145	0.27034	0.39843	0.15032	0.147789188003540	0.444444444444444	0.170859375000000	0
90000		0.37141	0.27024	0.39842	0.15033	0.147789188003540	0.444444444444444	0.170859375000000	0
90500		0.37179	0.27020	0.39824	0.15032	0.147789188003540	0.444444444444444	0.170859375000000	0
91000		0.37176	0.27020	0.39822	0.15036	0.147789188003540	0.444444444444444	0.170859375000000	0
91500		0.37195	0.27020	0.39819	0.15041	0.147789188003540	0.444444444444444	0.170859375000000	0
92000		0.37178	0.27014	0.39825	0.15041	0.147789188003540	0.444444444444444	0.170859375000000	0
92500		0.37163	0.27007	0.39829	0.15051	0.147789188003540	0.444444444444444	0.170859375000000	0
93000		0.37168	0.27009	0.39834	0.15052	0.147789188003540	0.444444444444444	0.170859375000000	0
93500		0.37166	0.27023	0.39850	0.15055	0.147789188003540	0.444444444444444	0.170859375000000	0
94000		0.37176	0.27010	0.39862	0.15053	0.147789188003540	0.444444444444444	0.170859375000000	0
94500		0.37186	0.27017	0.39845	0.15050	0.147789188003540	0.444444444444444	0.170859375000000	0
95000		0.37206	0.27021	0.39845	0.15044	0.147789188003540	0.444444444444444	0.170859375000000	0
95500		0.37197	0.27030	0.39859	0.15054	0.147789188003540	0.444444444444444	0.170859375000000	0
96000		0.37186	0.27024	0.39874	0.15062	0.147789188003540	0.444444444444444	0.170859375000000	0
96500		0.37191	0.27002	0.39876	0.15067	0.147789188003540	0.444444444444444	0.170859375000000	0
97000		0.37182	0.27008	0.39879	0.15073	0.147789188003540	0.444444444444444	0.170859375000000	0
97500		0.37199	0.27022	0.39851	0.15071	0.147789188003540	0.444444444444444	0.170859375000000	0
98000		0.37189	0.27015	0.39856	0.15074	0.147789188003540	0.444444444444444	0.170859375000000	0
98500		0.37187	0.27004	0.39876	0.15078	0.147789188003540	0.444444444444444	0.170859375000000	0
99000		0.37181	0.27007	0.39873	0.15081	0.147789188003540	0.444444444444444	0.170859375000000	0
99500		0.37186	0.27003	0.39874	0.15082	0.147789188003540	0.444444444444444	0.170859375000000	0
100000		0.37180	0.26998	0.39877	0.15087	0.147789188003540	0.444444444444444	0.170859375000000	0