step	p_accept_mu1	p_accept_gamma	p_accept_pi	p_accept_Tinf	sigma_mu1	sigma_gamma	sigma_pi	n_like_zero
1		1.00000	1.00000	0.50000	1.00000	0.000100000000000	1.000000000000000	0.010000000000000	0
500		1.00000	1.00000	0.80800	0.74749	0.000100000000000	1.000000000000000	0.010000000000000	0
1000		-nan	-nan	0.95600	0.74983	0.000150000000000	1.000000000000000	0.015000000000000	0
1500		-nan	-nan	0.93800	0.75238	0.000150000000000	1.000000000000000	0.022500000000000	0
2000		-nan	-nan	0.86400	0.75472	0.000150000000000	1.000000000000000	0.033750000000000	0
2500		-nan	-nan	0.79400	0.75699	0.000150000000000	1.000000000000000	0.050625000000000	0
3000		-nan	-nan	0.71400	0.75761	0.000150000000000	1.000000000000000	0.075937500000000	0
3500		-nan	-nan	0.57000	0.75827	0.000150000000000	1.000000000000000	0.113906250000000	0
4000		-nan	-nan	0.44200	0.75880	0.000150000000000	1.000000000000000	0.170859375000000	0
4500		-nan	-nan	0.41700	0.75948	0.000150000000000	1.000000000000000	0.170859375000000	0
5000		-nan	-nan	0.41667	0.75948	0.000150000000000	1.000000000000000	0.170859375000000	0
5500		-nan	-nan	0.41400	0.75874	0.000150000000000	1.000000000000000	0.170859375000000	0
6000		-nan	-nan	0.41280	0.75850	0.000150000000000	1.000000000000000	0.170859375000000	0
6500		-nan	-nan	0.40667	0.75810	0.000150000000000	1.000000000000000	0.170859375000000	0
7000		-nan	-nan	0.40371	0.75737	0.000150000000000	1.000000000000000	0.170859375000000	0
7500		-nan	-nan	0.40500	0.75651	0.000150000000000	1.000000000000000	0.170859375000000	0
8000		-nan	-nan	0.40400	0.75653	0.000150000000000	1.000000000000000	0.170859375000000	0
8500		-nan	-nan	0.40300	0.75595	0.000150000000000	1.000000000000000	0.170859375000000	0
9000		-nan	-nan	0.40418	0.75515	0.000150000000000	1.000000000000000	0.170859375000000	0
9500		-nan	-nan	0.40133	0.75444	0.000150000000000	1.000000000000000	0.170859375000000	0
10000		-nan	-nan	0.40015	0.75399	0.000150000000000	1.000000000000000	0.170859375000000	0
10500		-nan	-nan	0.40043	0.75388	0.000150000000000	1.000000000000000	0.170859375000000	0
11000		-nan	-nan	0.40267	0.75403	0.000150000000000	1.000000000000000	0.170859375000000	0
11500		-nan	-nan	0.40563	0.75424	0.000150000000000	1.000000000000000	0.170859375000000	0
12000		-nan	-nan	0.40612	0.75446	0.000150000000000	1.000000000000000	0.170859375000000	0
12500		-nan	-nan	0.40856	0.75431	0.000150000000000	1.000000000000000	0.170859375000000	0
13000		-nan	-nan	0.40526	0.75440	0.000150000000000	1.000000000000000	0.170859375000000	0
13500		-nan	-nan	0.40620	0.75400	0.000150000000000	1.000000000000000	0.170859375000000	0
14000		-nan	-nan	0.40533	0.75400	0.000150000000000	1.000000000000000	0.170859375000000	0
14500		-nan	-nan	0.40500	0.75369	0.000150000000000	1.000000000000000	0.170859375000000	0
15000		-nan	-nan	0.40565	0.75364	0.000150000000000	1.000000000000000	0.170859375000000	0
15500		-nan	-nan	0.40333	0.75360	0.000150000000000	1.000000000000000	0.170859375000000	0
16000		-nan	-nan	0.40176	0.75331	0.000150000000000	1.000000000000000	0.170859375000000	0
16500		-nan	-nan	0.40069	0.75309	0.000150000000000	1.000000000000000	0.170859375000000	0
17000		-nan	-nan	0.40074	0.75304	0.000150000000000	1.000000000000000	0.170859375000000	0
17500		-nan	-nan	0.40107	0.75311	0.000150000000000	1.000000000000000	0.170859375000000	0
18000		-nan	-nan	0.40062	0.75285	0.000150000000000	1.000000000000000	0.170859375000000	0
18500		-nan	-nan	0.39967	0.75279	0.000150000000000	1.000000000000000	0.170859375000000	0
19000		-nan	-nan	0.40116	0.75275	0.000150000000000	1.000000000000000	0.170859375000000	0
19500		-nan	-nan	0.40087	0.75260	0.000150000000000	1.000000000000000	0.170859375000000	0
20000		-nan	-nan	0.40061	0.75252	0.000150000000000	1.000000000000000	0.170859375000000	0
20500		-nan	-nan	0.40035	0.75253	0.000150000000000	1.000000000000000	0.170859375000000	0
21000		-nan	-nan	0.40034	0.75258	0.000150000000000	1.000000000000000	0.170859375000000	0
21500		-nan	-nan	0.39939	0.75249	0.000150000000000	1.000000000000000	0.170859375000000	0
22000		-nan	-nan	0.39870	0.75236	0.000150000000000	1.000000000000000	0.170859375000000	0
22500		-nan	-nan	0.39995	0.75238	0.000150000000000	1.000000000000000	0.170859375000000	0
23000		-nan	-nan	0.39954	0.75232	0.000150000000000	1.000000000000000	0.170859375000000	0
23500		-nan	-nan	0.39925	0.75234	0.000150000000000	1.000000000000000	0.170859375000000	0
24000		-nan	-nan	0.39946	0.75221	0.000150000000000	1.000000000000000	0.170859375000000	0
24500		-nan	-nan	0.39952	0.75204	0.000150000000000	1.000000000000000	0.170859375000000	0
25000		-nan	-nan	0.39879	0.75202	0.000150000000000	1.000000000000000	0.170859375000000	0
25500		-nan	-nan	0.39886	0.75199	0.000150000000000	1.000000000000000	0.170859375000000	0
26000		-nan	-nan	0.39773	0.75200	0.000150000000000	1.000000000000000	0.170859375000000	0
26500		-nan	-nan	0.39739	0.75198	0.000150000000000	1.000000000000000	0.170859375000000	0
27000		-nan	-nan	0.39757	0.75200	0.000150000000000	1.000000000000000	0.170859375000000	0
27500		-nan	-nan	0.39637	0.75193	0.000150000000000	1.000000000000000	0.170859375000000	0
28000		-nan	-nan	0.39645	0.75198	0.000150000000000	1.000000000000000	0.170859375000000	0
28500		-nan	-nan	0.39648	0.75200	0.000150000000000	1.000000000000000	0.170859375000000	0
29000		-nan	-nan	0.39620	0.75198	0.000150000000000	1.000000000000000	0.170859375000000	0
29500		-nan	-nan	0.39631	0.75186	0.000150000000000	1.000000000000000	0.170859375000000	0
30000		-nan	-nan	0.39592	0.75167	0.000150000000000	1.000000000000000	0.170859375000000	0
30500		-nan	-nan	0.39596	0.75157	0.000150000000000	1.000000000000000	0.170859375000000	0
31000		-nan	-nan	0.39582	0.75147	0.000150000000000	1.000000000000000	0.170859375000000	0
31500		-nan	-nan	0.39529	0.75151	0.000150000000000	1.000000000000000	0.170859375000000	0
32000		-nan	-nan	0.39467	0.75151	0.000150000000000	1.000000000000000	0.170859375000000	0
32500		-nan	-nan	0.39459	0.75155	0.000150000000000	1.000000000000000	0.170859375000000	0
33000		-nan	-nan	0.39498	0.75155	0.000150000000000	1.000000000000000	0.170859375000000	0
33500		-nan	-nan	0.39477	0.75143	0.000150000000000	1.000000000000000	0.170859375000000	0
34000		-nan	-nan	0.39446	0.75127	0.000150000000000	1.000000000000000	0.170859375000000	0
34500		-nan	-nan	0.39387	0.75113	0.000150000000000	1.000000000000000	0.170859375000000	0
35000		-nan	-nan	0.39422	0.75118	0.000150000000000	1.000000000000000	0.170859375000000	0
35500		-nan	-nan	0.39450	0.75122	0.000150000000000	1.000000000000000	0.170859375000000	0
36000		-nan	-nan	0.39474	0.75117	0.000150000000000	1.000000000000000	0.170859375000000	0
36500		-nan	-nan	0.39433	0.75107	0.000150000000000	1.000000000000000	0.170859375000000	0
37000		-nan	-nan	0.39412	0.75106	0.000150000000000	1.000000000000000	0.170859375000000	0
37500		-nan	-nan	0.39385	0.75099	0.000150000000000	1.000000000000000	0.170859375000000	0
38000		-nan	-nan	0.39458	0.75087	0.000150000000000	1.000000000000000	0.170859375000000	0
38500		-nan	-nan	0.39460	0.75082	0.000150000000000	1.000000000000000	0.170859375000000	0
39000		-nan	-nan	0.39420	0.75074	0.000150000000000	1.000000000000000	0.170859375000000	0
39500		-nan	-nan	0.39408	0.75065	0.000150000000000	1.000000000000000	0.170859375000000	0
40000		-nan	-nan	0.39436	0.75057	0.000150000000000	1.000000000000000	0.170859375000000	0
40500		-nan	-nan	0.39376	0.75053	0.000150000000000	1.000000000000000	0.170859375000000	0
41000		-nan	-nan	0.39445	0.75053	0.000150000000000	1.000000000000000	0.170859375000000	0
41500		-nan	-nan	0.39432	0.75047	0.000150000000000	1.000000000000000	0.170859375000000	0
42000		-nan	-nan	0.39468	0.75047	0.000150000000000	1.000000000000000	0.170859375000000	0
42500		-nan	-nan	0.39492	0.75049	0.000150000000000	1.000000000000000	0.170859375000000	0
43000		-nan	-nan	0.39504	0.75057	0.000150000000000	1.000000000000000	0.170859375000000	0
43500		-nan	-nan	0.39505	0.75059	0.000150000000000	1.000000000000000	0.170859375000000	0
44000		-nan	-nan	0.39521	0.75065	0.000150000000000	1.000000000000000	0.170859375000000	0
44500		-nan	-nan	0.39510	0.75058	0.000150000000000	1.000000000000000	0.170859375000000	0
45000		-nan	-nan	0.39492	0.75058	0.000150000000000	1.000000000000000	0.170859375000000	0
45500		-nan	-nan	0.39488	0.75064	0.000150000000000	1.000000000000000	0.170859375000000	0
46000		-nan	-nan	0.39504	0.75056	0.000150000000000	1.000000000000000	0.170859375000000	0
46500		-nan	-nan	0.39500	0.75052	0.000150000000000	1.000000000000000	0.170859375000000	0
47000		-nan	-nan	0.39503	0.75052	0.000150000000000	1.000000000000000	0.170859375000000	0
47500		-nan	-nan	0.39473	0.75057	0.000150000000000	1.000000000000000	0.170859375000000	0
48000		-nan	-nan	0.39427	0.75062	0.000150000000000	1.000000000000000	0.170859375000000	0
48500		-nan	-nan	0.39360	0.75068	0.000150000000000	1.000000000000000	0.170859375000000	0
49000		-nan	-nan	0.39360	0.75068	0.000150000000000	1.000000000000000	0.170859375000000	0
49500		-nan	-nan	0.39380	0.75065	0.000150000000000	1.000000000000000	0.170859375000000	0
50000		-nan	-nan	0.39400	0.75064	0.000150000000000	1.000000000000000	0.170859375000000	0
50500		-nan	-nan	0.39372	0.75065	0.000150000000000	1.000000000000000	0.170859375000000	0
51000		-nan	-nan	0.39309	0.75066	0.000150000000000	1.000000000000000	0.170859375000000	0
51500		-nan	-nan	0.39267	0.75065	0.000150000000000	1.000000000000000	0.170859375000000	0
52000		-nan	-nan	0.39295	0.75060	0.000150000000000	1.000000000000000	0.170859375000000	0
52500		-nan	-nan	0.39273	0.75054	0.000150000000000	1.000000000000000	0.170859375000000	0
53000		-nan	-nan	0.39299	0.75045	0.000150000000000	1.000000000000000	0.170859375000000	0
53500		-nan	-nan	0.39300	0.75045	0.000150000000000	1.000000000000000	0.170859375000000	0
54000		-nan	-nan	0.39295	0.75040	0.000150000000000	1.000000000000000	0.170859375000000	0
54500		-nan	-nan	0.39302	0.75039	0.000150000000000	1.000000000000000	0.170859375000000	0
55000		-nan	-nan	0.39320	0.75033	0.000150000000000	1.000000000000000	0.170859375000000	0
55500		-nan	-nan	0.39300	0.75031	0.000150000000000	1.000000000000000	0.170859375000000	0
56000		-nan	-nan	0.39301	0.75026	0.000150000000000	1.000000000000000	0.170859375000000	0
56500		-nan	-nan	0.39281	0.75019	0.000150000000000	1.000000000000000	0.170859375000000	0
57000		-nan	-nan	0.39307	0.75020	0.000150000000000	1.000000000000000	0.170859375000000	0
57500		-nan	-nan	0.39302	0.75023	0.000150000000000	1.000000000000000	0.170859375000000	0
58000		-nan	-nan	0.39272	0.75018	0.000150000000000	1.000000000000000	0.170859375000000	0
58500		-nan	-nan	0.39296	0.75021	0.000150000000000	1.000000000000000	0.170859375000000	0
59000		-nan	-nan	0.39305	0.75021	0.000150000000000	1.000000000000000	0.170859375000000	0
59500		-nan	-nan	0.39361	0.75018	0.000150000000000	1.000000000000000	0.170859375000000	0
60000		-nan	-nan	0.39382	0.75016	0.000150000000000	1.000000000000000	0.170859375000000	0
60500		-nan	-nan	0.39418	0.75017	0.000150000000000	1.000000000000000	0.170859375000000	0
61000		-nan	-nan	0.39407	0.75018	0.000150000000000	1.000000000000000	0.170859375000000	0
61500		-nan	-nan	0.39455	0.75022	0.000150000000000	1.000000000000000	0.170859375000000	0
62000		-nan	-nan	0.39421	0.75025	0.000150000000000	1.000000000000000	0.170859375000000	0
62500		-nan	-nan	0.39408	0.75021	0.000150000000000	1.000000000000000	0.170859375000000	0
63000		-nan	-nan	0.39413	0.75017	0.000150000000000	1.000000000000000	0.170859375000000	0
63500		-nan	-nan	0.39405	0.75015	0.000150000000000	1.000000000000000	0.170859375000000	0
64000		-nan	-nan	0.39410	0.75014	0.000150000000000	1.000000000000000	0.170859375000000	0
64500		-nan	-nan	0.39408	0.75016	0.000150000000000	1.000000000000000	0.170859375000000	0
65000		-nan	-nan	0.39405	0.75018	0.000150000000000	1.000000000000000	0.170859375000000	0
65500		-nan	-nan	0.39432	0.75020	0.000150000000000	1.000000000000000	0.170859375000000	0
66000		-nan	-nan	0.39402	0.75017	0.000150000000000	1.000000000000000	0.170859375000000	0
66500		-nan	-nan	0.39406	0.75016	0.000150000000000	1.000000000000000	0.170859375000000	0
67000		-nan	-nan	0.39406	0.75020	0.000150000000000	1.000000000000000	0.170859375000000	0
67500		-nan	-nan	0.39414	0.75014	0.000150000000000	1.000000000000000	0.170859375000000	0
68000		-nan	-nan	0.39420	0.75014	0.000150000000000	1.000000000000000	0.170859375000000	0
68500		-nan	-nan	0.39422	0.75013	0.000150000000000	1.000000000000000	0.170859375000000	0
69000		-nan	-nan	0.39440	0.75016	0.000150000000000	1.000000000000000	0.170859375000000	0
69500		-nan	-nan	0.39423	0.75014	0.000150000000000	1.000000000000000	0.170859375000000	0
70000		-nan	-nan	0.39436	0.75018	0.000150000000000	1.000000000000000	0.170859375000000	0
70500		-nan	-nan	0.39440	0.75017	0.000150000000000	1.000000000000000	0.170859375000000	0
71000		-nan	-nan	0.39455	0.75012	0.000150000000000	1.000000000000000	0.170859375000000	0
71500		-nan	-nan	0.39425	0.75013	0.000150000000000	1.000000000000000	0.170859375000000	0
72000		-nan	-nan	0.39384	0.75011	0.000150000000000	1.000000000000000	0.170859375000000	0
72500		-nan	-nan	0.39407	0.75010	0.000150000000000	1.000000000000000	0.170859375000000	0
73000		-nan	-nan	0.39435	0.75009	0.000150000000000	1.000000000000000	0.170859375000000	0
73500		-nan	-nan	0.39441	0.75009	0.000150000000000	1.000000000000000	0.170859375000000	0
74000		-nan	-nan	0.39450	0.75009	0.000150000000000	1.000000000000000	0.170859375000000	0
74500		-nan	-nan	0.39430	0.75008	0.000150000000000	1.000000000000000	0.170859375000000	0
75000		-nan	-nan	0.39432	0.75005	0.000150000000000	1.000000000000000	0.170859375000000	0
75500		-nan	-nan	0.39408	0.75011	0.000150000000000	1.000000000000000	0.170859375000000	0
76000		-nan	-nan	0.39426	0.75014	0.000150000000000	1.000000000000000	0.170859375000000	0
76500		-nan	-nan	0.39426	0.75014	0.000150000000000	1.000000000000000	0.170859375000000	0
77000		-nan	-nan	0.39429	0.75015	0.000150000000000	1.000000000000000	0.170859375000000	0
77500		-nan	-nan	0.39430	0.75019	0.000150000000000	1.000000000000000	0.170859375000000	0
78000		-nan	-nan	0.39428	0.75017	0.000150000000000	1.000000000000000	0.170859375000000	0
78500		-nan	-nan	0.39408	0.75017	0.000150000000000	1.000000000000000	0.170859375000000	0
79000		-nan	-nan	0.39397	0.75013	0.000150000000000	1.000000000000000	0.170859375000000	0
79500		-nan	-nan	0.39404	0.75010	0.000150000000000	1.000000000000000	0.170859375000000	0
80000		-nan	-nan	0.39400	0.75011	0.000150000000000	1.000000000000000	0.170859375000000	0
80500		-nan	-nan	0.39373	0.75011	0.000150000000000	1.000000000000000	0.170859375000000	0
81000		-nan	-nan	0.39381	0.75013	0.000150000000000	1.000000000000000	0.170859375000000	0
81500		-nan	-nan	0.39408	0.75011	0.000150000000000	1.000000000000000	0.170859375000000	0
82000		-nan	-nan	0.39403	0.75009	0.000150000000000	1.000000000000000	0.170859375000000	0
82500		-nan	-nan	0.39427	0.75009	0.000150000000000	1.000000000000000	0.170859375000000	0
83000		-nan	-nan	0.39423	0.75009	0.000150000000000	1.000000000000000	0.170859375000000	0
83500		-nan	-nan	0.39455	0.75010	0.000150000000000	1.000000000000000	0.170859375000000	0
84000		-nan	-nan	0.39450	0.75014	0.000150000000000	1.000000000000000	0.170859375000000	0
84500		-nan	-nan	0.39436	0.75014	0.000150000000000	1.000000000000000	0.170859375000000	0
85000		-nan	-nan	0.39444	0.75014	0.000150000000000	1.000000000000000	0.170859375000000	0
85500		-nan	-nan	0.39444	0.75018	0.000150000000000	1.000000000000000	0.170859375000000	0
86000		-nan	-nan	0.39474	0.75019	0.000150000000000	1.000000000000000	0.170859375000000	0
86500		-nan	-nan	0.39512	0.75024	0.000150000000000	1.000000000000000	0.170859375000000	0
87000		-nan	-nan	0.39502	0.75020	0.000150000000000	1.000000000000000	0.170859375000000	0
87500		-nan	-nan	0.39494	0.75019	0.000150000000000	1.000000000000000	0.170859375000000	0
88000		-nan	-nan	0.39486	0.75021	0.000150000000000	1.000000000000000	0.170859375000000	0
88500		-nan	-nan	0.39464	0.75023	0.000150000000000	1.000000000000000	0.170859375000000	0
89000		-nan	-nan	0.39471	0.75025	0.000150000000000	1.000000000000000	0.170859375000000	0
89500		-nan	-nan	0.39463	0.75027	0.000150000000000	1.000000000000000	0.170859375000000	0
90000		-nan	-nan	0.39496	0.75026	0.000150000000000	1.000000000000000	0.170859375000000	0
90500		-nan	-nan	0.39485	0.75023	0.000150000000000	1.000000000000000	0.170859375000000	0
91000		-nan	-nan	0.39485	0.75023	0.000150000000000	1.000000000000000	0.170859375000000	0
91500		-nan	-nan	0.39474	0.75021	0.000150000000000	1.000000000000000	0.170859375000000	0
92000		-nan	-nan	0.39481	0.75021	0.000150000000000	1.000000000000000	0.170859375000000	0
92500		-nan	-nan	0.39476	0.75022	0.000150000000000	1.000000000000000	0.170859375000000	0
93000		-nan	-nan	0.39477	0.75019	0.000150000000000	1.000000000000000	0.170859375000000	0
93500		-nan	-nan	0.39493	0.75019	0.000150000000000	1.000000000000000	0.170859375000000	0
94000		-nan	-nan	0.39498	0.75021	0.000150000000000	1.000000000000000	0.170859375000000	0
94500		-nan	-nan	0.39502	0.75021	0.000150000000000	1.000000000000000	0.170859375000000	0
95000		-nan	-nan	0.39508	0.75025	0.000150000000000	1.000000000000000	0.170859375000000	0
95500		-nan	-nan	0.39528	0.75030	0.000150000000000	1.000000000000000	0.170859375000000	0
96000		-nan	-nan	0.39535	0.75033	0.000150000000000	1.000000000000000	0.170859375000000	0
96500		-nan	-nan	0.39539	0.75033	0.000150000000000	1.000000000000000	0.170859375000000	0
97000		-nan	-nan	0.39530	0.75033	0.000150000000000	1.000000000000000	0.170859375000000	0
97500		-nan	-nan	0.39521	0.75034	0.000150000000000	1.000000000000000	0.170859375000000	0
98000		-nan	-nan	0.39519	0.75035	0.000150000000000	1.000000000000000	0.170859375000000	0
98500		-nan	-nan	0.39528	0.75036	0.000150000000000	1.000000000000000	0.170859375000000	0
99000		-nan	-nan	0.39529	0.75037	0.000150000000000	1.000000000000000	0.170859375000000	0
99500		-nan	-nan	0.39546	0.75040	0.000150000000000	1.000000000000000	0.170859375000000	0
100000		-nan	-nan	0.39555	0.75038	0.000150000000000	1.000000000000000	0.170859375000000	0