step	post	like	prior	mu1	mu2	gamma	pi	Tinf_1	Tinf_2	Tinf_3	Tinf_4	Tinf_5	Tinf_6	Tinf_7	Tinf_8	Tinf_9	Tinf_10	Tinf_11	Tinf_12	alpha_1	alpha_2	alpha_3	alpha_4	alpha_5	alpha_6	alpha_7	alpha_8	alpha_9	alpha_10	alpha_11	alpha_12	kappa_1	kappa_2	kappa_3	kappa_4	kappa_5	kappa_6	kappa_7	kappa_8	kappa_9	kappa_10	kappa_11	kappa_12
1	-57.201092618415601	-55.739010533896717	-1.462082084518882	0.000010000000000	0.000010000000000	1.000000000000000	0.816102455720041	0	0	1	2	2	5	4	4	5	6	7	12	0	0	1	1	1	1	1	1	1	1	1	1	1	1	1	1	1	3	2	2	3	3	4	6
500	-37.624691437850210	-36.257456973743771	-1.367234464106439	0.000010013779459	0.000004953103975	0.494628825694862	0.665353763114365	0	1	2	2	3	5	3	4	6	5	7	12	0	1	1	1	3	5	1	7	5	5	9	11	1	1	1	1	1	1	2	1	1	1	1	2
1000	-42.572878093571774	-41.077761108768229	-1.495116984803545	0.000010020428202	0.000010912646387	1.089039925874705	0.624296032845179	-1	0	1	3	2	5	3	4	6	7	8	12	0	1	1	3	3	8	3	3	4	4	9	9	1	1	1	1	1	1	1	1	2	3	1	3
1500	-40.989077378989208	-39.628055009446413	-1.361022369542798	0.000010016405061	0.000005848057242	0.583847918138320	0.666076898063956	0	1	2	2	2	4	4	3	5	6	6	12	0	1	1	1	2	4	2	2	6	3	6	10	1	1	1	1	1	1	2	2	1	2	1	3
2000	-40.622107838400048	-38.532372348721708	-2.089735489678337	0.000009996858033	0.000025764993560	2.577309138044296	0.940282788951229	-1	0	1	2	3	5	2	4	5	6	8	12	0	1	2	2	4	7	2	4	8	4	10	10	1	1	1	1	1	1	1	1	1	1	1	2
2500	-39.564474101574817	-38.200320023313694	-1.364154078261125	0.000010373563672	0.000006544656654	0.630897622143438	0.685224229432982	-1	1	1	2	2	6	4	4	5	6	7	12	0	1	1	3	3	7	2	4	7	3	4	6	1	1	1	1	1	1	2	1	1	3	2	3
3000	-47.128051546122968	-45.731681653455439	-1.396369892667530	0.000010335076956	0.000008217727995	0.795129831164695	0.716249338374147	-2	-1	0	3	1	5	2	4	4	6	6	12	0	1	1	7	2	4	3	7	3	8	5	11	1	1	1	1	1	1	1	1	3	1	2	3
3500	-46.826527601180011	-45.465267804357417	-1.361259796822591	0.000009670895818	0.000005312493925	0.549328006870593	0.512986492302245	-1	1	2	1	2	5	3	5	4	7	7	13	0	1	1	1	1	7	5	7	3	3	6	10	1	1	1	1	2	1	1	1	1	4	1	2
4000	-37.811963142408921	-35.966269521913340	-1.845693620495584	0.000009525166408	0.000018585261387	1.951174456259650	0.868092625510291	-1	1	1	3	2	6	3	4	5	4	7	10	0	1	1	2	3	10	3	4	8	2	9	11	1	1	1	1	1	1	1	1	1	1	1	1
4500	-39.983825984806920	-38.424301891469710	-1.559524093337212	0.000009464767562	0.000002452471267	0.259115847426986	0.762872691177012	0	1	2	2	3	4	4	5	5	6	6	11	0	1	2	1	3	2	5	7	7	7	3	11	1	1	1	1	1	1	1	1	1	1	2	3
5000	-37.136398529975395	-35.775459581055259	-1.360938948920137	0.000009725175286	0.000005643431186	0.580290947962798	0.932276986263545	-1	0	1	2	2	6	4	4	6	6	7	10	0	1	2	3	1	7	5	1	7	8	9	6	1	1	1	1	1	1	1	2	1	1	1	2
5500	-41.325527711985778	-39.930163824984220	-1.395363887001555	0.000010909800470	0.000008633594685	0.791361373549795	0.882408743231574	-1	0	0	3	2	6	2	3	5	7	7	12	0	1	1	5	3	4	2	3	8	9	8	6	1	1	1	1	1	1	1	1	1	1	2	2
6000	-37.519369068963599	-35.754990798419115	-1.764378270544481	0.000006487144670	0.000011362307005	1.751511270867722	0.823309281759287	-1	0	0	2	2	5	4	3	4	5	7	11	0	1	1	2	2	8	3	4	5	9	6	11	1	1	1	1	1	1	2	1	1	1	1	1
6500	-34.496367511263728	-33.135176082752828	-1.361191428510897	0.000006572804217	0.000003872696400	0.589200023658650	0.709203300249125	0	1	2	2	3	4	4	3	5	6	8	10	0	1	2	1	2	8	4	2	5	7	9	11	1	1	1	1	1	1	1	1	1	1	1	1
7000	-43.288301407053289	-41.907887286130929	-1.380414120922361	0.000003024760607	0.000001345758797	0.444914150751028	0.921497500064995	0	1	1	3	2	5	5	3	6	7	7	12	0	1	1	2	2	3	4	3	2	6	6	11	1	1	1	2	1	1	1	1	2	1	1	3
7500	-38.270095100028669	-36.869444313602585	-1.400650786426083	0.000004866345836	0.000001948562780	0.400416009449278	0.595928560845522	-1	0	1	2	3	4	3	5	5	6	7	12	0	1	2	2	4	3	3	7	7	8	6	10	1	1	1	1	1	1	1	1	1	1	2	2
8000	-33.744177106740480	-32.268059829802276	-1.476117276938204	0.000006531097500	0.000002041843723	0.312634089868777	0.818075078955745	-1	0	1	2	3	6	5	3	5	5	7	12	0	1	1	2	2	7	8	3	4	8	7	11	1	1	1	1	1	1	1	1	1	1	1	2
8500	-34.857580415992864	-33.380945219872238	-1.476635196120626	0.000006814564184	0.000002127597823	0.312213336866184	0.817113734316666	-1	1	1	3	2	4	4	4	6	5	8	11	0	1	1	5	2	4	5	4	4	8	9	11	1	1	1	1	1	1	1	1	1	1	1	1
9000	-38.399061913234121	-35.827768929143332	-2.571292984090789	0.000006854492922	0.000027311785113	3.984508470974836	0.996565897440544	-1	1	1	2	3	6	4	4	3	6	8	12	0	1	1	3	4	7	5	4	2	8	6	11	1	1	1	1	1	1	1	1	1	1	1	2
9500	-40.650850018420194	-38.709099524458928	-1.941750493961264	0.000000551445176	0.000001208818974	2.192092752665371	0.882017063898615	-1	0	2	3	2	5	5	5	4	7	7	11	0	1	2	5	1	4	5	4	4	9	9	6	1	1	1	1	1	1	1	1	1	2	1	3
10000	-44.473781264504716	-42.426848806690039	-2.046932457814676	0.000003683016667	0.000000485279631	0.131761454030538	0.573848595937001	0	1	1	2	2	4	4	5	6	5	7	12	0	1	1	1	3	3	5	1	8	5	9	7	1	1	1	1	1	2	2	2	1	1	1	3
10500	-41.892355100280071	-39.975632035430110	-1.916723064849962	0.000001030038670	0.000002192647554	2.128704112252664	0.716497682611415	-1	0	1	3	2	6	3	4	5	7	7	13	0	1	2	1	2	9	2	3	5	9	7	10	1	1	1	2	1	1	2	1	1	1	1	3
11000	-45.259744323413791	-42.525126431768413	-2.734617891645381	0.000000540521922	0.000002445513145	4.524355153664938	0.844186337089181	-2	0	1	3	1	5	2	5	5	6	7	12	0	1	2	3	2	3	5	4	1	4	6	11	1	1	1	1	1	1	1	1	4	1	1	2
11500	-43.469219085986467	-42.083696147436612	-1.385522938549853	0.000004104024924	0.000003087133911	0.752221043649392	0.688297330641814	-1	1	0	2	2	4	4	5	6	6	8	13	0	1	1	2	3	4	4	2	6	3	7	7	1	1	1	1	1	1	1	1	1	3	2	4
12000	-42.457775355033654	-37.885852362801465	-4.571922992232191	0.000000368011495	0.000004980906479	13.534649173434559	0.700493117482874	0	1	1	2	2	5	4	4	4	6	7	11	0	1	1	1	1	4	1	4	3	8	6	8	1	1	1	1	1	1	2	2	1	1	1	2
12500	-39.245433562459226	-37.856732907730006	-1.388700654729220	0.000009077125377	0.000003850290584	0.424175102132930	0.740414549278652	-1	1	1	1	2	5	4	4	4	6	8	12	0	1	1	1	3	5	3	3	4	9	6	6	1	1	1	1	1	1	1	1	2	1	1	3
13000	-40.014895967387332	-38.650611171910413	-1.364284795476921	0.000006367382175	0.000003270081271	0.513567614024678	0.637058480154797	0	1	1	2	2	6	4	4	5	6	7	12	0	1	1	3	1	8	1	4	1	5	4	6	1	1	1	1	1	1	2	1	1	2	2	3
13500	-35.595603331291194	-33.730835312104361	-1.864768019186836	0.000003297487216	0.000006590116343	1.998526729815132	0.725870832002652	0	1	1	3	3	5	4	4	4	6	7	11	0	1	1	2	2	9	5	4	5	9	9	10	1	1	1	1	1	1	1	1	1	1	1	2
14000	-31.027653584426822	-29.417515584678142	-1.610137999748680	0.000002893525921	0.000003985375132	1.377342122073182	0.931346461244580	-1	0	1	2	3	6	5	4	5	6	7	11	0	1	1	3	3	8	5	4	5	8	8	10	1	1	1	1	1	1	1	1	1	1	1	2
14500	-40.179657906672510	-38.560355085426579	-1.619302821245933	0.000006852994009	0.000009591896856	1.399665145376142	0.660543783951595	-1	1	2	3	2	6	5	4	4	6	5	11	0	1	2	2	2	8	4	3	3	8	5	10	1	1	1	1	1	1	1	1	1	1	1	3
15000	-37.390051269020482	-35.843231455981666	-1.546819813038814	0.000002295166195	0.000000610139825	0.265836882009373	0.638675018356688	-1	0	2	2	2	4	4	4	6	6	8	13	0	1	1	2	1	5	2	4	8	8	10	9	1	1	1	1	1	1	2	1	1	1	1	4
15500	-36.348589385458546	-34.939923841036695	-1.408665544421852	0.000016915672399	0.000006547705511	0.387079233762350	0.965672066275817	-1	0	2	2	2	6	3	5	5	5	8	10	0	1	1	2	2	8	2	5	5	7	6	11	1	1	1	1	1	1	1	1	1	1	1	1
16000	-37.170340214981479	-35.196721605237599	-1.973618609743881	0.000001336849703	0.000000190900266	0.142798599614687	0.872639277211955	-1	0	2	1	3	4	4	4	6	6	7	12	0	1	2	2	4	5	4	3	7	7	6	11	1	1	1	1	1	1	1	1	1	1	2	3
16500	-43.835158574893782	-38.793197915482388	-5.041960659411393	0.000000078821023	0.000001334570372	16.931655044877395	0.486326126183743	-1	1	2	3	2	6	4	4	5	7	5	11	0	1	2	2	1	11	3	3	4	9	4	7	1	1	1	1	2	1	1	1	1	1	1	3
17000	-37.433919555038074	-35.979515190446648	-1.454404364591427	0.000000988314028	0.000000967052795	0.978487370488220	0.810534912633963	0	1	2	3	2	5	4	4	5	5	6	12	0	1	1	5	1	2	3	4	4	8	5	10	1	1	1	1	1	2	1	1	1	1	2	2
17500	-36.060418719212421	-33.694753626150224	-2.365665093062201	0.000001252880228	0.000004199555573	3.351921020246571	0.998651030629151	-1	0	1	2	2	6	5	4	5	6	8	12	0	1	2	3	1	9	3	5	3	7	6	11	1	1	1	1	1	1	1	1	1	1	1	1
18000	-33.940182422798344	-32.072991618310823	-1.867190804487519	0.000007607227412	0.000001232045113	0.161957181800349	0.885451638571829	-1	1	1	2	2	5	3	4	6	7	7	10	0	1	1	2	2	7	2	3	6	8	6	10	1	1	1	1	1	1	1	1	1	1	1	1
18500	-40.055998995570548	-38.624855700828078	-1.431143294742470	0.000000188721219	0.000000067290912	0.356562513620746	0.704568899567873	-1	1	2	1	3	4	5	3	4	6	7	10	0	1	1	1	1	3	6	4	4	9	7	11	1	1	2	1	2	1	1	1	1	1	1	1
19000	-36.954490479842605	-35.274102135920543	-1.680388343922061	0.000001858555875	0.000002876591797	1.547756425296314	0.760183832759511	-1	0	1	3	3	5	4	4	5	6	7	10	0	1	1	2	3	8	5	5	5	5	5	9	1	1	1	1	1	1	1	1	1	1	2	2
19500	-33.685624416332097	-31.587667450640325	-2.097956965691773	0.000000103793966	0.000000269789340	2.599277680238907	0.863824636822387	0	1	1	2	2	5	4	4	5	6	7	13	0	1	1	2	3	7	5	4	5	6	10	10	1	1	1	1	1	1	1	1	1	1	1	2
20000	-33.073324923199849	-31.690956978254519	-1.382367944945326	0.000023288579262	0.000010237336570	0.439586135974643	0.818518774289989	-1	0	1	3	2	5	4	4	5	7	7	12	0	1	2	3	1	4	4	5	4	9	6	11	1	1	1	1	1	1	1	1	1	1	1	2
20500	-41.902694925963551	-40.474594746835493	-1.428100179128059	0.000002336265452	0.000002105479819	0.901216005656807	0.710635427415657	-1	1	1	3	2	5	4	4	6	3	8	13	0	1	1	3	2	10	5	4	5	5	7	11	1	1	1	1	1	1	1	1	3	1	2	2
21000	-34.339949514123177	-32.972659976888529	-1.367289537234648	0.000000399827605	0.000000262588502	0.656754306495484	0.882500174029706	-1	0	2	2	2	6	4	3	4	7	6	11	0	1	2	2	2	8	4	3	8	11	7	10	1	1	1	1	1	1	1	1	1	1	1	1
21500	-40.006793829126423	-38.641982233353325	-1.364811595773101	0.000013045081720	0.000006648521444	0.509657324249237	0.740956171003065	-1	0	2	2	2	6	4	4	6	6	7	13	0	1	1	2	2	7	5	5	3	7	2	10	1	1	1	1	1	1	1	1	2	1	3	2
22000	-35.070992442841678	-33.063905467871656	-2.007086974970022	0.000000325920787	0.000000769131434	2.359872287595208	0.867888615177479	-1	1	2	3	2	5	4	4	4	6	6	11	0	1	2	1	2	4	3	5	5	7	6	10	1	1	1	2	1	1	1	1	1	1	1	2
22500	-32.054676419805915	-30.573540313743635	-1.481136106062277	0.000012581001020	0.000013234611645	1.051952195464940	0.965132144283019	0	1	1	2	2	3	4	4	5	6	7	11	0	1	1	3	1	5	5	5	6	7	9	11	1	1	1	1	1	1	1	1	1	1	1	1
23000	-39.483658673870011	-37.694591262945679	-1.789067410924329	0.000000278080143	0.000000503825814	1.811800760356748	0.830708436069650	0	1	2	2	3	5	5	4	4	6	7	12	0	1	1	2	2	4	9	2	5	8	6	8	1	1	1	1	1	2	1	2	1	1	1	2
23500	-33.421726234083131	-31.381535405082982	-2.040190829000148	0.000000198601047	0.000000485825008	2.446235889517275	0.797238883667396	-1	1	2	3	3	5	4	5	5	6	7	11	0	1	1	1	2	5	3	5	4	8	6	11	1	1	1	2	1	1	1	1	1	1	1	2
24000	-36.621129979232286	-35.001075601904937	-1.620054377327351	0.000006646259226	0.000001539588961	0.231647443793217	0.962960760774675	-1	0	1	2	3	5	1	5	5	7	8	10	0	1	1	3	2	5	1	4	4	9	10	11	1	1	1	1	1	1	1	1	1	1	1	1
24500	-35.099971842448944	-33.265651204785883	-1.834320637663059	0.000001330828560	0.000002559241907	1.923044022507356	0.833720597165644	-1	1	1	2	3	5	5	3	5	7	6	12	0	1	1	3	3	8	3	2	8	9	6	11	1	1	1	1	1	1	2	1	1	1	1	2
25000	-36.287016316571233	-34.803161696751310	-1.483854619819924	0.000005728606714	0.000001755819526	0.306500273822600	0.770413259653142	0	1	2	3	3	5	4	4	6	6	7	12	0	1	2	3	1	2	3	4	7	8	7	9	1	1	1	1	1	2	1	1	1	1	1	3
25500	-40.168142065131889	-38.126046058349218	-2.042096006782675	0.000003823295051	0.000009371795780	2.451235296816533	0.580743215836628	0	1	1	2	2	5	4	4	5	6	8	12	0	1	1	1	1	5	5	1	5	7	7	7	1	1	1	1	1	1	1	3	2	1	2	4
26000	-39.878889512431947	-38.422393696134087	-1.456495816297857	0.000000622687567	0.000000612964690	0.984385624735201	0.747012979804995	0	1	1	2	3	6	2	4	5	6	7	12	0	1	1	2	7	7	2	5	4	8	5	6	1	1	1	1	1	1	1	1	1	1	2	2
26500	-42.129646727192380	-39.752882299432954	-2.376764427759428	0.000006698132653	0.000022671812625	3.384796001732793	0.669760624527448	-1	0	1	3	1	5	2	4	5	6	7	13	0	1	1	7	2	7	5	2	4	8	9	11	1	1	1	1	1	1	1	2	1	1	1	3
27000	-38.106690713849886	-35.552071682875138	-2.554619030974745	0.000004486840331	0.000017639148403	3.931307356680989	0.775552797640271	0	1	2	3	2	5	4	4	5	4	8	11	0	1	1	2	2	5	4	5	4	3	6	11	1	1	1	1	1	1	1	1	1	1	1	2
27500	-37.993556954450156	-36.548218024233506	-1.445338930216653	0.000002551152313	0.000002430108920	0.952553443149025	0.793287890055017	0	1	2	2	2	4	3	4	3	6	8	11	0	1	2	2	1	4	5	5	2	9	10	6	1	1	1	1	1	1	1	1	1	1	1	3
28000	-36.376131808278714	-35.001371159379971	-1.374760648898743	0.000002228040586	0.000001030446137	0.462489841169833	0.954670251410044	-1	0	1	2	2	6	4	4	4	5	7	12	0	1	1	1	2	8	4	4	5	8	7	10	1	1	1	1	1	1	1	1	1	1	2	2
28500	-40.009597448843863	-38.071731371325569	-1.937866077518294	0.000002782209291	0.000000413913140	0.148771388868537	0.967983511663910	-1	0	1	1	2	4	3	5	5	6	6	12	0	1	1	2	2	5	4	6	6	4	7	11	1	1	1	1	1	1	1	1	1	1	1	2
29000	-37.562244605235392	-33.562995700542146	-3.999248904693248	0.000000324817782	0.000003268819897	10.063549705705510	0.850242327223492	-1	1	1	1	3	5	3	4	6	7	8	10	0	1	1	1	3	7	3	2	6	9	10	11	1	1	1	1	1	1	1	2	1	1	1	1
29500	-31.562297334858656	-30.194213302210521	-1.368084032648136	0.000001977064877	0.000001309510644	0.662350871417722	0.915594121221684	-1	1	2	2	3	5	4	4	4	6	8	12	0	1	1	2	3	7	3	5	3	8	10	11	1	1	1	1	1	1	1	1	1	1	1	1
30000	-39.465983117211103	-38.031511252137953	-1.434471865073150	0.000000096002751	0.000000088375041	0.920546964811971	0.457174952440255	0	1	2	2	2	5	4	4	5	7	6	12	0	1	1	1	1	8	4	3	8	9	2	8	1	1	1	1	1	1	1	1	1	2	2	4
30500	-36.815488231167130	-35.280317069156858	-1.535171162010272	0.000003165209874	0.000000862092389	0.272365000615749	0.914721199087817	-1	0	2	2	2	4	4	4	5	6	8	11	0	1	1	2	2	3	1	5	8	8	8	11	1	1	1	1	1	1	2	1	1	1	1	2
31000	-40.098979259578599	-38.664749602986724	-1.434229656591877	0.000001228294548	0.000001129810411	0.919820423723611	0.676269956496297	0	1	2	3	2	6	5	4	6	6	8	12	0	1	1	3	2	7	2	3	8	8	10	11	1	1	1	1	1	1	2	2	2	1	1	2
31500	-36.984163545155120	-35.607900789317732	-1.376262755837385	0.000007656973803	0.000005434183610	0.709703826743121	0.591865192191056	-1	0	1	1	3	5	4	4	5	7	7	12	0	1	1	1	4	5	3	4	5	9	6	11	1	1	1	1	1	1	1	1	1	1	1	1
32000	-36.963601944461189	-35.590131480939753	-1.373470463521435	0.000003319171030	0.000002307000940	0.695053349003121	0.720044906295820	0	1	2	2	3	5	3	5	5	7	7	12	0	1	1	2	3	5	1	3	4	8	8	11	1	1	1	1	1	1	1	1	2	1	1	3
32500	-44.399447570548986	-40.649215389977400	-3.750232180571586	0.000002077616716	0.000018197419662	8.758795364379031	0.916339708566831	0	1	1	3	3	6	5	4	5	3	7	11	0	1	1	3	2	8	4	2	5	1	9	7	1	1	1	1	1	1	1	1	1	2	1	3
33000	-35.136596782265123	-33.709086447942468	-1.427510334322656	0.000001727314724	0.000000623499638	0.360964697956671	0.904246258893790	-2	0	1	3	2	5	3	4	6	5	7	12	0	1	2	5	2	7	3	3	4	7	9	9	1	1	1	1	1	1	1	1	1	1	1	2
33500	-38.942707229335667	-37.425953388968765	-1.516753840366901	0.000010947489437	0.000012536533176	1.145151429212291	0.950332330603291	0	1	2	2	2	5	4	3	4	6	7	12	0	1	2	1	1	7	4	2	4	8	6	3	1	1	1	1	1	1	1	1	1	1	1	3
34000	-35.884314267843493	-34.229025397739079	-1.655288870104416	0.000002627998151	0.000000573764407	0.218327553476513	0.897935203082339	0	1	2	3	3	5	3	4	6	5	6	11	0	1	1	2	3	4	3	3	8	3	8	6	1	1	1	1	1	1	1	1	1	1	1	2
34500	-39.157406931066589	-35.740007259648095	-3.417399671418492	0.000000317736109	0.000002284333134	7.189403632900508	0.692349912244402	-1	0	1	1	3	5	4	3	5	7	7	12	0	1	1	1	3	7	8	4	7	6	6	9	1	1	2	1	1	1	1	1	1	1	1	3
35000	-42.402288534335113	-38.493459132310953	-3.908829402024161	0.000000129632042	0.000001241392130	9.576275393249496	0.758271775403684	-1	0	2	2	1	5	4	5	4	6	8	12	0	1	2	2	2	4	4	4	5	9	10	10	1	1	1	1	1	2	2	1	1	1	1	3
35500	-35.362815824689704	-33.496795263874688	-1.866020560815018	0.000000973987170	0.000001949575603	2.001644028069510	0.726453202869745	-1	1	2	1	3	5	4	3	5	6	8	12	0	1	4	1	2	4	3	2	8	7	9	11	1	1	1	1	1	1	1	1	1	1	1	2
36000	-39.520394628881888	-37.966361080094345	-1.554033548787546	0.000000839462050	0.000001040313853	1.239262516458933	0.716900433946396	0	1	1	3	1	6	3	4	6	7	7	12	0	1	1	1	1	8	5	5	4	6	9	11	1	1	1	1	1	1	1	1	1	1	1	1
36500	-47.557518645732600	-46.187459285679402	-1.370059360053200	0.000004782202113	0.000003229122874	0.675237641182659	0.726914278077804	0	1	2	3	3	5	5	5	4	6	7	12	0	1	2	3	2	2	1	4	2	1	9	11	1	1	1	1	1	3	3	1	1	2	2	3
37000	-37.420574641574980	-34.912208144614638	-2.508366496960343	0.000000536237401	0.000002029942091	3.785528738353489	0.926333232188788	-1	1	2	2	1	5	2	3	4	6	6	11	0	1	5	2	1	8	5	2	7	9	9	10	1	1	1	1	1	1	1	1	1	1	1	2
37500	-34.049233763178982	-30.292574084214884	-3.756659678964101	0.000001000169055	0.000008792510242	8.791024076622010	0.871303537346681	-1	0	1	3	2	6	4	3	5	5	7	12	0	1	1	3	3	7	5	2	4	4	9	11	1	1	1	1	1	1	1	1	1	1	1	2
38000	-37.233485178978157	-35.744198524858682	-1.489286654119472	0.000000732638387	0.000000221533691	0.302377946881923	0.722340254256173	-1	1	1	3	2	5	3	4	6	7	7	12	0	1	1	2	2	4	1	4	8	8	5	10	1	1	1	1	1	1	2	1	1	1	3	2
38500	-47.560632864557157	-45.409939864488528	-2.150693000068627	0.000000085311159	0.000000233899746	2.741725092524262	0.681819031843364	-1	1	0	2	0	5	4	5	6	7	8	12	0	3	1	5	1	5	4	4	3	6	10	9	1	1	1	1	1	3	1	2	2	1	1	4
39000	-31.671191743853051	-30.225819286081201	-1.445372457771848	0.000005007668418	0.000004770558038	0.952650543180696	0.969668115223492	0	1	2	3	2	5	3	4	5	6	7	12	0	1	2	2	1	3	2	3	8	6	9	11	1	1	1	1	1	1	1	1	1	1	1	1
39500	-32.966291223501933	-31.198641503640069	-1.767649719861865	0.000001461413473	0.000002571336409	1.759485905786181	0.944240206969032	0	1	1	3	2	5	4	4	6	7	8	9	0	1	1	2	1	8	2	5	7	8	9	11	1	1	1	1	1	1	1	1	1	1	1	1
40000	-37.532086542683878	-35.890677889113014	-1.641408653570865	0.000006073430458	0.000001356688295	0.223380888932188	0.825508559300180	0	1	1	2	3	5	3	4	6	6	8	10	0	1	1	1	4	5	1	7	7	6	10	9	1	1	1	1	1	1	1	1	2	1	1	2
40500	-39.134634408516519	-34.781369403884973	-4.353265004631549	0.000000499886434	0.000006062509612	12.127773841076850	0.723165734923465	-1	0	1	2	3	5	4	4	6	6	7	12	0	1	2	2	4	3	3	2	7	6	6	11	1	1	1	1	1	2	1	2	1	1	1	3
41000	-39.534826539837645	-38.102105869492171	-1.432720670345473	0.000010091601050	0.000009236638336	0.915279774722258	0.842308665956128	-1	0	2	3	3	5	4	4	4	6	7	11	0	1	2	3	3	4	3	4	3	6	8	11	1	1	1	1	1	1	1	1	1	1	2	3
41500	-33.058022195855123	-31.607559799286694	-1.450462396568432	0.000002545752674	0.000000854436229	0.335632065724661	0.777485800170734	0	1	1	2	2	4	4	4	5	7	7	12	0	1	1	2	1	3	4	2	8	9	8	10	1	1	1	1	1	1	1	1	1	1	1	2
42000	-41.680710833964440	-40.092391335518506	-1.588319498445936	0.000000253280335	0.000000335339916	1.323987178869314	0.704007287494984	0	1	1	3	3	5	3	4	5	7	6	12	0	1	1	2	3	2	2	1	1	5	3	10	1	1	1	1	1	1	1	2	2	2	2	2
42500	-41.308210463345361	-39.743707981179888	-1.564502482165472	0.000003228160627	0.000000828301397	0.256586177853915	0.551107758376165	-2	0	1	2	2	5	4	5	5	5	7	11	0	1	1	2	3	4	5	3	5	4	9	11	1	1	1	1	1	1	1	2	2	2	1	1
43000	-46.879753535773780	-44.500641109116799	-2.379112426656984	0.000000650907562	0.000002207727772	3.391768512975890	0.701386793793271	0	1	2	3	3	5	5	3	6	7	6	10	0	1	1	1	2	3	5	1	4	8	5	9	1	1	1	1	1	2	1	1	2	3	1	2
43500	-35.538531061490310	-34.165241643241757	-1.373289418248557	0.000000287922555	0.000000199835854	0.694061128426768	0.939397420446185	0	1	1	2	2	6	4	4	4	5	7	11	0	1	1	1	3	8	5	4	2	4	6	6	1	1	1	1	1	1	1	1	1	1	1	3
44000	-36.649658335679817	-34.540778829600313	-2.108879506079503	0.000003162606630	0.000008313107773	2.628562052221243	0.857495400175443	-1	0	1	3	3	6	5	4	6	7	8	12	0	1	2	3	3	7	4	2	7	7	10	11	1	1	1	1	1	1	1	1	1	1	1	2
44500	-41.104868148662064	-39.727298413372253	-1.377569735289812	0.000001280807114	0.000000580588651	0.453299052682001	0.803705726255021	0	1	2	1	2	6	3	4	5	4	8	12	0	1	4	1	1	9	1	2	10	3	9	9	1	1	1	1	1	1	1	2	1	1	1	3
45000	-33.334093765968952	-31.779163753456821	-1.554930012512130	0.000005970575363	0.000007412445162	1.241495954899592	0.876845603328609	-1	0	1	2	3	5	4	3	5	7	7	12	0	1	1	2	3	5	8	3	2	9	9	10	1	1	1	1	1	1	1	1	2	1	1	2
45500	-55.360531623166672	-53.958697638205116	-1.401833984961556	0.000002922940656	0.000002382246633	0.815017105415126	0.855100843468191	-2	0	-1	1	2	6	3	3	5	6	8	12	0	3	1	3	1	9	3	2	4	8	8	11	1	1	1	1	2	1	2	1	3	2	2	3
46000	-37.039327475687514	-35.668400266958400	-1.370927208729110	0.000006734207149	0.000004582824790	0.680529227651462	0.901827534780882	-1	1	2	2	3	5	2	4	4	7	8	12	0	1	2	1	2	8	2	5	7	6	6	11	1	1	1	1	1	1	1	1	1	1	1	1
46500	-34.533051359332838	-33.071289626919594	-1.461761732413245	0.000000727987991	0.000000727339954	0.999109824487266	0.939754117455067	-1	0	1	2	2	5	4	4	5	6	6	9	0	1	1	3	1	8	5	5	4	7	6	9	1	1	1	1	1	1	1	1	1	1	1	2
47000	-37.158365860203325	-35.797413967926147	-1.360951892277175	0.000000795064464	0.000000444332786	0.558863847956454	0.807975810798231	0	1	1	2	3	5	4	5	5	6	8	13	0	1	1	1	4	4	4	2	4	9	10	11	1	1	1	1	1	1	1	2	2	1	1	1
47500	-33.879980786632686	-32.463851453599233	-1.416129333033452	0.000000374788035	0.000000140915968	0.375988437763088	0.976184526440720	0	1	2	3	3	5	5	4	5	6	8	11	0	1	1	2	2	3	8	4	8	8	10	7	1	1	1	1	1	1	1	1	1	1	1	2
48000	-47.790109350637501	-45.130563278081702	-2.659546072555799	0.000001039088045	0.000004438918212	4.271936562504040	0.769294551283328	0	1	1	2	1	3	3	2	5	5	7	12	0	1	1	1	1	4	5	5	2	8	7	9	1	1	1	1	1	1	1	1	3	1	2	3
48500	-32.230013882436744	-30.176023465771220	-2.053990416665521	0.000004332633326	0.000000566601609	0.130775342960716	0.951677196796481	0	1	2	2	3	6	3	4	5	6	7	12	0	1	1	2	2	9	4	3	7	5	9	11	1	1	1	1	1	1	1	1	1	1	1	2
49000	-43.848439897825934	-40.334384890620207	-3.514055007205726	0.000001112941568	0.000008486730295	7.625494941897524	0.633188873365725	0	1	2	2	2	5	3	4	4	6	7	11	0	1	2	1	1	1	5	7	3	4	8	3	1	1	1	1	1	2	1	1	1	2	1	5
49500	-37.642288327776534	-36.225520167094473	-1.416768160682061	0.000002082448079	0.000001802429265	0.865533831508767	0.866696440277205	0	1	1	3	1	5	3	3	4	6	7	11	0	1	1	5	1	3	5	2	7	4	10	10	1	1	1	1	1	2	1	1	1	1	1	2
50000	-45.821120269044940	-43.859840578067377	-1.961279690977560	0.000001839025029	0.000004122882739	2.241885061313110	0.499402844175784	-1	0	1	2	2	5	4	4	5	4	6	12	0	1	1	2	2	8	4	5	3	2	6	2	1	1	2	1	1	1	1	1	3	2	1	6
50500	-41.151929438457920	-39.165878825225597	-1.986050613232323	0.000013436406017	0.000030977299963	2.305475134046328	0.980512195114281	-1	0	2	2	3	5	4	4	4	7	8	10	0	1	1	2	4	5	4	2	4	7	6	11	1	1	1	1	1	1	1	2	1	1	1	1
51000	-41.712587841574418	-39.739025448734246	-1.973562392840176	0.000002320880752	0.000005276185042	2.273354646900721	0.537058929580572	0	1	2	2	2	4	4	4	5	7	7	12	0	1	1	2	1	4	3	4	5	4	3	10	1	1	1	1	1	1	1	1	1	2	4	3
51500	-43.639831463015817	-41.901322344537853	-1.738509118477963	0.000002372317855	0.000004005852128	1.688581536435849	0.866915114139673	0	1	1	2	3	5	4	4	3	7	6	10	0	1	1	3	1	4	1	1	2	9	5	10	1	1	1	1	1	1	2	2	1	2	1	1
52000	-42.019115693934516	-37.519396931689442	-4.499718762245076	0.000000214272660	0.000002798069405	13.058452723446239	0.929236704692418	0	1	2	2	1	5	4	3	6	4	7	10	0	1	2	2	1	3	4	5	7	2	10	11	1	1	1	1	1	1	1	1	1	1	2	1
52500	-38.383603814489348	-36.535380839422928	-1.848222975066421	0.000002441256460	0.000004778615314	1.957440928872950	0.693596786241855	-1	0	1	2	2	4	5	4	4	6	7	9	0	1	1	2	3	2	8	5	4	8	7	10	1	1	1	1	1	1	1	1	1	1	1	1
53000	-37.831918594510313	-36.285704929973825	-1.546213664536488	0.000009547381768	0.000011645222510	1.219729428789625	0.753360584509968	-1	0	1	3	3	5	4	3	5	5	7	11	0	1	2	2	3	3	8	3	7	5	6	11	1	1	1	1	1	2	1	1	1	1	1	2
53500	-34.972222485179756	-33.424684462077245	-1.547538023102512	0.000006269345683	0.000001664174224	0.265446237578150	0.858096832142754	-1	1	2	1	2	6	3	4	4	5	7	11	0	1	2	1	2	9	4	3	3	7	6	11	1	1	1	1	1	1	1	1	1	1	1	1
54000	-36.493919466686215	-35.012578580269782	-1.481340886416431	0.000000078042443	0.000000024072823	0.308458089654344	0.799904996324126	0	1	2	2	2	5	5	4	4	4	7	12	0	1	2	2	2	10	5	3	2	4	9	11	1	1	1	1	1	1	1	1	1	1	1	2
54500	-43.506471372395453	-41.270780557169907	-2.235690815225542	0.000003776696252	0.000011243730644	2.977133953302403	0.852407326955712	-1	0	1	3	2	5	4	4	5	6	7	12	0	1	1	3	2	8	3	1	5	7	4	6	1	1	1	1	1	1	2	3	2	1	2	3
55000	-39.970269915497376	-38.403645126535650	-1.566624788961728	0.000003784493012	0.000000967031121	0.255524615371212	0.657983859256192	-1	0	2	2	2	5	4	5	5	6	7	12	0	1	1	1	2	3	4	2	4	8	9	7	1	1	2	1	1	1	1	3	1	1	1	3
55500	-42.673903044473676	-41.257517731023171	-1.416385313450508	0.000000883788912	0.000000331975212	0.375627265760714	0.820593032049347	-1	1	2	3	3	5	4	4	6	7	6	10	0	1	2	1	2	3	5	5	3	9	7	7	1	1	1	1	1	1	1	1	2	1	1	3
56000	-41.247618902485740	-37.946014608293076	-3.301604294192662	0.000000470035462	0.000003143250019	6.687261441429007	0.672493341921271	-2	0	1	2	2	5	3	4	5	7	7	12	0	1	1	2	3	5	2	5	7	5	5	10	1	1	1	1	1	1	1	1	1	2	3	2
56500	-35.038844417235246	-33.677853561569918	-1.360990855665328	0.000002064421105	0.000001150360309	0.557231422266247	0.973536162734353	-1	0	1	2	3	5	4	2	4	7	6	9	0	1	1	3	2	5	5	2	4	11	7	10	1	1	1	1	1	1	1	1	1	1	1	1
57000	-38.966578872303465	-37.576051860543970	-1.390527011759493	0.000002563131472	0.000001980511538	0.772692138494037	0.760346000106858	-1	1	1	2	2	6	5	4	5	7	7	12	0	1	1	1	1	8	3	5	2	3	9	10	1	1	1	1	2	1	2	1	2	2	1	2
57500	-40.275278586628779	-37.439237702310024	-2.836040884318753	0.000000051706747	0.000000252190748	4.877327660003943	0.688988618849438	0	1	2	3	3	5	4	3	4	5	8	11	0	1	2	3	3	5	8	2	2	8	6	11	1	1	1	1	1	1	1	1	2	1	2	1
58000	-34.200198796396151	-32.687846854954721	-1.512351941441432	0.000007459999130	0.000002136015675	0.286329212396013	0.975334906518496	0	1	2	2	2	4	4	4	4	6	7	12	0	1	1	1	1	3	2	3	1	9	7	11	1	1	1	1	1	1	1	1	1	1	1	2
58500	-45.836715828569872	-44.456121905298559	-1.380593923271311	0.000003365995481	0.000002458941044	0.730524166874490	0.648358074561455	-1	0	2	2	0	6	5	4	5	6	8	12	0	1	2	5	1	2	2	5	2	8	6	6	1	1	1	1	1	3	2	3	2	1	1	2
59000	-30.325757225945679	-28.480194468841052	-1.845562757104627	0.000000060542750	0.000000118109844	1.950850345346832	0.824229623956511	-1	1	1	2	3	5	4	3	5	6	7	11	0	1	1	3	2	7	4	3	5	6	9	11	1	1	1	1	1	1	1	1	1	1	1	2
59500	-33.804305460984615	-32.150485499334074	-1.653819961650540	0.000001788389839	0.000002652967563	1.483439183667797	0.943596687414455	0	1	2	3	3	4	4	5	5	6	7	9	0	1	1	2	3	3	5	5	4	7	9	9	1	1	1	1	1	1	1	1	1	1	1	1
60000	-35.760928086602455	-33.607442413174866	-2.153485673427586	0.000002200189774	0.000006049078184	2.749343831511005	0.993710111562907	0	1	2	2	3	5	5	4	6	5	7	11	0	1	1	2	1	5	3	1	7	5	10	11	1	1	1	1	1	1	1	1	1	1	1	1
60500	-32.111821256489264	-30.591880033437270	-1.519941223051995	0.000002428883171	0.000000683721958	0.281496436895109	0.805083035109212	-1	0	1	2	2	4	5	4	6	6	8	12	0	1	1	2	3	5	5	4	6	8	9	10	1	1	1	1	1	1	1	1	1	1	1	2
61000	-42.491366353781416	-40.203141468362340	-2.288224885419078	0.000001049879809	0.000003282341733	3.126397618328950	0.849554258848413	-1	0	2	2	2	6	3	4	5	6	7	13	0	1	1	2	2	9	2	5	1	4	8	11	1	1	1	1	1	1	1	1	3	1	1	3
61500	-35.023467195722638	-33.660000523922527	-1.363466671800110	0.000007536000913	0.000004701718164	0.623900954629915	0.917654392796858	-1	1	1	2	2	5	4	4	5	6	8	11	0	1	1	2	2	2	4	4	4	7	10	11	1	1	1	1	1	1	1	1	2	1	1	2
62000	-45.919811926188110	-43.764466500430075	-2.155345425758036	0.000001098196736	0.000003024896950	2.754421726358912	0.935845372831295	0	1	2	3	1	4	3	3	6	7	8	11	0	1	5	3	1	8	5	1	6	8	9	9	1	1	1	1	1	1	1	1	1	1	2	2
62500	-37.938344056076062	-36.556680369020668	-1.381663687055395	0.000005472259037	0.000004024240109	0.735389184192926	0.942753632542609	-2	0	0	3	3	5	4	3	5	6	7	11	0	1	1	2	2	5	8	3	8	8	6	6	1	1	1	1	1	1	1	1	1	1	1	2
63000	-45.961986866745420	-38.324617045290189	-7.637369821455231	0.000000047538973	0.000002270691784	47.764847010622582	0.753877989858075	-1	1	1	3	2	3	4	4	6	7	7	10	0	1	1	5	1	2	6	2	8	9	8	11	1	1	1	1	2	1	1	1	1	1	2	1
63500	-29.743275848414498	-28.067687133262496	-1.675588715152003	0.000003568434116	0.000000754163176	0.211342889270990	0.923985757604544	0	1	1	2	3	5	3	4	5	7	7	11	0	1	1	1	2	5	2	5	7	6	9	10	1	1	1	1	1	1	1	1	1	1	1	2
64000	-33.420447192201713	-31.535031854043677	-1.885415338158040	0.000003600389671	0.000007380950673	2.050042175415104	0.975059630866720	0	1	2	2	3	6	4	4	4	6	7	11	0	1	2	1	1	7	3	3	3	9	9	11	1	1	1	1	1	1	1	1	1	1	1	2
64500	-44.636150051552249	-40.806483216580702	-3.829666834971550	0.000001502535963	0.000013766839330	9.162402544903101	0.848684412605324	0	1	2	2	3	3	4	3	5	5	7	12	0	1	1	1	3	3	1	1	6	5	2	11	1	1	1	1	1	1	2	1	1	1	3	2
65000	-41.763941520963023	-39.403484164639863	-2.360457356323161	0.000007839280092	0.000000762777654	0.097302002835931	0.644356865345974	-1	1	2	2	2	5	3	4	5	4	8	12	0	1	1	2	1	8	4	5	5	5	6	11	1	1	1	1	2	1	1	1	2	1	1	2
65500	-35.285437035310103	-33.845170863907619	-1.440266171402481	0.000000790868195	0.000000741636852	0.937750255915931	0.929644275708239	-1	0	1	3	2	4	4	4	4	7	8	12	0	1	1	2	1	5	5	5	4	7	7	11	1	1	1	1	1	1	1	1	1	1	1	1
66000	-46.635745653847067	-45.121299132817128	-1.514446521029937	0.000016240603638	0.000004628170378	0.284975268247560	0.869400913120669	-1	1	2	1	3	6	4	5	4	6	7	11	0	1	1	1	3	7	5	2	5	9	6	11	1	2	1	1	1	1	1	2	1	1	1	3
66500	-35.837956305605324	-34.031796976759267	-1.806159328846060	0.000003757110258	0.000006964537998	1.853695399001684	0.957348063152484	0	1	1	2	2	5	4	4	3	6	7	9	0	1	1	2	3	5	5	4	1	9	7	11	1	1	1	1	1	1	1	1	1	1	1	1
67000	-38.857528071023296	-37.496670415393794	-1.360857655629500	0.000003624854124	0.000002046999008	0.564712106498899	0.960981385283979	-1	0	2	1	3	5	4	4	4	6	7	12	0	1	1	1	3	8	3	4	4	7	10	9	1	1	1	1	1	1	1	1	1	1	1	2
67500	-32.454672433397342	-31.091853458095443	-1.362818975301900	0.000006574481457	0.000004053145032	0.616496534213441	0.959466520929951	0	1	1	3	3	5	4	4	5	6	7	11	0	1	1	2	2	8	2	4	4	9	9	10	1	1	1	1	1	1	1	1	1	1	1	1
68000	-44.611590323927473	-42.308738355708961	-2.302851968218511	0.000016447520180	0.000001685261282	0.102462940546318	0.508175555610614	0	1	1	3	3	5	4	3	6	6	8	10	0	1	1	2	3	5	4	2	4	8	7	7	1	1	1	1	1	1	1	1	1	2	2	2
68500	-38.293815195495149	-36.624579280955139	-1.669235914540012	0.000003562122697	0.000000760440688	0.213479644730157	0.861089173343279	-1	0	1	2	2	5	3	3	5	7	6	11	0	1	1	2	2	7	5	3	3	6	3	10	1	1	1	1	1	1	1	1	2	1	1	1
69000	-42.256787276178997	-39.861795149820551	-2.394992126358445	0.000002137951084	0.000000201824055	0.094400688821169	0.535464113661896	0	1	1	3	3	4	4	4	5	6	8	12	0	1	1	1	2	2	1	4	5	9	10	7	1	1	1	2	1	2	1	1	1	1	1	3
69500	-43.768613357589693	-42.050445923349194	-1.718167434240500	0.000000621730460	0.000001019160099	1.639231411438065	0.582294386476105	-1	0	1	3	2	6	5	4	5	6	8	12	0	1	1	3	3	4	5	2	8	9	8	1	1	1	1	1	1	1	1	2	1	1	1	5
70000	-34.951162574606087	-30.395264845529379	-4.555897729076707	0.000000278455413	0.000003739086369	13.427953624988541	0.978223926384065	0	1	2	2	2	4	4	3	4	5	7	9	0	1	2	2	1	5	4	2	5	8	10	11	1	1	1	1	1	1	1	1	1	1	1	1
70500	-33.002227385489398	-31.581849701107387	-1.420377684382013	0.000002000330745	0.000001754497427	0.877103664877390	0.768333327028851	-1	0	1	2	2	6	4	4	5	7	7	10	0	1	1	3	3	8	4	4	7	7	9	6	1	1	1	1	1	1	1	1	1	1	1	2
71000	-46.719901019837472	-45.341788360619645	-1.378112659217824	0.000000063664375	0.000000028753005	0.451634133999745	0.626125870952623	-1	0	2	2	2	5	3	4	5	7	6	12	0	1	2	1	2	7	1	5	2	5	4	8	1	1	2	1	1	1	3	1	2	3	2	3
71500	-37.714487736509405	-35.603743748899156	-2.110743987610249	0.000000554344553	0.000001459906399	2.633572193458933	0.835790664225116	0	1	2	2	3	4	4	3	5	6	8	13	0	1	1	1	2	4	5	1	5	5	6	11	1	1	1	1	1	1	1	1	1	2	1	2
72000	-36.658246276061490	-35.078863051888476	-1.579383224173015	0.000005155435526	0.000006712510261	1.302025838112027	0.896752631120018	-1	0	1	2	2	5	4	4	5	7	8	12	0	1	1	3	1	8	2	4	4	6	10	10	1	1	1	1	2	1	1	1	1	1	1	2
72500	-36.618422612042437	-35.215202501673261	-1.403220110369177	0.000021442251801	0.000008490172067	0.395955245081341	0.942520004172469	0	1	2	3	2	5	3	4	5	6	7	11	0	1	1	2	1	7	2	5	4	9	10	11	1	1	2	1	1	1	1	1	1	1	1	1
73000	-44.608739054222262	-42.682850132430410	-1.925888921791854	0.000000234742838	0.000000505134973	2.151865326937770	0.579915008847759	-1	1	1	3	2	4	3	4	5	6	7	12	0	1	1	5	3	5	3	1	4	5	2	6	1	1	1	1	1	1	2	2	1	2	3	5
73500	-43.260033987380439	-39.158422290221203	-4.101611697159234	0.000000723682835	0.000007695911276	10.634370340904546	0.644669465741621	-1	0	2	2	3	5	5	4	4	6	8	11	0	1	1	2	2	3	3	4	3	8	10	11	1	1	1	2	1	1	1	1	1	1	1	2
74000	-36.746401467105898	-34.899193676549089	-1.847207790556807	0.000004309672386	0.000008425087820	1.954925355031070	0.946402825210646	-1	1	1	3	2	5	4	2	5	7	7	12	0	1	1	2	1	2	8	1	4	9	6	11	1	1	1	1	1	2	1	1	1	1	1	2
74500	-36.011282194065828	-34.539085078806387	-1.472197115259441	0.000000387731619	0.000000398513737	1.027808199074411	0.787467027874100	0	1	1	1	2	5	4	3	5	6	7	11	0	1	1	1	1	7	1	3	5	5	9	11	1	1	1	1	1	1	1	1	1	2	1	2
75000	-39.789679031963558	-38.428652428466762	-1.361026603496799	0.000004683805303	0.000002735367880	0.584005461915875	0.721577482471519	-1	0	1	2	2	6	3	2	4	7	6	12	0	1	1	2	2	9	8	2	8	11	5	9	1	1	1	1	1	1	1	1	1	1	2	3
75500	-36.728111088939364	-35.357245388720521	-1.370865700218842	0.000000899066332	0.000000611509436	0.680160533248435	0.729135940708083	0	1	2	2	3	6	5	4	6	4	7	13	0	1	1	2	2	8	3	4	10	3	10	11	1	1	1	1	1	1	1	1	1	1	1	2
76000	-31.786946473270113	-30.337417066805504	-1.449529406464611	0.000005728323782	0.000005525650613	0.964619114317339	0.939514313905870	0	1	2	3	2	5	3	5	4	6	8	11	0	1	2	5	1	4	2	4	3	4	10	11	1	1	1	1	1	1	1	1	1	1	1	1
76500	-41.042983239469947	-38.894092844202582	-2.148890395267363	0.000001941086015	0.000005312386452	2.736811459987880	0.930467504597071	0	1	1	3	2	6	5	3	5	7	8	11	0	1	1	1	3	7	8	3	5	6	10	10	1	1	1	1	1	1	1	2	1	1	1	1
77000	-37.307652741400510	-35.930285174553234	-1.377367566847276	0.000000133457618	0.000000095449924	0.715207763750882	0.980598023532625	0	1	2	3	2	3	3	4	5	6	7	11	0	1	1	2	1	5	2	3	7	5	9	8	1	1	1	1	1	1	1	1	1	1	1	2
77500	-42.197459278356320	-39.707096347994479	-2.490362930361842	0.000003343336314	0.000012468944536	3.729491550850404	0.695497399520800	0	1	2	2	2	5	4	4	3	7	6	11	0	1	1	1	2	7	2	4	5	9	4	10	1	1	1	1	1	1	1	1	1	1	2	2
78000	-31.961703645954753	-30.562460253087671	-1.399243392867080	0.000000037251053	0.000000015010036	0.402942597712939	0.969145094883829	-1	0	2	3	2	5	4	4	5	7	7	11	0	1	2	3	2	4	5	2	8	6	7	11	1	1	1	1	1	1	1	1	1	1	1	1
78500	-34.651009545825254	-33.145237386033408	-1.505772159791848	0.000001018701224	0.000001137729939	1.116843597049732	0.799740285680160	0	1	2	3	3	5	5	4	6	7	7	12	0	1	2	3	2	2	5	3	8	6	9	9	1	1	1	1	1	2	1	1	1	1	1	2
79000	-44.074959176496861	-41.975971122267673	-2.098988054229191	0.000007762964307	0.000020199522809	2.602037316006068	0.838324137713243	0	1	2	3	2	4	4	4	6	5	7	12	0	1	1	2	1	1	2	4	6	1	8	11	1	1	1	1	1	2	2	1	1	2	1	1
79500	-38.187385405947573	-36.759119430612330	-1.428265975335241	0.000005595202486	0.000005045334200	0.901725042488749	0.665861363326629	-1	0	2	2	1	6	4	2	6	6	8	11	0	1	2	5	1	7	3	5	7	7	9	9	1	1	1	1	1	1	1	1	1	1	1	3
80000	-35.395850933470051	-33.909705485084359	-1.486145448385690	0.000002481516256	0.000002643629243	1.065328198504027	0.679955174255924	0	1	2	2	2	6	4	4	6	5	8	12	0	1	1	1	2	8	3	4	8	3	9	11	1	1	1	1	1	1	1	1	1	1	2	2
80500	-50.566132557378815	-48.208239009021057	-2.357893548357757	0.000003397017177	0.000011308622231	3.328985884819152	0.650338167610566	-2	0	1	2	2	5	3	5	4	6	8	12	0	1	1	1	2	5	3	1	1	4	10	11	1	2	1	1	1	1	1	3	3	2	1	1
81000	-38.717180144707868	-36.923411730695946	-1.793768414011921	0.000002350404265	0.000004285515405	1.823309916839272	0.724283363674474	0	1	2	3	2	6	5	4	4	7	7	12	0	1	1	3	2	8	9	5	2	7	4	7	1	1	1	1	1	1	1	1	1	1	2	2
81500	-39.234572600960306	-37.702011334555706	-1.532561266404596	0.000008622083545	0.000010220477208	1.185383690039637	0.872973984579133	0	1	2	2	3	6	3	4	5	6	7	10	0	1	1	2	2	2	2	7	5	8	5	11	1	1	1	1	1	1	1	1	1	1	1	1
82000	-43.040857127057208	-40.611012072447068	-2.429845054610144	0.000001937163366	0.000006865257043	3.543974227290224	0.759239340451423	0	1	1	2	3	5	4	4	6	6	8	13	0	1	1	1	3	4	4	5	6	8	9	9	1	1	1	1	2	1	2	1	1	1	1	4
82500	-45.762524986982527	-44.277703753909783	-1.484821233072746	0.000000972039105	0.000000297206830	0.305756042565348	0.606231170275452	-1	1	1	1	1	6	5	4	6	7	7	11	0	1	1	1	1	7	4	4	7	9	9	10	1	1	2	1	1	1	2	3	1	1	1	2
83000	-39.116115650853175	-37.662598691513047	-1.453516959340124	0.000000030667005	0.000000029930250	0.975975634565617	0.458120078638376	0	1	2	1	3	6	5	4	5	6	8	12	0	1	1	1	3	5	5	3	8	8	10	11	1	1	1	1	1	1	1	1	1	1	1	1
83500	-45.262779153431239	-43.901820525783371	-1.360958627647871	0.000011708509996	0.000006539953604	0.558564121849068	0.855371930799336	-1	0	1	3	1	6	3	4	6	5	8	13	0	1	1	3	1	8	3	7	2	7	10	11	1	1	1	1	2	1	1	1	2	1	1	3
84000	-39.425326635753756	-37.832565219148968	-1.592761416604784	0.000005285327026	0.000007055264839	1.334877634808795	0.709106554641477	0	1	2	2	3	5	4	4	6	6	7	13	0	1	2	2	3	2	3	4	4	4	10	10	1	1	1	1	1	2	1	1	2	2	1	3
84500	-36.719188064380518	-34.671609570695018	-2.047578493685496	0.000003836922845	0.000009460470118	2.465639914870371	0.928781737190346	-1	1	1	3	2	6	5	4	4	7	6	12	0	1	1	3	1	9	8	5	2	11	8	11	1	1	1	1	1	1	1	1	1	1	1	2
85000	-40.316239668793912	-37.019445596756654	-3.296794072037259	0.000000038782859	0.000000258560314	6.666870956104906	0.982910909073159	-1	1	2	2	1	5	2	4	4	6	8	10	0	1	1	2	1	7	5	4	1	6	10	11	1	1	1	1	1	1	1	1	1	1	1	1
85500	-42.384169081167471	-41.014098496976558	-1.370070584190910	0.000009426709704	0.000004531869101	0.480747709780298	0.784607661293567	-1	1	1	3	3	6	4	5	6	6	7	12	0	1	1	3	3	3	2	2	8	8	4	11	1	1	1	1	1	2	1	2	1	1	1	1
86000	-34.887650462544975	-32.594702815785929	-2.292947646759043	0.000000089749898	0.000000281811248	3.139961747537892	0.966849703823065	0	1	2	2	3	5	5	4	5	7	7	11	0	1	2	2	3	2	5	3	4	6	7	10	1	1	1	1	1	1	1	1	1	1	1	2
86500	-46.684716431269457	-45.012110701357777	-1.672605729911677	0.000005775653330	0.000008830520979	1.528921573866751	0.556635232799383	-1	0	1	1	3	4	4	3	5	4	6	12	0	1	1	1	2	1	4	2	5	1	7	9	1	1	1	1	1	2	1	2	1	2	1	3
87000	-36.238888220379700	-34.689124185291348	-1.549764035088353	0.000000407797509	0.000000501023843	1.228609376999403	0.800551528289764	0	1	2	2	2	4	4	4	4	6	6	12	0	1	1	2	1	4	5	3	4	6	6	6	1	1	2	1	1	1	1	1	1	1	1	3
87500	-34.763170980450646	-33.383428758378571	-1.379742222072077	0.000001540341191	0.000001119180688	0.726579731108566	0.977184047497617	0	1	2	2	2	6	5	4	5	7	8	11	0	1	1	1	2	9	8	2	4	7	8	10	1	1	1	1	1	1	1	1	1	1	1	1
88000	-42.551996220303295	-39.776627155945334	-2.775369064357959	0.000000891674754	0.000004159220044	4.664503537761125	0.756287401810271	0	1	2	3	2	6	4	4	6	6	6	11	0	1	2	1	2	1	5	4	8	1	7	10	1	1	1	1	1	3	1	1	1	3	1	2
88500	-44.287155898996247	-42.702900797160687	-1.584255101835560	0.000017099193232	0.000022468471813	1.314007714170317	0.720768877963725	0	1	2	1	2	3	5	4	5	6	8	12	0	1	4	1	1	2	6	1	5	7	10	7	1	1	1	1	1	1	1	1	2	1	1	3
89000	-40.635137118469821	-38.560216324236009	-2.074920794233814	0.000002030819750	0.000005153980066	2.537881594544110	0.845624056712471	-1	0	1	1	2	6	4	3	5	6	7	10	0	1	1	1	2	9	4	2	5	5	7	6	1	1	1	1	1	1	2	1	1	2	1	2
89500	-38.365200948568685	-36.457602874929485	-1.907598073639201	0.000000690261904	0.000001453488909	2.105706398434835	0.619966373017887	0	1	2	2	2	5	4	4	4	6	8	13	0	1	1	1	1	5	3	2	3	8	9	11	1	1	1	2	1	1	1	2	1	1	2	2
90000	-41.406849358608945	-39.947129175373362	-1.459720183235582	0.000017775438386	0.000017658514708	0.993422177576161	0.935880004545944	-1	0	1	3	3	6	5	3	6	7	8	13	0	1	1	3	3	7	8	2	8	9	9	6	1	1	1	1	1	1	1	1	1	1	1	2
90500	-36.592538653808226	-34.887647579116830	-1.704891074691398	0.000002674203257	0.000000540230448	0.202015477633992	0.738598108041825	0	1	1	2	2	6	4	4	5	6	5	12	0	1	1	3	1	7	5	4	5	11	5	8	1	1	1	1	1	1	1	1	1	1	1	4
91000	-36.679339582079038	-34.611928297801740	-2.067411284277298	0.000005832037312	0.000014684912867	2.517973065069170	0.940469730662786	0	1	2	3	2	5	3	4	6	7	7	9	0	1	1	1	1	7	3	2	8	8	9	11	1	1	1	1	1	1	1	1	1	1	1	1
91500	-35.946781745157345	-32.503836584255403	-3.442945160901942	0.000000477022305	0.000003483760889	7.303140449634831	0.901533768675991	-1	1	0	2	1	5	4	4	5	7	8	11	0	1	1	1	1	8	4	4	7	6	8	11	1	1	1	1	1	1	1	1	1	1	2	1
92000	-43.869354428997426	-42.494500902581066	-1.374853526416361	0.000002491608607	0.000001151543721	0.462168784520374	0.706696403392451	-1	0	2	2	1	5	4	4	4	4	7	9	0	1	1	5	2	8	3	2	5	4	6	10	1	1	1	1	1	1	1	2	1	1	1	3
92500	-36.596407584930766	-35.211618947832228	-1.384788637098536	0.000000111698948	0.000000083673353	0.749097058063586	0.648485078917539	-1	0	2	2	1	6	4	4	5	6	7	12	0	1	2	2	1	7	2	3	7	7	5	8	1	1	1	1	1	1	2	1	1	1	3	4
93000	-33.271128702750936	-31.184153942646059	-2.086974760104879	0.000004535644195	0.000011656362332	2.569946369684567	0.899927648898465	-1	0	2	2	2	4	4	4	6	6	7	10	0	1	2	2	2	3	4	3	6	7	6	9	1	1	1	1	1	1	1	1	1	1	1	1
93500	-46.350129785732825	-44.081093752732478	-2.269036033000346	0.000004012602903	0.000012324847599	3.071534337695962	0.513182818277043	-1	1	1	3	3	6	4	4	6	5	7	11	0	1	1	3	3	5	2	5	1	5	7	4	1	1	1	1	1	2	2	1	4	1	2	4
94000	-36.876970449658970	-35.236155619300369	-1.640814830358604	0.000001936521489	0.000000433010973	0.223602462409370	0.824793101788012	-1	0	0	3	2	4	5	3	5	5	7	12	0	1	1	5	3	5	8	2	5	4	9	11	1	1	1	1	1	1	1	1	1	1	1	3
94500	-33.799837920378899	-32.283916279226801	-1.515921641152097	0.000004565041226	0.000005217921392	1.143017364683909	0.866534249688424	0	1	2	3	3	5	5	4	5	7	7	10	0	1	1	2	2	4	5	4	5	8	9	7	1	1	1	1	1	1	1	1	1	1	1	2
95000	-36.660661962284074	-34.959706627201385	-1.700955335082692	0.000002040368649	0.000003259564900	1.597537240211490	0.960887698838846	0	1	2	2	1	5	4	5	5	6	7	10	0	1	2	2	1	4	3	4	4	8	8	11	1	1	1	1	1	1	1	2	1	1	1	1
95500	-40.616384326718133	-38.192586012478607	-2.423798314239529	0.000001484949962	0.000005235452551	3.525676074218823	0.670027672180533	0	1	1	2	3	5	3	4	6	6	7	10	0	1	1	1	2	4	1	2	6	8	8	9	1	1	1	1	1	1	2	1	1	1	1	1
96000	-39.095648066953558	-37.533792465980298	-1.561855600973261	0.000004892075035	0.000006157718229	1.258712956177617	0.770031726686411	0	1	2	2	3	6	4	5	4	6	7	10	0	1	2	2	2	7	5	4	2	5	8	6	1	1	1	1	1	1	1	1	2	1	1	2
96500	-41.835263330724608	-39.442126850125625	-2.393136480598984	0.000000814803131	0.000002797663416	3.433545245215836	0.526861158599169	-1	0	2	1	3	5	5	4	5	6	6	12	0	1	2	1	1	3	3	3	5	8	7	3	1	1	1	1	2	2	2	1	1	1	1	5
97000	-40.931048729276505	-39.413193144616613	-1.517855584659889	0.000001192309919	0.000001368740865	1.147974065477313	0.709020130342121	0	1	1	2	2	5	4	4	6	6	7	10	0	1	1	3	3	2	5	5	7	3	6	8	1	1	1	1	1	2	1	1	1	4	1	2
97500	-32.877492682225686	-31.452430972747578	-1.425061709478111	0.000006733620111	0.000006005213804	0.891825452823600	0.829887639112845	-1	1	1	3	1	5	3	5	5	7	8	12	0	1	1	2	1	7	2	4	4	8	9	11	1	1	1	1	1	1	1	1	1	1	1	1
98000	-38.312360926568317	-36.909068897876125	-1.403292028692194	0.000000853602743	0.000000700103813	0.820175214773259	0.900747430396786	-1	0	1	3	1	5	5	4	5	7	7	11	0	1	2	5	2	5	8	5	8	9	9	8	1	1	1	1	1	2	1	1	1	1	1	2
98500	-46.779317781821298	-45.326510929245828	-1.452806852575471	0.000007522714958	0.000002507560511	0.333331852273720	0.615914210467206	-2	0	-1	3	2	4	5	4	5	6	7	12	0	1	1	2	1	1	5	4	8	8	4	10	1	1	1	2	2	3	2	1	1	1	2	2
99000	-37.341835778615199	-35.832727939313678	-1.509107839301522	0.000002168931362	0.000002441081982	1.125476824445766	0.844705975543058	0	1	2	1	3	6	4	5	5	5	7	11	0	1	4	1	4	7	2	5	3	5	5	6	1	1	1	1	1	1	1	1	1	1	2	2
99500	-34.654725161800016	-33.216495395584808	-1.438229766215208	0.000002616262737	0.000000911600293	0.348436064789247	0.879180941141380	-1	1	1	3	2	5	4	3	4	6	7	10	0	1	1	2	2	2	2	2	5	8	6	11	1	1	1	1	1	2	1	1	1	1	1	1
100000	-40.628981268734769	-39.228814591195288	-1.400166677539483	0.000002738256363	0.000002215375025	0.809045878673386	0.827782174158680	0	1	2	2	3	5	4	5	6	7	5	13	0	1	1	1	2	5	1	3	5	7	5	10	1	1	1	1	1	1	1	1	1	2	1	2