step	p_accept_mu1	p_accept_gamma	p_accept_pi	p_accept_Tinf	sigma_mu1	sigma_gamma	sigma_pi	n_like_zero
1		1.00000	1.00000	0.91363	1.00000	0.000100000000000	1.000000000000000	0.010000000000000	0
500		1.00000	1.00000	0.91363	0.42164	0.000100000000000	1.000000000000000	0.010000000000000	0
1000		-nan	-nan	0.60400	0.42182	0.000150000000000	1.000000000000000	0.015000000000000	0
1500		-nan	-nan	0.46800	0.42063	0.000150000000000	1.000000000000000	0.022500000000000	0
2000		-nan	-nan	0.46500	0.41762	0.000150000000000	1.000000000000000	0.022500000000000	0
2500		-nan	-nan	0.46467	0.41714	0.000150000000000	1.000000000000000	0.022500000000000	0
3000		-nan	-nan	0.46900	0.41825	0.000150000000000	1.000000000000000	0.022500000000000	0
3500		-nan	-nan	0.46480	0.41973	0.000150000000000	1.000000000000000	0.022500000000000	0
4000		-nan	-nan	0.46267	0.41966	0.000150000000000	1.000000000000000	0.022500000000000	0
4500		-nan	-nan	0.46086	0.42028	0.000150000000000	1.000000000000000	0.022500000000000	0
5000		-nan	-nan	0.46500	0.42013	0.000150000000000	1.000000000000000	0.022500000000000	0
5500		-nan	-nan	0.46489	0.42031	0.000150000000000	1.000000000000000	0.022500000000000	0
6000		-nan	-nan	0.46620	0.42006	0.000150000000000	1.000000000000000	0.022500000000000	0
6500		-nan	-nan	0.46600	0.41972	0.000150000000000	1.000000000000000	0.022500000000000	0
7000		-nan	-nan	0.46733	0.42012	0.000150000000000	1.000000000000000	0.022500000000000	0
7500		-nan	-nan	0.46585	0.42010	0.000150000000000	1.000000000000000	0.022500000000000	0
8000		-nan	-nan	0.46500	0.41966	0.000150000000000	1.000000000000000	0.022500000000000	0
8500		-nan	-nan	0.46600	0.41945	0.000150000000000	1.000000000000000	0.022500000000000	0
9000		-nan	-nan	0.46713	0.41929	0.000150000000000	1.000000000000000	0.022500000000000	0
9500		-nan	-nan	0.46788	0.41918	0.000150000000000	1.000000000000000	0.022500000000000	0
10000		-nan	-nan	0.46611	0.41900	0.000150000000000	1.000000000000000	0.022500000000000	0
10500		-nan	-nan	0.47000	0.41891	0.000150000000000	1.000000000000000	0.022500000000000	0
11000		-nan	-nan	0.47120	0.41871	0.000150000000000	1.000000000000000	0.022500000000000	0
11500		-nan	-nan	0.46943	0.41869	0.000150000000000	1.000000000000000	0.022500000000000	0
12000		-nan	-nan	0.47082	0.41875	0.000150000000000	1.000000000000000	0.022500000000000	0
12500		-nan	-nan	0.47122	0.41892	0.000150000000000	1.000000000000000	0.022500000000000	0
13000		-nan	-nan	0.46958	0.41914	0.000150000000000	1.000000000000000	0.022500000000000	0
13500		-nan	-nan	0.46872	0.41889	0.000150000000000	1.000000000000000	0.022500000000000	0
14000		-nan	-nan	0.46777	0.41870	0.000150000000000	1.000000000000000	0.022500000000000	0
14500		-nan	-nan	0.46741	0.41837	0.000150000000000	1.000000000000000	0.022500000000000	0
15000		-nan	-nan	0.46779	0.41827	0.000150000000000	1.000000000000000	0.022500000000000	0
15500		-nan	-nan	0.46917	0.41809	0.000150000000000	1.000000000000000	0.022500000000000	0
16000		-nan	-nan	0.46740	0.41821	0.000150000000000	1.000000000000000	0.022500000000000	0
16500		-nan	-nan	0.46929	0.41824	0.000150000000000	1.000000000000000	0.022500000000000	0
17000		-nan	-nan	0.46750	0.41822	0.000150000000000	1.000000000000000	0.022500000000000	0
17500		-nan	-nan	0.46709	0.41808	0.000150000000000	1.000000000000000	0.022500000000000	0
18000		-nan	-nan	0.46818	0.41784	0.000150000000000	1.000000000000000	0.022500000000000	0
18500		-nan	-nan	0.46737	0.41776	0.000150000000000	1.000000000000000	0.022500000000000	0
19000		-nan	-nan	0.46600	0.41757	0.000150000000000	1.000000000000000	0.022500000000000	0
19500		-nan	-nan	0.46665	0.41740	0.000150000000000	1.000000000000000	0.022500000000000	0
20000		-nan	-nan	0.46653	0.41751	0.000150000000000	1.000000000000000	0.022500000000000	0
20500		-nan	-nan	0.46554	0.41755	0.000150000000000	1.000000000000000	0.022500000000000	0
21000		-nan	-nan	0.46545	0.41759	0.000150000000000	1.000000000000000	0.022500000000000	0
21500		-nan	-nan	0.46527	0.41763	0.000150000000000	1.000000000000000	0.022500000000000	0
22000		-nan	-nan	0.46538	0.41769	0.000150000000000	1.000000000000000	0.022500000000000	0
22500		-nan	-nan	0.46577	0.41747	0.000150000000000	1.000000000000000	0.022500000000000	0
23000		-nan	-nan	0.46650	0.41737	0.000150000000000	1.000000000000000	0.022500000000000	0
23500		-nan	-nan	0.46689	0.41739	0.000150000000000	1.000000000000000	0.022500000000000	0
24000		-nan	-nan	0.46661	0.41722	0.000150000000000	1.000000000000000	0.022500000000000	0
24500		-nan	-nan	0.46660	0.41739	0.000150000000000	1.000000000000000	0.022500000000000	0
25000		-nan	-nan	0.46713	0.41749	0.000150000000000	1.000000000000000	0.022500000000000	0
25500		-nan	-nan	0.46657	0.41734	0.000150000000000	1.000000000000000	0.022500000000000	0
26000		-nan	-nan	0.46664	0.41752	0.000150000000000	1.000000000000000	0.022500000000000	0
26500		-nan	-nan	0.46612	0.41766	0.000150000000000	1.000000000000000	0.022500000000000	0
27000		-nan	-nan	0.46635	0.41775	0.000150000000000	1.000000000000000	0.022500000000000	0
27500		-nan	-nan	0.46577	0.41774	0.000150000000000	1.000000000000000	0.022500000000000	0
28000		-nan	-nan	0.46656	0.41767	0.000150000000000	1.000000000000000	0.022500000000000	0
28500		-nan	-nan	0.46833	0.41762	0.000150000000000	1.000000000000000	0.022500000000000	0
29000		-nan	-nan	0.46811	0.41775	0.000150000000000	1.000000000000000	0.022500000000000	0
29500		-nan	-nan	0.46779	0.41781	0.000150000000000	1.000000000000000	0.022500000000000	0
30000		-nan	-nan	0.46734	0.41775	0.000150000000000	1.000000000000000	0.022500000000000	0
30500		-nan	-nan	0.46780	0.41766	0.000150000000000	1.000000000000000	0.022500000000000	0
31000		-nan	-nan	0.46777	0.41778	0.000150000000000	1.000000000000000	0.022500000000000	0
31500		-nan	-nan	0.46797	0.41778	0.000150000000000	1.000000000000000	0.022500000000000	0
32000		-nan	-nan	0.46932	0.41782	0.000150000000000	1.000000000000000	0.022500000000000	0
32500		-nan	-nan	0.47019	0.41780	0.000150000000000	1.000000000000000	0.022500000000000	0
33000		-nan	-nan	0.47022	0.41779	0.000150000000000	1.000000000000000	0.022500000000000	0
33500		-nan	-nan	0.47034	0.41762	0.000150000000000	1.000000000000000	0.022500000000000	0
34000		-nan	-nan	0.46973	0.41763	0.000150000000000	1.000000000000000	0.022500000000000	0
34500		-nan	-nan	0.46985	0.41750	0.000150000000000	1.000000000000000	0.022500000000000	0
35000		-nan	-nan	0.47021	0.41743	0.000150000000000	1.000000000000000	0.022500000000000	0
35500		-nan	-nan	0.47049	0.41741	0.000150000000000	1.000000000000000	0.022500000000000	0
36000		-nan	-nan	0.47083	0.41750	0.000150000000000	1.000000000000000	0.022500000000000	0
36500		-nan	-nan	0.47068	0.41748	0.000150000000000	1.000000000000000	0.022500000000000	0
37000		-nan	-nan	0.47058	0.41758	0.000150000000000	1.000000000000000	0.022500000000000	0
37500		-nan	-nan	0.47014	0.41761	0.000150000000000	1.000000000000000	0.022500000000000	0
38000		-nan	-nan	0.47030	0.41763	0.000150000000000	1.000000000000000	0.022500000000000	0
38500		-nan	-nan	0.47075	0.41763	0.000150000000000	1.000000000000000	0.022500000000000	0
39000		-nan	-nan	0.46995	0.41759	0.000150000000000	1.000000000000000	0.022500000000000	0
39500		-nan	-nan	0.46956	0.41773	0.000150000000000	1.000000000000000	0.022500000000000	0
40000		-nan	-nan	0.46990	0.41771	0.000150000000000	1.000000000000000	0.022500000000000	0
40500		-nan	-nan	0.46992	0.41772	0.000150000000000	1.000000000000000	0.022500000000000	0
41000		-nan	-nan	0.47042	0.41776	0.000150000000000	1.000000000000000	0.022500000000000	0
41500		-nan	-nan	0.47047	0.41775	0.000150000000000	1.000000000000000	0.022500000000000	0
42000		-nan	-nan	0.47061	0.41775	0.000150000000000	1.000000000000000	0.022500000000000	0
42500		-nan	-nan	0.47051	0.41768	0.000150000000000	1.000000000000000	0.022500000000000	0
43000		-nan	-nan	0.47088	0.41775	0.000150000000000	1.000000000000000	0.022500000000000	0
43500		-nan	-nan	0.47049	0.41781	0.000150000000000	1.000000000000000	0.022500000000000	0
44000		-nan	-nan	0.47053	0.41783	0.000150000000000	1.000000000000000	0.022500000000000	0
44500		-nan	-nan	0.47034	0.41783	0.000150000000000	1.000000000000000	0.022500000000000	0
45000		-nan	-nan	0.47100	0.41787	0.000150000000000	1.000000000000000	0.022500000000000	0
45500		-nan	-nan	0.47097	0.41789	0.000150000000000	1.000000000000000	0.022500000000000	0
46000		-nan	-nan	0.47129	0.41791	0.000150000000000	1.000000000000000	0.022500000000000	0
46500		-nan	-nan	0.47156	0.41787	0.000150000000000	1.000000000000000	0.022500000000000	0
47000		-nan	-nan	0.47163	0.41788	0.000150000000000	1.000000000000000	0.022500000000000	0
47500		-nan	-nan	0.47226	0.41789	0.000150000000000	1.000000000000000	0.022500000000000	0
48000		-nan	-nan	0.47200	0.41781	0.000150000000000	1.000000000000000	0.022500000000000	0
48500		-nan	-nan	0.47225	0.41782	0.000150000000000	1.000000000000000	0.022500000000000	0
49000		-nan	-nan	0.47221	0.41779	0.000150000000000	1.000000000000000	0.022500000000000	0
49500		-nan	-nan	0.47221	0.41778	0.000150000000000	1.000000000000000	0.022500000000000	0
50000		-nan	-nan	0.47220	0.41777	0.000150000000000	1.000000000000000	0.022500000000000	0
50500		-nan	-nan	0.47253	0.41762	0.000150000000000	1.000000000000000	0.022500000000000	0
51000		-nan	-nan	0.47256	0.41758	0.000150000000000	1.000000000000000	0.022500000000000	0
51500		-nan	-nan	0.47263	0.41754	0.000150000000000	1.000000000000000	0.022500000000000	0
52000		-nan	-nan	0.47273	0.41761	0.000150000000000	1.000000000000000	0.022500000000000	0
52500		-nan	-nan	0.47247	0.41755	0.000150000000000	1.000000000000000	0.022500000000000	0
53000		-nan	-nan	0.47285	0.41765	0.000150000000000	1.000000000000000	0.022500000000000	0
53500		-nan	-nan	0.47320	0.41762	0.000150000000000	1.000000000000000	0.022500000000000	0
54000		-nan	-nan	0.47340	0.41762	0.000150000000000	1.000000000000000	0.022500000000000	0
54500		-nan	-nan	0.47286	0.41768	0.000150000000000	1.000000000000000	0.022500000000000	0
55000		-nan	-nan	0.47298	0.41764	0.000150000000000	1.000000000000000	0.022500000000000	0
55500		-nan	-nan	0.47284	0.41757	0.000150000000000	1.000000000000000	0.022500000000000	0
56000		-nan	-nan	0.47271	0.41762	0.000150000000000	1.000000000000000	0.022500000000000	0
56500		-nan	-nan	0.47279	0.41772	0.000150000000000	1.000000000000000	0.022500000000000	0
57000		-nan	-nan	0.47277	0.41766	0.000150000000000	1.000000000000000	0.022500000000000	0
57500		-nan	-nan	0.47250	0.41772	0.000150000000000	1.000000000000000	0.022500000000000	0
58000		-nan	-nan	0.47265	0.41770	0.000150000000000	1.000000000000000	0.022500000000000	0
58500		-nan	-nan	0.47233	0.41774	0.000150000000000	1.000000000000000	0.022500000000000	0
59000		-nan	-nan	0.47221	0.41772	0.000150000000000	1.000000000000000	0.022500000000000	0
59500		-nan	-nan	0.47185	0.41772	0.000150000000000	1.000000000000000	0.022500000000000	0
60000		-nan	-nan	0.47203	0.41773	0.000150000000000	1.000000000000000	0.022500000000000	0
60500		-nan	-nan	0.47252	0.41772	0.000150000000000	1.000000000000000	0.022500000000000	0
61000		-nan	-nan	0.47250	0.41765	0.000150000000000	1.000000000000000	0.022500000000000	0
61500		-nan	-nan	0.47228	0.41769	0.000150000000000	1.000000000000000	0.022500000000000	0
62000		-nan	-nan	0.47208	0.41762	0.000150000000000	1.000000000000000	0.022500000000000	0
62500		-nan	-nan	0.47211	0.41768	0.000150000000000	1.000000000000000	0.022500000000000	0
63000		-nan	-nan	0.47213	0.41764	0.000150000000000	1.000000000000000	0.022500000000000	0
63500		-nan	-nan	0.47184	0.41760	0.000150000000000	1.000000000000000	0.022500000000000	0
64000		-nan	-nan	0.47140	0.41764	0.000150000000000	1.000000000000000	0.022500000000000	0
64500		-nan	-nan	0.47145	0.41765	0.000150000000000	1.000000000000000	0.022500000000000	0
65000		-nan	-nan	0.47155	0.41766	0.000150000000000	1.000000000000000	0.022500000000000	0
65500		-nan	-nan	0.47143	0.41765	0.000150000000000	1.000000000000000	0.022500000000000	0
66000		-nan	-nan	0.47140	0.41763	0.000150000000000	1.000000000000000	0.022500000000000	0
66500		-nan	-nan	0.47150	0.41768	0.000150000000000	1.000000000000000	0.022500000000000	0
67000		-nan	-nan	0.47195	0.41765	0.000150000000000	1.000000000000000	0.022500000000000	0
67500		-nan	-nan	0.47174	0.41764	0.000150000000000	1.000000000000000	0.022500000000000	0
68000		-nan	-nan	0.47170	0.41759	0.000150000000000	1.000000000000000	0.022500000000000	0
68500		-nan	-nan	0.47188	0.41759	0.000150000000000	1.000000000000000	0.022500000000000	0
69000		-nan	-nan	0.47213	0.41757	0.000150000000000	1.000000000000000	0.022500000000000	0
69500		-nan	-nan	0.47220	0.41757	0.000150000000000	1.000000000000000	0.022500000000000	0
70000		-nan	-nan	0.47236	0.41759	0.000150000000000	1.000000000000000	0.022500000000000	0
70500		-nan	-nan	0.47194	0.41755	0.000150000000000	1.000000000000000	0.022500000000000	0
71000		-nan	-nan	0.47206	0.41755	0.000150000000000	1.000000000000000	0.022500000000000	0
71500		-nan	-nan	0.47197	0.41753	0.000150000000000	1.000000000000000	0.022500000000000	0
72000		-nan	-nan	0.47193	0.41756	0.000150000000000	1.000000000000000	0.022500000000000	0
72500		-nan	-nan	0.47211	0.41758	0.000150000000000	1.000000000000000	0.022500000000000	0
73000		-nan	-nan	0.47211	0.41760	0.000150000000000	1.000000000000000	0.022500000000000	0
73500		-nan	-nan	0.47243	0.41760	0.000150000000000	1.000000000000000	0.022500000000000	0
74000		-nan	-nan	0.47237	0.41755	0.000150000000000	1.000000000000000	0.022500000000000	0
74500		-nan	-nan	0.47264	0.41748	0.000150000000000	1.000000000000000	0.022500000000000	0
75000		-nan	-nan	0.47269	0.41752	0.000150000000000	1.000000000000000	0.022500000000000	0
75500		-nan	-nan	0.47287	0.41752	0.000150000000000	1.000000000000000	0.022500000000000	0
76000		-nan	-nan	0.47295	0.41750	0.000150000000000	1.000000000000000	0.022500000000000	0
76500		-nan	-nan	0.47291	0.41753	0.000150000000000	1.000000000000000	0.022500000000000	0
77000		-nan	-nan	0.47276	0.41746	0.000150000000000	1.000000000000000	0.022500000000000	0
77500		-nan	-nan	0.47251	0.41748	0.000150000000000	1.000000000000000	0.022500000000000	0
78000		-nan	-nan	0.47248	0.41749	0.000150000000000	1.000000000000000	0.022500000000000	0
78500		-nan	-nan	0.47271	0.41751	0.000150000000000	1.000000000000000	0.022500000000000	0
79000		-nan	-nan	0.47274	0.41752	0.000150000000000	1.000000000000000	0.022500000000000	0
79500		-nan	-nan	0.47283	0.41747	0.000150000000000	1.000000000000000	0.022500000000000	0
80000		-nan	-nan	0.47280	0.41748	0.000150000000000	1.000000000000000	0.022500000000000	0
80500		-nan	-nan	0.47264	0.41743	0.000150000000000	1.000000000000000	0.022500000000000	0
81000		-nan	-nan	0.47266	0.41740	0.000150000000000	1.000000000000000	0.022500000000000	0
81500		-nan	-nan	0.47283	0.41739	0.000150000000000	1.000000000000000	0.022500000000000	0
82000		-nan	-nan	0.47309	0.41741	0.000150000000000	1.000000000000000	0.022500000000000	0
82500		-nan	-nan	0.47297	0.41739	0.000150000000000	1.000000000000000	0.022500000000000	0
83000		-nan	-nan	0.47327	0.41742	0.000150000000000	1.000000000000000	0.022500000000000	0
83500		-nan	-nan	0.47321	0.41741	0.000150000000000	1.000000000000000	0.022500000000000	0
84000		-nan	-nan	0.47329	0.41741	0.000150000000000	1.000000000000000	0.022500000000000	0
84500		-nan	-nan	0.47346	0.41742	0.000150000000000	1.000000000000000	0.022500000000000	0
85000		-nan	-nan	0.47333	0.41740	0.000150000000000	1.000000000000000	0.022500000000000	0
85500		-nan	-nan	0.47322	0.41739	0.000150000000000	1.000000000000000	0.022500000000000	0
86000		-nan	-nan	0.47334	0.41738	0.000150000000000	1.000000000000000	0.022500000000000	0
86500		-nan	-nan	0.47333	0.41734	0.000150000000000	1.000000000000000	0.022500000000000	0
87000		-nan	-nan	0.47293	0.41741	0.000150000000000	1.000000000000000	0.022500000000000	0
87500		-nan	-nan	0.47313	0.41744	0.000150000000000	1.000000000000000	0.022500000000000	0
88000		-nan	-nan	0.47330	0.41742	0.000150000000000	1.000000000000000	0.022500000000000	0
88500		-nan	-nan	0.47335	0.41742	0.000150000000000	1.000000000000000	0.022500000000000	0
89000		-nan	-nan	0.47318	0.41740	0.000150000000000	1.000000000000000	0.022500000000000	0
89500		-nan	-nan	0.47318	0.41733	0.000150000000000	1.000000000000000	0.022500000000000	0
90000		-nan	-nan	0.47317	0.41737	0.000150000000000	1.000000000000000	0.022500000000000	0
90500		-nan	-nan	0.47315	0.41738	0.000150000000000	1.000000000000000	0.022500000000000	0
91000		-nan	-nan	0.47303	0.41736	0.000150000000000	1.000000000000000	0.022500000000000	0
91500		-nan	-nan	0.47306	0.41738	0.000150000000000	1.000000000000000	0.022500000000000	0
92000		-nan	-nan	0.47321	0.41740	0.000150000000000	1.000000000000000	0.022500000000000	0
92500		-nan	-nan	0.47293	0.41745	0.000150000000000	1.000000000000000	0.022500000000000	0
93000		-nan	-nan	0.47286	0.41744	0.000150000000000	1.000000000000000	0.022500000000000	0
93500		-nan	-nan	0.47292	0.41748	0.000150000000000	1.000000000000000	0.022500000000000	0
94000		-nan	-nan	0.47308	0.41744	0.000150000000000	1.000000000000000	0.022500000000000	0
94500		-nan	-nan	0.47306	0.41749	0.000150000000000	1.000000000000000	0.022500000000000	0
95000		-nan	-nan	0.47291	0.41749	0.000150000000000	1.000000000000000	0.022500000000000	0
95500		-nan	-nan	0.47284	0.41751	0.000150000000000	1.000000000000000	0.022500000000000	0
96000		-nan	-nan	0.47298	0.41750	0.000150000000000	1.000000000000000	0.022500000000000	0
96500		-nan	-nan	0.47302	0.41746	0.000150000000000	1.000000000000000	0.022500000000000	0
97000		-nan	-nan	0.47278	0.41746	0.000150000000000	1.000000000000000	0.022500000000000	0
97500		-nan	-nan	0.47263	0.41741	0.000150000000000	1.000000000000000	0.022500000000000	0
98000		-nan	-nan	0.47260	0.41745	0.000150000000000	1.000000000000000	0.022500000000000	0
98500		-nan	-nan	0.47230	0.41746	0.000150000000000	1.000000000000000	0.022500000000000	0
99000		-nan	-nan	0.47208	0.41746	0.000150000000000	1.000000000000000	0.022500000000000	0
99500		-nan	-nan	0.47194	0.41749	0.000150000000000	1.000000000000000	0.022500000000000	0
100000		-nan	-nan	0.47195	0.41753	0.000150000000000	1.000000000000000	0.022500000000000	0