step	p_accept_mu1	p_accept_gamma	p_accept_pi	p_accept_Tinf	sigma_mu1	sigma_gamma	sigma_pi	n_like_zero
1		1.00000	1.00000	1.00000	1.00000	0.000100000000000	1.000000000000000	0.010000000000000	0
500		1.00000	1.00000	1.00000	0.37301	0.000100000000000	1.000000000000000	0.010000000000000	0
1000		-nan	-nan	0.92600	0.35947	0.000150000000000	1.000000000000000	0.015000000000000	0
1500		-nan	-nan	0.89800	0.35038	0.000150000000000	1.000000000000000	0.022500000000000	0
2000		-nan	-nan	0.85200	0.34558	0.000150000000000	1.000000000000000	0.033750000000000	0
2500		-nan	-nan	0.79600	0.33820	0.000150000000000	1.000000000000000	0.050625000000000	0
3000		-nan	-nan	0.71600	0.33378	0.000150000000000	1.000000000000000	0.075937500000000	0
3500		-nan	-nan	0.54800	0.33027	0.000150000000000	1.000000000000000	0.113906250000000	0
4000		-nan	-nan	0.41000	0.32584	0.000150000000000	1.000000000000000	0.170859375000000	0
4500		-nan	-nan	0.39400	0.32417	0.000150000000000	1.000000000000000	0.170859375000000	0
5000		-nan	-nan	0.39400	0.32198	0.000150000000000	1.000000000000000	0.170859375000000	0
5500		-nan	-nan	0.37150	0.31954	0.000150000000000	1.000000000000000	0.170859375000000	0
6000		-nan	-nan	0.38680	0.31806	0.000150000000000	1.000000000000000	0.170859375000000	0
6500		-nan	-nan	0.39233	0.31657	0.000150000000000	1.000000000000000	0.170859375000000	0
7000		-nan	-nan	0.38943	0.31632	0.000150000000000	1.000000000000000	0.170859375000000	0
7500		-nan	-nan	0.39600	0.31621	0.000150000000000	1.000000000000000	0.170859375000000	0
8000		-nan	-nan	0.39889	0.31604	0.000150000000000	1.000000000000000	0.170859375000000	0
8500		-nan	-nan	0.39820	0.31534	0.000150000000000	1.000000000000000	0.170859375000000	0
9000		-nan	-nan	0.39764	0.31486	0.000150000000000	1.000000000000000	0.170859375000000	0
9500		-nan	-nan	0.39800	0.31450	0.000150000000000	1.000000000000000	0.170859375000000	0
10000		-nan	-nan	0.39923	0.31436	0.000150000000000	1.000000000000000	0.170859375000000	0
10500		-nan	-nan	0.39943	0.31390	0.000150000000000	1.000000000000000	0.170859375000000	0
11000		-nan	-nan	0.40107	0.31416	0.000150000000000	1.000000000000000	0.170859375000000	0
11500		-nan	-nan	0.40437	0.31388	0.000150000000000	1.000000000000000	0.170859375000000	0
12000		-nan	-nan	0.40694	0.31337	0.000150000000000	1.000000000000000	0.170859375000000	0
12500		-nan	-nan	0.40578	0.31379	0.000150000000000	1.000000000000000	0.170859375000000	0
13000		-nan	-nan	0.40632	0.31384	0.000150000000000	1.000000000000000	0.170859375000000	0
13500		-nan	-nan	0.40660	0.31328	0.000150000000000	1.000000000000000	0.170859375000000	0
14000		-nan	-nan	0.40552	0.31253	0.000150000000000	1.000000000000000	0.170859375000000	0
14500		-nan	-nan	0.40573	0.31242	0.000150000000000	1.000000000000000	0.170859375000000	0
15000		-nan	-nan	0.40670	0.31211	0.000150000000000	1.000000000000000	0.170859375000000	0
15500		-nan	-nan	0.40542	0.31206	0.000150000000000	1.000000000000000	0.170859375000000	0
16000		-nan	-nan	0.40568	0.31170	0.000150000000000	1.000000000000000	0.170859375000000	0
16500		-nan	-nan	0.40615	0.31178	0.000150000000000	1.000000000000000	0.170859375000000	0
17000		-nan	-nan	0.40630	0.31142	0.000150000000000	1.000000000000000	0.170859375000000	0
17500		-nan	-nan	0.40514	0.31082	0.000150000000000	1.000000000000000	0.170859375000000	0
18000		-nan	-nan	0.40386	0.31042	0.000150000000000	1.000000000000000	0.170859375000000	0
18500		-nan	-nan	0.40240	0.31036	0.000150000000000	1.000000000000000	0.170859375000000	0
19000		-nan	-nan	0.40194	0.31023	0.000150000000000	1.000000000000000	0.170859375000000	0
19500		-nan	-nan	0.40200	0.31036	0.000150000000000	1.000000000000000	0.170859375000000	0
20000		-nan	-nan	0.40176	0.31026	0.000150000000000	1.000000000000000	0.170859375000000	0
20500		-nan	-nan	0.40176	0.31023	0.000150000000000	1.000000000000000	0.170859375000000	0
21000		-nan	-nan	0.40160	0.31020	0.000150000000000	1.000000000000000	0.170859375000000	0
21500		-nan	-nan	0.40222	0.31007	0.000150000000000	1.000000000000000	0.170859375000000	0
22000		-nan	-nan	0.40227	0.31007	0.000150000000000	1.000000000000000	0.170859375000000	0
22500		-nan	-nan	0.40347	0.30992	0.000150000000000	1.000000000000000	0.170859375000000	0
23000		-nan	-nan	0.40333	0.30992	0.000150000000000	1.000000000000000	0.170859375000000	0
23500		-nan	-nan	0.40430	0.30991	0.000150000000000	1.000000000000000	0.170859375000000	0
24000		-nan	-nan	0.40459	0.31005	0.000150000000000	1.000000000000000	0.170859375000000	0
24500		-nan	-nan	0.40500	0.31035	0.000150000000000	1.000000000000000	0.170859375000000	0
25000		-nan	-nan	0.40488	0.31039	0.000150000000000	1.000000000000000	0.170859375000000	0
25500		-nan	-nan	0.40468	0.31038	0.000150000000000	1.000000000000000	0.170859375000000	0
26000		-nan	-nan	0.40533	0.31021	0.000150000000000	1.000000000000000	0.170859375000000	0
26500		-nan	-nan	0.40496	0.30999	0.000150000000000	1.000000000000000	0.170859375000000	0
27000		-nan	-nan	0.40532	0.30990	0.000150000000000	1.000000000000000	0.170859375000000	0
27500		-nan	-nan	0.40575	0.30983	0.000150000000000	1.000000000000000	0.170859375000000	0
28000		-nan	-nan	0.40620	0.30978	0.000150000000000	1.000000000000000	0.170859375000000	0
28500		-nan	-nan	0.40664	0.30966	0.000150000000000	1.000000000000000	0.170859375000000	0
29000		-nan	-nan	0.40694	0.30958	0.000150000000000	1.000000000000000	0.170859375000000	0
29500		-nan	-nan	0.40738	0.30965	0.000150000000000	1.000000000000000	0.170859375000000	0
30000		-nan	-nan	0.40713	0.30975	0.000150000000000	1.000000000000000	0.170859375000000	0
30500		-nan	-nan	0.40715	0.30961	0.000150000000000	1.000000000000000	0.170859375000000	0
31000		-nan	-nan	0.40724	0.30967	0.000150000000000	1.000000000000000	0.170859375000000	0
31500		-nan	-nan	0.40757	0.30963	0.000150000000000	1.000000000000000	0.170859375000000	0
32000		-nan	-nan	0.40772	0.30969	0.000150000000000	1.000000000000000	0.170859375000000	0
32500		-nan	-nan	0.40855	0.30969	0.000150000000000	1.000000000000000	0.170859375000000	0
33000		-nan	-nan	0.40858	0.30956	0.000150000000000	1.000000000000000	0.170859375000000	0
33500		-nan	-nan	0.40777	0.30957	0.000150000000000	1.000000000000000	0.170859375000000	0
34000		-nan	-nan	0.40682	0.30955	0.000150000000000	1.000000000000000	0.170859375000000	0
34500		-nan	-nan	0.40748	0.30975	0.000150000000000	1.000000000000000	0.170859375000000	0
35000		-nan	-nan	0.40724	0.30969	0.000150000000000	1.000000000000000	0.170859375000000	0
35500		-nan	-nan	0.40731	0.30964	0.000150000000000	1.000000000000000	0.170859375000000	0
36000		-nan	-nan	0.40751	0.30954	0.000150000000000	1.000000000000000	0.170859375000000	0
36500		-nan	-nan	0.40761	0.30944	0.000150000000000	1.000000000000000	0.170859375000000	0
37000		-nan	-nan	0.40696	0.30921	0.000150000000000	1.000000000000000	0.170859375000000	0
37500		-nan	-nan	0.40700	0.30908	0.000150000000000	1.000000000000000	0.170859375000000	0
38000		-nan	-nan	0.40728	0.30905	0.000150000000000	1.000000000000000	0.170859375000000	0
38500		-nan	-nan	0.40709	0.30878	0.000150000000000	1.000000000000000	0.170859375000000	0
39000		-nan	-nan	0.40673	0.30869	0.000150000000000	1.000000000000000	0.170859375000000	0
39500		-nan	-nan	0.40614	0.30860	0.000150000000000	1.000000000000000	0.170859375000000	0
40000		-nan	-nan	0.40605	0.30852	0.000150000000000	1.000000000000000	0.170859375000000	0
40500		-nan	-nan	0.40619	0.30849	0.000150000000000	1.000000000000000	0.170859375000000	0
41000		-nan	-nan	0.40659	0.30853	0.000150000000000	1.000000000000000	0.170859375000000	0
41500		-nan	-nan	0.40653	0.30850	0.000150000000000	1.000000000000000	0.170859375000000	0
42000		-nan	-nan	0.40590	0.30831	0.000150000000000	1.000000000000000	0.170859375000000	0
42500		-nan	-nan	0.40638	0.30827	0.000150000000000	1.000000000000000	0.170859375000000	0
43000		-nan	-nan	0.40630	0.30816	0.000150000000000	1.000000000000000	0.170859375000000	0
43500		-nan	-nan	0.40592	0.30810	0.000150000000000	1.000000000000000	0.170859375000000	0
44000		-nan	-nan	0.40570	0.30807	0.000150000000000	1.000000000000000	0.170859375000000	0
44500		-nan	-nan	0.40600	0.30794	0.000150000000000	1.000000000000000	0.170859375000000	0
45000		-nan	-nan	0.40614	0.30798	0.000150000000000	1.000000000000000	0.170859375000000	0
45500		-nan	-nan	0.40660	0.30801	0.000150000000000	1.000000000000000	0.170859375000000	0
46000		-nan	-nan	0.40656	0.30800	0.000150000000000	1.000000000000000	0.170859375000000	0
46500		-nan	-nan	0.40667	0.30797	0.000150000000000	1.000000000000000	0.170859375000000	0
47000		-nan	-nan	0.40644	0.30783	0.000150000000000	1.000000000000000	0.170859375000000	0
47500		-nan	-nan	0.40623	0.30778	0.000150000000000	1.000000000000000	0.170859375000000	0
48000		-nan	-nan	0.40611	0.30780	0.000150000000000	1.000000000000000	0.170859375000000	0
48500		-nan	-nan	0.40609	0.30783	0.000150000000000	1.000000000000000	0.170859375000000	0
49000		-nan	-nan	0.40600	0.30785	0.000150000000000	1.000000000000000	0.170859375000000	0
49500		-nan	-nan	0.40563	0.30780	0.000150000000000	1.000000000000000	0.170859375000000	0
50000		-nan	-nan	0.40531	0.30788	0.000150000000000	1.000000000000000	0.170859375000000	0
50500		-nan	-nan	0.40515	0.30786	0.000150000000000	1.000000000000000	0.170859375000000	0
51000		-nan	-nan	0.40486	0.30785	0.000150000000000	1.000000000000000	0.170859375000000	0
51500		-nan	-nan	0.40508	0.30782	0.000150000000000	1.000000000000000	0.170859375000000	0
52000		-nan	-nan	0.40499	0.30775	0.000150000000000	1.000000000000000	0.170859375000000	0
52500		-nan	-nan	0.40527	0.30776	0.000150000000000	1.000000000000000	0.170859375000000	0
53000		-nan	-nan	0.40547	0.30767	0.000150000000000	1.000000000000000	0.170859375000000	0
53500		-nan	-nan	0.40554	0.30754	0.000150000000000	1.000000000000000	0.170859375000000	0
54000		-nan	-nan	0.40549	0.30754	0.000150000000000	1.000000000000000	0.170859375000000	0
54500		-nan	-nan	0.40561	0.30760	0.000150000000000	1.000000000000000	0.170859375000000	0
55000		-nan	-nan	0.40573	0.30758	0.000150000000000	1.000000000000000	0.170859375000000	0
55500		-nan	-nan	0.40638	0.30757	0.000150000000000	1.000000000000000	0.170859375000000	0
56000		-nan	-nan	0.40640	0.30745	0.000150000000000	1.000000000000000	0.170859375000000	0
56500		-nan	-nan	0.40649	0.30743	0.000150000000000	1.000000000000000	0.170859375000000	0
57000		-nan	-nan	0.40652	0.30744	0.000150000000000	1.000000000000000	0.170859375000000	0
57500		-nan	-nan	0.40659	0.30741	0.000150000000000	1.000000000000000	0.170859375000000	0
58000		-nan	-nan	0.40617	0.30733	0.000150000000000	1.000000000000000	0.170859375000000	0
58500		-nan	-nan	0.40600	0.30732	0.000150000000000	1.000000000000000	0.170859375000000	0
59000		-nan	-nan	0.40578	0.30731	0.000150000000000	1.000000000000000	0.170859375000000	0
59500		-nan	-nan	0.40557	0.30731	0.000150000000000	1.000000000000000	0.170859375000000	0
60000		-nan	-nan	0.40545	0.30734	0.000150000000000	1.000000000000000	0.170859375000000	0
60500		-nan	-nan	0.40546	0.30737	0.000150000000000	1.000000000000000	0.170859375000000	0
61000		-nan	-nan	0.40562	0.30741	0.000150000000000	1.000000000000000	0.170859375000000	0
61500		-nan	-nan	0.40555	0.30746	0.000150000000000	1.000000000000000	0.170859375000000	0
62000		-nan	-nan	0.40533	0.30744	0.000150000000000	1.000000000000000	0.170859375000000	0
62500		-nan	-nan	0.40502	0.30738	0.000150000000000	1.000000000000000	0.170859375000000	0
63000		-nan	-nan	0.40442	0.30742	0.000150000000000	1.000000000000000	0.170859375000000	0
63500		-nan	-nan	0.40477	0.30741	0.000150000000000	1.000000000000000	0.170859375000000	0
64000		-nan	-nan	0.40496	0.30745	0.000150000000000	1.000000000000000	0.170859375000000	0
64500		-nan	-nan	0.40503	0.30740	0.000150000000000	1.000000000000000	0.170859375000000	0
65000		-nan	-nan	0.40468	0.30744	0.000150000000000	1.000000000000000	0.170859375000000	0
65500		-nan	-nan	0.40481	0.30743	0.000150000000000	1.000000000000000	0.170859375000000	0
66000		-nan	-nan	0.40475	0.30748	0.000150000000000	1.000000000000000	0.170859375000000	0
66500		-nan	-nan	0.40459	0.30754	0.000150000000000	1.000000000000000	0.170859375000000	0
67000		-nan	-nan	0.40477	0.30755	0.000150000000000	1.000000000000000	0.170859375000000	0
67500		-nan	-nan	0.40477	0.30765	0.000150000000000	1.000000000000000	0.170859375000000	0
68000		-nan	-nan	0.40493	0.30767	0.000150000000000	1.000000000000000	0.170859375000000	0
68500		-nan	-nan	0.40508	0.30772	0.000150000000000	1.000000000000000	0.170859375000000	0
69000		-nan	-nan	0.40525	0.30777	0.000150000000000	1.000000000000000	0.170859375000000	0
69500		-nan	-nan	0.40521	0.30776	0.000150000000000	1.000000000000000	0.170859375000000	0
70000		-nan	-nan	0.40511	0.30769	0.000150000000000	1.000000000000000	0.170859375000000	0
70500		-nan	-nan	0.40476	0.30770	0.000150000000000	1.000000000000000	0.170859375000000	0
71000		-nan	-nan	0.40464	0.30764	0.000150000000000	1.000000000000000	0.170859375000000	0
71500		-nan	-nan	0.40488	0.30761	0.000150000000000	1.000000000000000	0.170859375000000	0
72000		-nan	-nan	0.40486	0.30766	0.000150000000000	1.000000000000000	0.170859375000000	0
72500		-nan	-nan	0.40507	0.30762	0.000150000000000	1.000000000000000	0.170859375000000	0
73000		-nan	-nan	0.40528	0.30767	0.000150000000000	1.000000000000000	0.170859375000000	0
73500		-nan	-nan	0.40536	0.30765	0.000150000000000	1.000000000000000	0.170859375000000	0
74000		-nan	-nan	0.40557	0.30765	0.000150000000000	1.000000000000000	0.170859375000000	0
74500		-nan	-nan	0.40544	0.30764	0.000150000000000	1.000000000000000	0.170859375000000	0
75000		-nan	-nan	0.40568	0.30765	0.000150000000000	1.000000000000000	0.170859375000000	0
75500		-nan	-nan	0.40575	0.30761	0.000150000000000	1.000000000000000	0.170859375000000	0
76000		-nan	-nan	0.40567	0.30752	0.000150000000000	1.000000000000000	0.170859375000000	0
76500		-nan	-nan	0.40547	0.30751	0.000150000000000	1.000000000000000	0.170859375000000	0
77000		-nan	-nan	0.40539	0.30751	0.000150000000000	1.000000000000000	0.170859375000000	0
77500		-nan	-nan	0.40497	0.30747	0.000150000000000	1.000000000000000	0.170859375000000	0
78000		-nan	-nan	0.40507	0.30736	0.000150000000000	1.000000000000000	0.170859375000000	0
78500		-nan	-nan	0.40487	0.30735	0.000150000000000	1.000000000000000	0.170859375000000	0
79000		-nan	-nan	0.40499	0.30739	0.000150000000000	1.000000000000000	0.170859375000000	0
79500		-nan	-nan	0.40497	0.30742	0.000150000000000	1.000000000000000	0.170859375000000	0
80000		-nan	-nan	0.40524	0.30745	0.000150000000000	1.000000000000000	0.170859375000000	0
80500		-nan	-nan	0.40534	0.30743	0.000150000000000	1.000000000000000	0.170859375000000	0
81000		-nan	-nan	0.40525	0.30734	0.000150000000000	1.000000000000000	0.170859375000000	0
81500		-nan	-nan	0.40526	0.30732	0.000150000000000	1.000000000000000	0.170859375000000	0
82000		-nan	-nan	0.40515	0.30731	0.000150000000000	1.000000000000000	0.170859375000000	0
82500		-nan	-nan	0.40559	0.30736	0.000150000000000	1.000000000000000	0.170859375000000	0
83000		-nan	-nan	0.40571	0.30743	0.000150000000000	1.000000000000000	0.170859375000000	0
83500		-nan	-nan	0.40589	0.30741	0.000150000000000	1.000000000000000	0.170859375000000	0
84000		-nan	-nan	0.40579	0.30733	0.000150000000000	1.000000000000000	0.170859375000000	0
84500		-nan	-nan	0.40560	0.30732	0.000150000000000	1.000000000000000	0.170859375000000	0
85000		-nan	-nan	0.40573	0.30733	0.000150000000000	1.000000000000000	0.170859375000000	0
85500		-nan	-nan	0.40578	0.30725	0.000150000000000	1.000000000000000	0.170859375000000	0
86000		-nan	-nan	0.40578	0.30724	0.000150000000000	1.000000000000000	0.170859375000000	0
86500		-nan	-nan	0.40587	0.30725	0.000150000000000	1.000000000000000	0.170859375000000	0
87000		-nan	-nan	0.40571	0.30725	0.000150000000000	1.000000000000000	0.170859375000000	0
87500		-nan	-nan	0.40558	0.30724	0.000150000000000	1.000000000000000	0.170859375000000	0
88000		-nan	-nan	0.40569	0.30725	0.000150000000000	1.000000000000000	0.170859375000000	0
88500		-nan	-nan	0.40567	0.30719	0.000150000000000	1.000000000000000	0.170859375000000	0
89000		-nan	-nan	0.40556	0.30716	0.000150000000000	1.000000000000000	0.170859375000000	0
89500		-nan	-nan	0.40540	0.30724	0.000150000000000	1.000000000000000	0.170859375000000	0
90000		-nan	-nan	0.40555	0.30725	0.000150000000000	1.000000000000000	0.170859375000000	0
90500		-nan	-nan	0.40568	0.30726	0.000150000000000	1.000000000000000	0.170859375000000	0
91000		-nan	-nan	0.40587	0.30725	0.000150000000000	1.000000000000000	0.170859375000000	0
91500		-nan	-nan	0.40592	0.30726	0.000150000000000	1.000000000000000	0.170859375000000	0
92000		-nan	-nan	0.40607	0.30723	0.000150000000000	1.000000000000000	0.170859375000000	0
92500		-nan	-nan	0.40598	0.30730	0.000150000000000	1.000000000000000	0.170859375000000	0
93000		-nan	-nan	0.40607	0.30733	0.000150000000000	1.000000000000000	0.170859375000000	0
93500		-nan	-nan	0.40628	0.30736	0.000150000000000	1.000000000000000	0.170859375000000	0
94000		-nan	-nan	0.40607	0.30740	0.000150000000000	1.000000000000000	0.170859375000000	0
94500		-nan	-nan	0.40603	0.30737	0.000150000000000	1.000000000000000	0.170859375000000	0
95000		-nan	-nan	0.40585	0.30729	0.000150000000000	1.000000000000000	0.170859375000000	0
95500		-nan	-nan	0.40585	0.30730	0.000150000000000	1.000000000000000	0.170859375000000	0
96000		-nan	-nan	0.40569	0.30727	0.000150000000000	1.000000000000000	0.170859375000000	0
96500		-nan	-nan	0.40568	0.30727	0.000150000000000	1.000000000000000	0.170859375000000	0
97000		-nan	-nan	0.40571	0.30726	0.000150000000000	1.000000000000000	0.170859375000000	0
97500		-nan	-nan	0.40563	0.30729	0.000150000000000	1.000000000000000	0.170859375000000	0
98000		-nan	-nan	0.40568	0.30730	0.000150000000000	1.000000000000000	0.170859375000000	0
98500		-nan	-nan	0.40555	0.30728	0.000150000000000	1.000000000000000	0.170859375000000	0
99000		-nan	-nan	0.40577	0.30725	0.000150000000000	1.000000000000000	0.170859375000000	0
99500		-nan	-nan	0.40577	0.30722	0.000150000000000	1.000000000000000	0.170859375000000	0
100000		-nan	-nan	0.40588	0.30724	0.000150000000000	1.000000000000000	0.170859375000000	0