step	post	like	prior	mu1	mu2	gamma	pi	Tinf_1	Tinf_2	Tinf_3	Tinf_4	Tinf_5	Tinf_6	Tinf_7	Tinf_8	Tinf_9	Tinf_10	alpha_1	alpha_2	alpha_3	alpha_4	alpha_5	alpha_6	alpha_7	alpha_8	alpha_9	alpha_10	kappa_1	kappa_2	kappa_3	kappa_4	kappa_5	kappa_6	kappa_7	kappa_8	kappa_9	kappa_10
1	-203.123114333346649	-209.978602284306021	6.855487950959373	0.000080000000000	0.000020000000000	0.250000000000000	0.662959599268025	2	5	9	9	14	18	19	23	25	27	0	1	1	1	1	1	1	1	1	1	1	2	4	4	6	8	9	11	12	13
500	-57.834583155395180	-64.690071106354551	6.855487950959373	0.000080000000000	0.000020000000000	0.250000000000000	0.539330359174924	3	5	8	9	14	16	20	23	25	26	0	1	1	2	4	5	6	7	8	8	1	1	3	3	2	1	2	2	1	1
1000	-61.894352727217026	-68.749840678176398	6.855487950959373	0.000080000000000	0.000020000000000	0.250000000000000	0.539104435344872	2	5	10	9	14	18	20	24	25	26	0	1	4	2	4	5	6	7	6	6	1	1	1	2	3	3	1	3	4	4
1500	-55.944393652891726	-62.799881603851098	6.855487950959373	0.000080000000000	0.000020000000000	0.250000000000000	0.401579524283104	3	5	9	9	14	18	19	24	26	28	0	1	2	2	4	5	6	7	8	8	1	1	2	2	3	1	1	2	1	3
2000	-54.766856558480825	-61.622344509440197	6.855487950959373	0.000080000000000	0.000020000000000	0.250000000000000	0.627463625210464	2	5	7	9	14	18	20	23	26	26	0	1	2	3	4	5	6	7	7	8	1	1	1	1	2	2	1	1	2	1
2500	-65.135131047688830	-71.990618998648202	6.855487950959373	0.000080000000000	0.000020000000000	0.250000000000000	0.511074764306024	2	5	9	7	13	18	19	22	26	27	0	1	4	2	3	5	5	6	8	7	1	2	2	1	1	3	3	2	2	4
3000	-56.740878933150562	-63.596366884109933	6.855487950959373	0.000080000000000	0.000020000000000	0.250000000000000	0.797235864209291	1	6	10	8	14	17	20	24	25	27	0	1	4	2	4	5	6	7	7	9	1	3	1	1	2	1	1	2	2	1
3500	-57.094393687372275	-63.949881638331647	6.855487950959373	0.000080000000000	0.000020000000000	0.250000000000000	0.730722444078136	1	5	7	9	14	18	20	23	23	26	0	1	2	2	4	5	6	7	7	8	1	3	1	2	2	2	1	1	1	2
4000	-61.585521085213514	-68.441009036172886	6.855487950959373	0.000080000000000	0.000020000000000	0.250000000000000	0.629575322797238	3	4	9	9	14	17	20	22	25	26	0	1	2	2	4	5	6	7	7	8	1	1	3	2	2	1	2	2	3	2
4500	-58.968933900325197	-65.824421851284569	6.855487950959373	0.000080000000000	0.000020000000000	0.250000000000000	0.477803981099950	3	5	8	8	15	17	20	23	25	28	0	1	2	2	4	5	6	7	7	8	1	1	2	2	4	1	1	2	3	3
5000	-52.756315637038618	-59.611803587997990	6.855487950959373	0.000080000000000	0.000020000000000	0.250000000000000	0.974054194703196	3	5	9	10	15	17	19	23	25	27	0	1	2	3	4	5	6	7	8	9	1	1	1	1	2	1	1	2	1	1
5500	-58.652640755263079	-65.508128706222450	6.855487950959373	0.000080000000000	0.000020000000000	0.250000000000000	0.736340337191142	2	5	9	8	13	18	19	22	24	26	0	1	4	2	4	5	6	7	8	9	1	1	1	1	2	3	1	2	1	1
6000	-66.083171469390749	-72.938659420350120	6.855487950959373	0.000080000000000	0.000020000000000	0.250000000000000	0.498205954844087	2	4	9	10	15	19	18	23	26	27	0	1	1	2	4	7	5	7	8	6	1	1	3	2	3	1	2	3	1	5
6500	-54.903201857879040	-61.758689808838412	6.855487950959373	0.000080000000000	0.000020000000000	0.250000000000000	0.546568003324782	3	5	10	8	14	18	19	24	25	28	0	1	4	2	4	5	6	7	7	8	1	1	1	2	2	2	1	2	4	2
7000	-60.127501370885540	-66.982989321844912	6.855487950959373	0.000080000000000	0.000020000000000	0.250000000000000	0.435326309869353	3	6	10	10	14	17	19	23	25	27	0	1	2	2	4	5	6	7	7	7	1	2	1	2	2	2	2	2	2	4
7500	-55.544647142273305	-62.400135093232677	6.855487950959373	0.000080000000000	0.000020000000000	0.250000000000000	0.714491807133090	3	4	9	8	14	19	17	23	24	28	0	1	4	2	4	7	5	6	8	8	1	1	1	2	3	1	1	2	1	2
8000	-58.764103762463861	-65.619591713423233	6.855487950959373	0.000080000000000	0.000020000000000	0.250000000000000	0.418803675679338	2	6	10	9	14	17	19	24	26	27	0	1	2	2	4	5	6	7	8	6	1	2	1	2	2	2	1	2	2	4
8500	-63.570024433238970	-70.425512384198342	6.855487950959373	0.000080000000000	0.000020000000000	0.250000000000000	0.657120129384355	3	5	9	9	15	18	20	23	26	28	0	1	2	2	4	5	6	6	8	7	1	1	2	2	2	2	2	3	1	5
9000	-57.514359622049028	-64.369847573008400	6.855487950959373	0.000080000000000	0.000020000000000	0.250000000000000	0.663378162078124	3	6	9	10	13	17	19	24	26	27	0	1	2	3	4	5	6	6	8	8	1	1	1	1	2	2	1	2	1	1
9500	-63.770896326270488	-70.626384277229860	6.855487950959373	0.000080000000000	0.000020000000000	0.250000000000000	0.580282302421706	1	4	9	10	14	18	19	23	26	26	0	1	2	3	3	5	6	7	8	7	1	1	2	1	3	2	1	1	1	5
10000	-62.347163988422793	-69.202651939382164	6.855487950959373	0.000080000000000	0.000020000000000	0.250000000000000	0.442661161668297	2	5	10	9	15	18	20	24	26	27	0	1	2	2	3	5	6	7	7	8	1	1	2	1	3	2	1	3	3	2
10500	-57.754106890685051	-64.609594841644423	6.855487950959373	0.000080000000000	0.000020000000000	0.250000000000000	0.345515357392601	3	5	9	9	14	17	19	23	25	28	0	1	2	2	4	5	6	6	7	8	1	1	2	2	2	2	1	2	2	3
11000	-67.756870798294017	-74.612358749253389	6.855487950959373	0.000080000000000	0.000020000000000	0.250000000000000	0.631822858289150	2	6	7	9	13	19	18	23	25	28	0	1	2	2	4	7	5	7	8	9	1	2	1	1	1	1	3	4	1	1
11500	-65.126344418372639	-71.981832369332011	6.855487950959373	0.000080000000000	0.000020000000000	0.250000000000000	0.393349639147419	0	5	9	8	12	17	19	23	26	27	0	1	4	2	2	5	6	7	8	8	1	3	1	2	5	2	1	3	1	2
12000	-58.412680733638936	-65.268168684598308	6.855487950959373	0.000080000000000	0.000020000000000	0.250000000000000	0.733556885005513	3	5	10	9	14	19	18	24	25	28	0	1	4	2	4	7	5	6	8	8	1	1	1	1	2	1	2	1	1	1
12500	-52.989666805104697	-59.845154756064069	6.855487950959373	0.000080000000000	0.000020000000000	0.250000000000000	0.740932834574186	2	6	9	8	13	18	20	23	25	28	0	1	4	2	4	5	6	7	8	8	1	2	1	2	2	2	1	1	1	2
13000	-56.262102772330508	-63.117590723289879	6.855487950959373	0.000080000000000	0.000020000000000	0.250000000000000	0.522605326170647	3	5	8	10	14	18	19	24	26	27	0	1	2	3	4	5	6	7	8	8	1	1	2	1	2	2	1	3	2	2
13500	-58.766565693945182	-65.622053644904554	6.855487950959373	0.000080000000000	0.000020000000000	0.250000000000000	0.523203898051017	2	6	7	7	14	17	20	23	24	27	0	1	2	2	4	5	6	7	8	8	1	2	1	1	3	1	1	2	1	2
14000	-57.748689152465417	-64.604177103424789	6.855487950959373	0.000080000000000	0.000020000000000	0.250000000000000	0.837275877095541	3	5	9	8	15	18	20	23	24	26	0	1	4	2	4	5	6	6	7	8	1	1	1	2	3	2	1	2	2	1
14500	-55.310140097573694	-62.165628048533065	6.855487950959373	0.000080000000000	0.000020000000000	0.250000000000000	0.677585994073469	3	5	8	10	14	17	19	22	25	24	0	1	2	3	4	5	6	7	7	8	1	1	1	1	2	1	1	2	3	1
15000	-57.177115574920506	-64.032603525879878	6.855487950959373	0.000080000000000	0.000020000000000	0.250000000000000	0.495328101238481	0	6	9	8	13	18	19	23	24	27	0	1	4	2	2	5	6	7	8	8	1	3	1	1	4	2	1	2	1	2
15500	-64.725577341101712	-71.581065292061083	6.855487950959373	0.000080000000000	0.000020000000000	0.250000000000000	0.360647047585136	3	5	9	8	14	18	19	23	25	26	0	1	4	2	4	5	5	7	8	6	1	1	1	2	4	1	2	2	2	3
16000	-61.981289943424372	-68.836777894383744	6.855487950959373	0.000080000000000	0.000020000000000	0.250000000000000	0.429745645297139	2	5	8	9	14	19	19	24	25	27	0	1	2	2	4	5	5	7	8	8	1	1	2	2	3	3	3	3	1	2
16500	-56.951224390572207	-63.806712341531579	6.855487950959373	0.000080000000000	0.000020000000000	0.250000000000000	0.701825943614263	2	5	8	9	15	18	20	24	25	28	0	1	2	2	4	5	6	7	7	9	1	1	1	2	3	2	1	2	2	1
17000	-53.674679081655711	-60.530167032615083	6.855487950959373	0.000080000000000	0.000020000000000	0.250000000000000	0.638914124409996	3	5	7	9	13	17	19	23	25	27	0	1	2	3	4	5	6	7	8	8	1	1	1	1	3	2	1	2	1	2
17500	-58.834742551211647	-65.690230502171019	6.855487950959373	0.000080000000000	0.000020000000000	0.250000000000000	0.657434840750291	3	4	8	7	14	17	19	24	26	27	0	1	4	2	4	5	6	7	8	8	1	1	1	1	4	1	1	2	1	2
18000	-53.150000018689468	-60.005487969648840	6.855487950959373	0.000080000000000	0.000020000000000	0.250000000000000	0.754500083739915	3	6	8	9	14	17	19	23	24	27	0	1	2	3	4	5	6	7	8	8	1	1	1	1	3	1	1	2	1	2
18500	-54.213920098568437	-61.069408049527809	6.855487950959373	0.000080000000000	0.000020000000000	0.250000000000000	0.579324129305886	3	5	9	9	14	17	19	23	25	27	0	1	2	2	4	5	6	6	7	8	1	1	2	2	2	2	1	2	3	2
19000	-56.761327379878445	-63.616815330837817	6.855487950959373	0.000080000000000	0.000020000000000	0.250000000000000	0.573978331343950	3	5	8	10	15	18	19	22	24	28	0	1	2	3	4	5	6	7	8	8	1	1	1	1	3	2	1	2	1	3
19500	-54.108496513094458	-60.963984464053830	6.855487950959373	0.000080000000000	0.000020000000000	0.250000000000000	0.757196691430474	3	6	8	9	14	18	19	23	25	27	0	1	2	3	4	5	6	7	8	9	1	1	1	1	3	2	1	1	1	1
20000	-58.352674128421071	-65.208162079380443	6.855487950959373	0.000080000000000	0.000020000000000	0.250000000000000	0.833805148379794	2	4	10	9	12	17	20	23	24	26	0	1	4	2	4	5	6	7	8	8	1	1	1	2	2	2	2	1	1	1
20500	-54.276258165406631	-61.131746116366003	6.855487950959373	0.000080000000000	0.000020000000000	0.250000000000000	0.743095854535615	2	5	10	8	13	18	20	22	24	27	0	1	4	2	4	5	6	7	8	7	1	2	1	2	2	2	1	1	1	4
21000	-57.466812561111993	-64.322300512071365	6.855487950959373	0.000080000000000	0.000020000000000	0.250000000000000	0.770526645171427	2	4	8	9	13	18	20	24	25	27	0	1	1	3	4	5	6	7	8	8	1	1	3	1	1	2	1	2	1	2
21500	-57.383796101873287	-64.239284052832659	6.855487950959373	0.000080000000000	0.000020000000000	0.250000000000000	0.659273953561650	3	5	7	10	15	18	19	23	24	27	0	1	2	3	4	5	6	6	5	8	1	1	1	2	2	1	1	2	4	2
22000	-55.686274643868806	-62.541762594828178	6.855487950959373	0.000080000000000	0.000020000000000	0.250000000000000	0.605898489946746	3	6	10	9	14	18	20	23	25	28	0	1	4	2	4	5	6	7	7	8	1	1	1	1	3	2	1	2	2	2
22500	-59.455620091163340	-66.311108042122711	6.855487950959373	0.000080000000000	0.000020000000000	0.250000000000000	0.510593731754105	2	6	10	10	14	17	19	23	25	28	0	1	2	2	3	5	6	7	6	8	1	2	3	2	2	1	2	2	3	3
23000	-68.220001340705878	-75.075489291665249	6.855487950959373	0.000080000000000	0.000020000000000	0.250000000000000	0.522868280448428	3	6	8	10	12	18	20	24	25	28	0	1	2	2	4	5	6	5	7	9	1	1	1	1	1	3	1	4	2	2
23500	-51.999455518694710	-58.854943469654081	6.855487950959373	0.000080000000000	0.000020000000000	0.250000000000000	0.801487295253077	1	6	8	10	14	18	20	22	24	27	0	1	2	3	4	5	6	7	8	8	1	2	1	1	2	1	1	1	1	2
24000	-52.112278377907835	-58.967766328867206	6.855487950959373	0.000080000000000	0.000020000000000	0.250000000000000	0.620143390623168	2	5	9	9	13	18	19	24	26	27	0	1	2	2	4	5	6	7	8	8	1	1	2	2	2	2	1	2	1	1
24500	-60.782876395275480	-67.638364346234852	6.855487950959373	0.000080000000000	0.000020000000000	0.250000000000000	0.554671207438298	2	5	10	9	15	18	20	24	25	27	0	1	2	2	4	5	6	7	6	6	1	1	2	2	3	1	1	1	2	3
25000	-59.049042743167504	-65.904530694126876	6.855487950959373	0.000080000000000	0.000020000000000	0.250000000000000	0.480329706796627	3	5	8	9	14	18	19	23	25	27	0	1	2	2	3	5	6	7	6	7	1	1	2	2	2	2	1	2	4	4
25500	-57.270346236033518	-64.125834186992890	6.855487950959373	0.000080000000000	0.000020000000000	0.250000000000000	0.408198304535254	2	5	10	10	15	17	20	24	25	27	0	1	2	2	4	5	6	6	7	7	1	2	2	2	2	1	2	4	3	4
26000	-61.695090729146685	-68.550578680106057	6.855487950959373	0.000080000000000	0.000020000000000	0.250000000000000	0.314177511100581	0	5	9	9	14	19	20	24	25	27	0	1	2	1	4	5	6	7	7	7	1	2	2	4	3	2	1	2	2	3
26500	-52.586511561525377	-59.441999512484749	6.855487950959373	0.000080000000000	0.000020000000000	0.250000000000000	0.727541464275226	1	5	9	10	14	17	19	24	26	27	0	1	2	3	4	5	6	7	8	8	1	1	2	1	2	1	1	2	1	1
27000	-64.323133649550485	-71.178621600509857	6.855487950959373	0.000080000000000	0.000020000000000	0.250000000000000	0.448569358871063	3	4	10	8	14	18	20	23	25	27	0	1	4	2	2	5	6	6	8	7	1	1	1	2	5	2	1	3	1	3
27500	-50.552304600664904	-57.407792551624276	6.855487950959373	0.000080000000000	0.000020000000000	0.250000000000000	0.775075504495918	3	5	9	8	14	17	19	23	25	25	0	1	4	2	4	5	6	7	8	8	1	1	1	1	2	1	1	2	1	1
28000	-57.755009857119020	-64.610497808078392	6.855487950959373	0.000080000000000	0.000020000000000	0.250000000000000	0.456228660058323	2	6	10	9	14	18	20	24	24	27	0	1	1	2	3	5	6	7	7	6	1	2	4	2	2	2	1	2	2	5
28500	-63.164269705167641	-70.019757656127013	6.855487950959373	0.000080000000000	0.000020000000000	0.250000000000000	0.588825807279449	2	6	9	10	15	19	20	23	25	25	0	1	2	3	4	5	6	5	7	7	1	2	2	1	3	2	1	4	2	2
29000	-63.884414612825310	-70.739902563784682	6.855487950959373	0.000080000000000	0.000020000000000	0.250000000000000	0.723682680959235	2	6	8	9	14	17	19	22	25	27	0	1	2	2	4	5	5	6	8	8	1	1	1	1	2	2	2	3	1	3
29500	-57.893656873575068	-64.749144824534440	6.855487950959373	0.000080000000000	0.000020000000000	0.250000000000000	0.620578902145108	2	5	10	9	15	18	19	23	25	27	0	1	2	2	4	5	6	7	8	8	1	1	2	2	4	2	1	1	1	1
30000	-59.245742880563625	-66.101230831522997	6.855487950959373	0.000080000000000	0.000020000000000	0.250000000000000	0.634164632521332	2	6	8	9	15	19	18	23	25	26	0	1	2	3	4	7	5	6	8	8	1	1	1	1	2	1	2	2	2	1
30500	-56.136969238329854	-62.992457189289226	6.855487950959373	0.000080000000000	0.000020000000000	0.250000000000000	0.663920580744406	3	5	10	9	14	18	20	23	25	26	0	1	4	2	4	5	5	6	8	8	1	1	1	2	2	2	2	3	1	2
31000	-67.501489005344638	-74.356976956304010	6.855487950959373	0.000080000000000	0.000020000000000	0.250000000000000	0.623369700202927	2	6	8	10	13	17	19	23	26	26	0	1	2	2	4	5	6	7	8	6	1	2	2	1	2	3	1	2	1	6
31500	-51.480295437111707	-58.335783388071079	6.855487950959373	0.000080000000000	0.000020000000000	0.250000000000000	0.660020006542787	2	6	8	9	15	17	19	24	26	27	0	1	2	3	4	5	6	7	8	8	1	2	1	1	3	1	1	2	1	2
32000	-55.896225319827650	-62.751713270787022	6.855487950959373	0.000080000000000	0.000020000000000	0.250000000000000	0.655774069115928	3	6	10	9	15	18	20	22	25	27	0	1	4	2	4	5	6	6	8	8	1	1	1	2	2	2	1	2	2	2
32500	-52.047009957976691	-58.902497908936063	6.855487950959373	0.000080000000000	0.000020000000000	0.250000000000000	0.533749949598701	3	5	9	9	14	18	19	23	25	28	0	1	2	2	4	5	6	7	7	8	1	1	2	2	2	2	1	2	3	2
33000	-54.663665769241817	-61.519153720201189	6.855487950959373	0.000080000000000	0.000020000000000	0.250000000000000	0.845673162191983	2	6	8	10	15	19	20	23	25	26	0	1	2	3	4	5	6	7	8	8	1	2	1	1	2	2	1	2	1	2
33500	-55.050554528238237	-61.906042479197609	6.855487950959373	0.000080000000000	0.000020000000000	0.250000000000000	0.646140435411902	2	6	8	10	15	18	20	24	26	26	0	1	2	3	4	5	6	7	8	8	1	1	1	1	2	1	1	3	1	1
34000	-59.616832537016720	-66.472320487976091	6.855487950959373	0.000080000000000	0.000020000000000	0.250000000000000	0.836168965741075	3	5	7	9	14	18	19	23	26	28	0	1	2	3	4	5	6	7	8	8	1	1	1	1	3	2	1	3	1	2
34500	-59.063492180432050	-65.918980131391422	6.855487950959373	0.000080000000000	0.000020000000000	0.250000000000000	0.604147480036535	2	6	10	8	13	19	20	24	25	26	0	1	4	2	2	5	6	7	8	8	1	2	1	1	3	4	1	2	1	1
35000	-55.101708477719200	-61.957196428678571	6.855487950959373	0.000080000000000	0.000020000000000	0.250000000000000	0.720060866343226	3	5	9	10	14	18	20	24	26	27	0	1	2	3	3	5	6	7	8	8	1	2	2	1	3	2	1	2	1	1
35500	-62.545337948320551	-69.400825899279923	6.855487950959373	0.000080000000000	0.000020000000000	0.250000000000000	0.690400529084666	2	5	9	10	15	18	20	22	25	26	0	1	2	3	3	5	6	7	6	8	1	1	3	1	3	2	1	2	2	2
36000	-60.353671139274212	-67.209159090233584	6.855487950959373	0.000080000000000	0.000020000000000	0.250000000000000	0.569263071658121	0	6	9	10	15	18	19	23	25	26	0	1	2	3	4	5	5	6	7	8	1	2	1	1	2	1	2	2	3	1
36500	-54.635876735788344	-61.491364686747715	6.855487950959373	0.000080000000000	0.000020000000000	0.250000000000000	0.668556505968120	3	6	8	10	15	18	20	23	25	26	0	1	2	3	4	5	6	7	7	8	1	1	1	1	3	1	1	1	2	2
37000	-60.115080258289595	-66.970568209248967	6.855487950959373	0.000080000000000	0.000020000000000	0.250000000000000	0.652214145080957	3	6	9	9	15	19	20	23	25	28	0	1	1	2	3	5	6	7	8	8	1	2	2	1	3	2	1	2	1	2
37500	-57.106910324474235	-63.962398275433607	6.855487950959373	0.000080000000000	0.000020000000000	0.250000000000000	0.477123619169240	2	4	9	9	14	18	20	24	26	27	0	1	2	2	4	5	6	7	7	6	1	1	2	3	3	2	1	2	3	5
38000	-58.985621112537046	-65.841109063496418	6.855487950959373	0.000080000000000	0.000020000000000	0.250000000000000	0.763633467609721	2	4	9	10	14	17	20	22	24	27	0	1	2	2	4	5	6	6	7	9	1	1	2	3	2	1	2	2	2	1
38500	-61.842640967943922	-68.698128918903294	6.855487950959373	0.000080000000000	0.000020000000000	0.250000000000000	0.567682685583925	2	5	8	10	14	19	18	22	23	27	0	1	2	2	4	5	5	7	8	8	1	2	1	2	2	2	2	3	1	2
39000	-59.424444636172154	-66.279932587131526	6.855487950959373	0.000080000000000	0.000020000000000	0.250000000000000	0.337528045936283	3	6	8	10	13	19	20	23	25	27	0	1	2	3	4	5	6	7	7	7	1	2	1	1	2	3	1	2	2	3
39500	-70.860182432734419	-77.715670383693791	6.855487950959373	0.000080000000000	0.000020000000000	0.250000000000000	0.243927260149017	1	6	9	10	13	18	20	24	25	27	0	1	2	3	4	5	6	6	5	7	1	2	1	1	1	3	2	2	6	4
40000	-58.990952239228406	-65.846440190187778	6.855487950959373	0.000080000000000	0.000020000000000	0.250000000000000	0.393583118787091	1	4	10	9	14	17	20	24	26	26	0	1	4	2	4	5	6	7	6	8	1	2	1	2	2	1	2	2	3	1
40500	-54.801893238206560	-61.657381189165932	6.855487950959373	0.000080000000000	0.000020000000000	0.250000000000000	0.745948188628006	2	6	8	9	14	18	20	24	25	28	0	1	2	2	4	5	6	7	6	8	1	2	1	2	2	2	1	2	2	2
41000	-52.457817389993295	-59.313305340952667	6.855487950959373	0.000080000000000	0.000020000000000	0.250000000000000	0.770413365701413	2	5	10	9	14	17	19	24	25	27	0	1	4	2	4	5	6	7	8	8	1	1	1	2	2	2	1	3	1	1
41500	-63.117587596129241	-69.973075547088612	6.855487950959373	0.000080000000000	0.000020000000000	0.250000000000000	0.368121453221949	3	5	9	10	12	16	18	22	26	28	0	1	2	3	3	5	6	7	8	8	1	1	2	1	2	2	1	2	2	4
42000	-54.705768590244894	-61.561256541204266	6.855487950959373	0.000080000000000	0.000020000000000	0.250000000000000	0.663951311281442	2	6	10	9	14	17	19	23	25	27	0	1	2	2	4	5	6	7	8	8	1	1	2	2	2	1	1	3	1	2
42500	-59.173662592591626	-66.029150543550998	6.855487950959373	0.000080000000000	0.000020000000000	0.250000000000000	0.616289515601590	1	5	8	10	15	17	18	23	26	27	0	1	2	3	4	5	6	6	6	8	1	2	1	1	3	1	1	3	3	2
43000	-66.391522568988961	-73.247010519948333	6.855487950959373	0.000080000000000	0.000020000000000	0.250000000000000	0.614524632392583	1	5	8	9	13	18	20	24	22	27	0	1	2	3	4	5	6	7	7	8	1	1	2	1	3	3	1	2	2	1
43500	-59.301893649551971	-66.157381600511343	6.855487950959373	0.000080000000000	0.000020000000000	0.250000000000000	0.770239993190957	3	5	8	10	15	19	20	23	24	26	0	1	2	3	4	5	5	6	8	8	1	1	1	1	2	2	3	2	1	1
44000	-55.334702937960557	-62.190190888919929	6.855487950959373	0.000080000000000	0.000020000000000	0.250000000000000	0.588079695043054	2	4	9	8	14	18	20	24	26	28	0	1	4	2	4	5	6	6	7	8	1	1	1	2	3	1	1	3	3	2
44500	-54.739474119128872	-61.594962070088243	6.855487950959373	0.000080000000000	0.000020000000000	0.250000000000000	0.798024019937161	3	5	8	9	14	18	19	23	25	26	0	1	2	3	4	5	6	7	7	8	1	1	2	1	2	2	1	2	2	1
45000	-62.459087269190192	-69.314575220149564	6.855487950959373	0.000080000000000	0.000020000000000	0.250000000000000	0.587304856189281	3	5	10	8	15	17	20	22	24	24	0	1	4	2	4	5	6	7	8	8	1	1	1	1	2	2	2	1	1	1
45500	-59.458032776178754	-66.313520727138126	6.855487950959373	0.000080000000000	0.000020000000000	0.250000000000000	0.516588858001679	2	5	6	10	14	19	19	24	26	26	0	1	2	3	4	5	5	7	8	8	1	2	1	3	2	2	2	2	1	1
46000	-56.819513422350354	-63.675001373309726	6.855487950959373	0.000080000000000	0.000020000000000	0.250000000000000	0.537629017177230	3	5	10	9	15	17	19	22	26	27	0	1	2	2	4	5	6	7	6	9	1	1	3	2	3	1	1	2	4	1
46500	-61.259054884785215	-68.114542835744587	6.855487950959373	0.000080000000000	0.000020000000000	0.250000000000000	0.427485187634175	3	5	10	9	14	18	19	24	25	27	0	1	4	2	4	5	5	7	7	5	1	1	1	2	3	2	2	3	3	7
47000	-61.538813705020587	-68.394301655979959	6.855487950959373	0.000080000000000	0.000020000000000	0.250000000000000	0.686653918102696	3	5	10	8	13	17	20	23	24	27	0	1	4	2	3	5	6	7	7	9	1	1	2	1	1	2	1	2	3	1
47500	-55.668016103871395	-62.523504054830767	6.855487950959373	0.000080000000000	0.000020000000000	0.250000000000000	0.559929858998246	2	5	8	9	14	18	20	23	26	27	0	1	2	3	4	5	6	7	8	6	1	1	1	1	2	2	1	2	2	4
48000	-60.716661551186419	-67.572149502145791	6.855487950959373	0.000080000000000	0.000020000000000	0.250000000000000	0.551126529988525	2	5	10	8	15	17	20	23	26	26	0	1	4	2	3	5	6	7	8	8	1	2	1	2	3	1	2	2	2	2
48500	-54.993771099316241	-61.849259050275613	6.855487950959373	0.000080000000000	0.000020000000000	0.250000000000000	0.522030071794098	2	6	8	10	14	17	18	24	25	27	0	1	2	2	4	5	6	6	7	9	1	2	1	2	2	1	1	4	4	1
49000	-59.226235550870030	-66.081723501829401	6.855487950959373	0.000080000000000	0.000020000000000	0.250000000000000	0.523585334062023	3	5	8	8	14	18	19	23	25	27	0	1	2	2	3	5	6	7	8	8	1	1	2	1	3	2	1	3	1	1
49500	-54.759404639296363	-61.614892590255735	6.855487950959373	0.000080000000000	0.000020000000000	0.250000000000000	0.628163909548319	3	6	9	9	14	18	20	23	24	26	0	1	2	2	4	5	6	6	7	8	1	2	1	2	3	1	1	2	2	2
50000	-63.347182677919875	-70.202670628879247	6.855487950959373	0.000080000000000	0.000020000000000	0.250000000000000	0.478709592783956	1	6	10	9	14	18	16	23	25	26	0	1	4	2	4	7	5	7	8	6	1	2	1	1	3	2	1	4	1	4
50500	-58.732567849419254	-65.588055800378626	6.855487950959373	0.000080000000000	0.000020000000000	0.250000000000000	0.558863813095685	2	5	8	10	15	18	19	23	25	25	0	1	2	3	3	5	6	7	8	7	1	1	2	1	3	2	1	2	1	2
51000	-55.786671973018493	-62.642159923977864	6.855487950959373	0.000080000000000	0.000020000000000	0.250000000000000	0.484161881552978	2	6	9	10	14	19	20	23	25	26	0	1	2	3	4	5	6	7	8	7	1	3	1	1	2	2	1	1	1	3
51500	-62.155226616500414	-69.010714567459786	6.855487950959373	0.000080000000000	0.000020000000000	0.250000000000000	0.496355663318814	3	5	8	9	13	17	19	23	25	28	0	1	2	2	3	5	6	7	7	8	1	1	2	3	2	2	1	3	2	2
52000	-58.422029405547079	-65.277517356506451	6.855487950959373	0.000080000000000	0.000020000000000	0.250000000000000	0.451072877426200	2	6	9	8	14	18	19	24	25	27	0	1	2	2	3	5	6	6	7	8	1	2	2	1	3	2	1	4	3	2
52500	-63.178419328853138	-70.033907279812510	6.855487950959373	0.000080000000000	0.000020000000000	0.250000000000000	0.418280188040971	2	6	9	7	14	19	19	23	25	27	0	1	4	2	3	5	5	6	7	8	1	2	2	1	2	3	3	2	3	2
53000	-60.466845936400318	-67.322333887359690	6.855487950959373	0.000080000000000	0.000020000000000	0.250000000000000	0.711729532046175	2	5	8	10	14	18	19	23	26	28	0	1	1	3	3	5	6	7	7	8	1	1	3	1	3	2	1	2	3	3
53500	-62.464679412503287	-69.320167363462659	6.855487950959373	0.000080000000000	0.000020000000000	0.250000000000000	0.810442992206766	3	5	9	8	14	19	18	22	25	26	0	1	4	2	3	7	5	6	7	9	1	1	1	1	2	1	2	1	2	1
54000	-65.047596880031975	-71.903084830991347	6.855487950959373	0.000080000000000	0.000020000000000	0.250000000000000	0.365135796265987	3	6	9	9	14	17	19	22	25	26	0	1	2	2	4	5	6	7	8	6	1	1	2	1	3	2	2	2	1	5
54500	-57.349972928506020	-64.205460879465392	6.855487950959373	0.000080000000000	0.000020000000000	0.250000000000000	0.455786630267522	2	5	8	9	15	18	19	23	26	26	0	1	2	2	4	5	6	7	7	8	1	2	1	2	4	2	1	2	4	2
55000	-69.095986257709797	-75.951474208669168	6.855487950959373	0.000080000000000	0.000020000000000	0.250000000000000	0.518322603065222	3	5	8	6	12	18	20	24	25	28	0	1	4	2	4	5	6	6	7	7	1	1	1	1	3	3	1	3	3	5
55500	-58.886775284487712	-65.742263235447084	6.855487950959373	0.000080000000000	0.000020000000000	0.250000000000000	0.568312846399744	2	6	9	10	14	16	19	24	26	27	0	1	2	2	4	5	6	5	8	8	1	2	1	2	2	1	2	5	1	2
56000	-56.269057699108721	-63.124545650068093	6.855487950959373	0.000080000000000	0.000020000000000	0.250000000000000	0.634248409162126	1	6	9	9	15	17	19	22	25	27	0	1	2	2	2	5	6	7	8	8	1	2	1	1	3	1	1	2	1	2
56500	-61.628464876470247	-68.483952827429619	6.855487950959373	0.000080000000000	0.000020000000000	0.250000000000000	0.445369157818106	2	4	10	9	14	18	20	24	25	27	0	1	4	2	2	5	6	7	8	6	1	1	1	2	4	2	1	2	1	4
57000	-66.819044109481425	-73.674532060440796	6.855487950959373	0.000080000000000	0.000020000000000	0.250000000000000	0.430982673056422	1	4	10	9	14	18	20	23	23	28	0	1	4	2	2	5	6	7	7	8	1	1	1	3	5	2	1	2	1	2
57500	-49.525950284759801	-56.381438235719173	6.855487950959373	0.000080000000000	0.000020000000000	0.250000000000000	0.771180381936441	1	6	8	10	15	17	19	23	25	27	0	1	2	2	4	5	6	7	8	8	1	2	1	2	2	1	1	2	1	2
58000	-60.380218859021454	-67.235706809980826	6.855487950959373	0.000080000000000	0.000020000000000	0.250000000000000	0.552322042488493	3	4	10	9	15	18	20	23	26	27	0	1	4	2	4	5	6	6	8	9	1	1	1	2	4	1	2	2	1	1
58500	-58.783349641412855	-65.638837592372226	6.855487950959373	0.000080000000000	0.000020000000000	0.250000000000000	0.544372025658283	2	4	9	9	14	18	19	23	25	27	0	1	2	2	3	5	6	7	7	8	1	1	2	3	3	2	1	2	2	1
59000	-55.117837998556894	-61.973325949516266	6.855487950959373	0.000080000000000	0.000020000000000	0.250000000000000	0.570966430478719	3	6	9	10	14	18	19	22	25	26	0	1	2	3	4	5	6	7	8	8	1	1	1	1	2	2	1	2	2	2
59500	-62.424522896968440	-69.280010847927812	6.855487950959373	0.000080000000000	0.000020000000000	0.250000000000000	0.572085465570890	3	5	9	10	14	18	20	24	26	28	0	1	1	3	2	5	6	7	8	8	1	2	4	1	3	2	1	2	1	2
60000	-55.015244659856975	-61.870732610816347	6.855487950959373	0.000080000000000	0.000020000000000	0.250000000000000	0.674850977310288	2	4	9	9	14	18	20	23	25	27	0	1	2	2	4	5	6	6	8	9	1	1	3	2	2	1	1	3	1	1
60500	-56.628614629691000	-63.484102580650372	6.855487950959373	0.000080000000000	0.000020000000000	0.250000000000000	0.791725278225756	3	5	10	9	14	18	19	23	25	28	0	1	4	2	4	5	5	6	8	8	1	1	1	1	2	1	2	2	1	2
61000	-61.194967068565887	-68.050455019525259	6.855487950959373	0.000080000000000	0.000020000000000	0.250000000000000	0.470520454569625	2	6	9	10	15	18	20	24	23	27	0	1	2	3	4	5	6	6	7	7	1	2	1	1	3	1	2	3	1	4
61500	-52.262440684512519	-59.117928635471891	6.855487950959373	0.000080000000000	0.000020000000000	0.250000000000000	0.734246175034180	3	5	8	10	14	18	20	23	25	26	0	1	2	3	4	5	6	7	8	8	1	1	2	1	1	2	1	2	1	2
62000	-56.770408809994784	-63.625896760954156	6.855487950959373	0.000080000000000	0.000020000000000	0.250000000000000	0.589469192811335	2	5	8	9	14	18	20	23	25	27	0	1	2	3	4	5	6	7	8	6	1	1	1	1	2	3	1	2	1	4
62500	-59.077511895906653	-65.932999846866025	6.855487950959373	0.000080000000000	0.000020000000000	0.250000000000000	0.569508121095681	1	4	10	9	14	18	19	23	25	26	0	1	2	2	4	5	6	7	8	8	1	2	4	2	3	2	1	2	2	2
63000	-55.742829338208161	-62.598317289167532	6.855487950959373	0.000080000000000	0.000020000000000	0.250000000000000	0.641915292284297	3	5	7	9	14	17	20	24	26	28	0	1	2	3	4	5	6	7	8	8	1	1	1	1	3	1	2	2	1	2
63500	-62.491579485419322	-69.347067436378694	6.855487950959373	0.000080000000000	0.000020000000000	0.250000000000000	0.521226949414299	3	6	9	8	12	17	19	23	26	27	0	1	2	2	4	5	6	7	7	9	1	2	2	1	3	3	1	2	4	1
64000	-69.566989469242941	-76.422477420202313	6.855487950959373	0.000080000000000	0.000020000000000	0.250000000000000	0.439409946060553	2	6	8	9	14	17	19	23	25	26	0	1	1	2	2	5	6	5	7	7	1	2	2	2	3	1	1	6	4	4
64500	-55.565417816638231	-62.420905767597603	6.855487950959373	0.000080000000000	0.000020000000000	0.250000000000000	0.602953545038356	3	5	10	9	13	18	20	23	25	26	0	1	2	2	4	5	6	7	8	6	1	1	3	2	2	2	1	2	1	3
65000	-57.594112893726816	-64.449600844686188	6.855487950959373	0.000080000000000	0.000020000000000	0.250000000000000	0.702108923787838	2	4	10	8	13	18	19	23	25	27	0	1	4	2	4	5	6	7	6	8	1	1	1	2	3	2	1	2	3	3
65500	-66.592199260522975	-73.447687211482346	6.855487950959373	0.000080000000000	0.000020000000000	0.250000000000000	0.453105773034893	2	5	8	10	14	18	20	24	26	27	0	1	2	3	4	5	5	6	6	7	1	1	2	1	2	3	4	3	4	4
66000	-54.047581843848732	-60.903069794808104	6.855487950959373	0.000080000000000	0.000020000000000	0.250000000000000	0.570163558400381	2	4	10	9	13	18	19	23	26	27	0	1	4	2	4	5	6	7	8	7	1	1	1	2	2	2	1	2	1	4
66500	-67.337150510525120	-74.192638461484492	6.855487950959373	0.000080000000000	0.000020000000000	0.250000000000000	0.467330824861390	2	5	9	7	15	19	20	23	25	28	0	1	4	2	4	5	5	7	6	8	1	1	1	1	4	3	3	2	3	3
67000	-57.689696425588437	-64.545184376547809	6.855487950959373	0.000080000000000	0.000020000000000	0.250000000000000	0.618298176090581	3	5	7	9	15	18	19	23	25	26	0	1	2	3	4	5	6	7	8	7	1	1	1	2	3	2	1	2	1	2
67500	-61.289608595319763	-68.145096546279134	6.855487950959373	0.000080000000000	0.000020000000000	0.250000000000000	0.519496827203732	2	5	7	7	13	17	19	23	25	28	0	1	2	1	4	5	6	7	7	8	1	2	1	2	3	2	1	2	2	2
68000	-58.098365423014357	-64.953853373973729	6.855487950959373	0.000080000000000	0.000020000000000	0.250000000000000	0.500651802823854	3	6	8	9	13	18	20	22	26	27	0	1	2	3	4	5	6	7	8	7	1	1	1	1	2	2	1	1	1	4
68500	-53.532307094189740	-60.387795045149112	6.855487950959373	0.000080000000000	0.000020000000000	0.250000000000000	0.584564695604381	2	6	10	9	14	18	20	23	24	25	0	1	4	2	4	5	6	7	7	8	1	2	1	1	2	2	1	2	2	1
69000	-58.712911930519823	-65.568399881479195	6.855487950959373	0.000080000000000	0.000020000000000	0.250000000000000	0.377389975735511	3	6	10	9	14	18	19	23	25	27	0	1	4	1	4	5	6	7	6	7	1	1	1	3	3	2	1	2	3	5
69500	-66.033866380828456	-72.889354331787828	6.855487950959373	0.000080000000000	0.000020000000000	0.250000000000000	0.368608675459533	2	4	10	9	13	18	19	23	25	27	0	1	1	2	4	5	5	7	7	9	1	1	4	2	2	4	3	2	2	1
70000	-55.250462832955549	-62.105950783914921	6.855487950959373	0.000080000000000	0.000020000000000	0.250000000000000	0.519932753550362	1	6	8	9	14	17	20	23	25	28	0	1	2	2	4	5	6	7	8	8	1	3	1	2	2	2	2	2	1	2
70500	-53.753693029125756	-60.609180980085128	6.855487950959373	0.000080000000000	0.000020000000000	0.250000000000000	0.832842933662204	2	4	7	10	14	18	19	24	26	27	0	1	2	3	4	5	6	7	8	8	1	1	1	2	2	2	1	2	1	1
71000	-55.564842829290100	-62.420330780249472	6.855487950959373	0.000080000000000	0.000020000000000	0.250000000000000	0.779029414685348	2	5	9	10	14	17	19	22	24	26	0	1	2	3	4	5	6	7	8	8	1	1	1	1	2	2	1	2	1	2
71500	-56.292791881760834	-63.148279832720206	6.855487950959373	0.000080000000000	0.000020000000000	0.250000000000000	0.868507985837114	3	5	7	10	13	17	20	22	25	28	0	1	2	3	4	5	6	7	8	8	1	1	1	1	1	2	1	1	1	2
72000	-53.596489621588965	-60.451977572548337	6.855487950959373	0.000080000000000	0.000020000000000	0.250000000000000	0.709405305834979	2	5	8	10	15	18	20	23	25	27	0	1	2	2	4	5	6	7	8	7	1	2	1	2	2	2	1	2	1	3
72500	-64.744462113282353	-71.599950064241725	6.855487950959373	0.000080000000000	0.000020000000000	0.250000000000000	0.505080261160201	1	4	10	9	14	18	18	24	25	27	0	1	4	2	4	5	5	7	8	6	1	1	1	3	2	3	3	2	1	4
73000	-59.618263502041472	-66.473751453000844	6.855487950959373	0.000080000000000	0.000020000000000	0.250000000000000	0.730732684989154	3	5	9	8	15	19	19	23	24	28	0	1	4	2	4	5	5	6	8	8	1	1	1	1	3	2	2	2	1	2
73500	-53.668150794372920	-60.523638745332292	6.855487950959373	0.000080000000000	0.000020000000000	0.250000000000000	0.684308728181771	2	4	10	9	14	17	19	24	26	27	0	1	4	2	4	5	6	7	8	8	1	1	1	2	2	1	1	2	1	3
74000	-60.076452071702448	-66.931940022661820	6.855487950959373	0.000080000000000	0.000020000000000	0.250000000000000	0.572542703473509	2	6	8	8	14	17	20	24	25	28	0	1	2	2	2	5	6	7	8	8	1	2	1	1	4	2	2	2	1	3
74500	-64.418087477463786	-71.273575428423158	6.855487950959373	0.000080000000000	0.000020000000000	0.250000000000000	0.504463700582790	1	4	8	9	15	19	18	22	25	27	0	1	2	2	4	5	5	6	6	9	1	2	2	2	3	2	2	2	3	2
75000	-61.673019266990821	-68.528507217950192	6.855487950959373	0.000080000000000	0.000020000000000	0.250000000000000	0.687544921872763	3	5	9	8	13	17	19	24	24	27	0	1	4	2	3	5	6	7	7	8	1	2	1	2	2	2	1	2	3	1
75500	-59.929399452059783	-66.784887403019155	6.855487950959373	0.000080000000000	0.000020000000000	0.250000000000000	0.584414415438711	1	5	9	10	14	18	20	23	24	26	0	1	2	2	2	5	6	6	8	7	1	2	2	2	4	1	1	2	1	3
76000	-51.693232012668197	-58.548719963627569	6.855487950959373	0.000080000000000	0.000020000000000	0.250000000000000	0.570072115355130	3	5	10	8	13	18	19	23	25	27	0	1	4	2	4	5	6	7	8	8	1	1	1	2	2	3	1	2	1	2
76500	-54.867140639051065	-61.722628590010437	6.855487950959373	0.000080000000000	0.000020000000000	0.250000000000000	0.483147585412031	3	5	9	8	14	18	20	23	25	27	0	1	4	2	4	5	6	7	7	8	1	1	1	3	2	2	1	2	3	2
77000	-51.434515633940016	-58.290003584899388	6.855487950959373	0.000080000000000	0.000020000000000	0.250000000000000	0.565018016049535	2	6	10	9	14	18	19	23	25	27	0	1	4	2	4	5	6	7	8	8	1	2	1	1	2	2	1	1	1	2
77500	-58.130568323533595	-64.986056274492967	6.855487950959373	0.000080000000000	0.000020000000000	0.250000000000000	0.585477027405108	1	5	10	10	15	17	20	24	26	26	0	1	2	2	4	5	6	6	7	8	1	2	2	2	2	1	1	3	4	1
78000	-61.922112436263234	-68.777600387222606	6.855487950959373	0.000080000000000	0.000020000000000	0.250000000000000	0.579684591740857	2	6	10	9	14	18	19	23	25	27	0	1	4	2	4	5	6	5	8	6	1	1	1	2	3	2	1	5	1	4
78500	-51.862766371852750	-58.718254322812122	6.855487950959373	0.000080000000000	0.000020000000000	0.250000000000000	0.592574369334828	3	5	10	9	14	17	20	24	26	27	0	1	4	2	4	5	6	7	8	8	1	1	1	3	2	1	1	2	1	2
79000	-55.570242344051216	-62.425730295010588	6.855487950959373	0.000080000000000	0.000020000000000	0.250000000000000	0.830862739265190	2	6	9	10	13	17	19	23	25	27	0	1	2	2	4	5	6	7	8	8	1	2	1	2	1	2	2	2	1	1
79500	-59.997591358755002	-66.853079309714374	6.855487950959373	0.000080000000000	0.000020000000000	0.250000000000000	0.727112734096388	3	5	7	9	14	18	19	23	25	27	0	1	2	3	4	5	6	7	7	8	1	1	1	1	2	2	1	3	4	3
80000	-51.931224049118143	-58.786712000077515	6.855487950959373	0.000080000000000	0.000020000000000	0.250000000000000	0.726168331611539	3	6	9	10	14	18	20	23	25	27	0	1	2	2	4	5	6	7	8	8	1	1	1	2	2	2	1	2	1	1
80500	-58.351602294878248	-65.207090245837620	6.855487950959373	0.000080000000000	0.000020000000000	0.250000000000000	0.532397965612384	2	4	8	10	14	17	19	24	25	27	0	1	2	3	4	5	6	7	6	9	1	1	2	1	2	2	1	2	4	2
81000	-53.770046361689957	-60.625534312649329	6.855487950959373	0.000080000000000	0.000020000000000	0.250000000000000	0.669496596354934	2	5	9	10	15	18	19	23	25	25	0	1	2	3	4	5	6	6	8	8	1	1	2	1	2	2	1	2	1	1
81500	-61.381397677794368	-68.236885628753740	6.855487950959373	0.000080000000000	0.000020000000000	0.250000000000000	0.628815342322047	2	5	10	9	13	17	19	23	24	27	0	1	4	1	4	5	6	7	7	9	1	2	1	2	3	2	1	2	3	1
82000	-52.700392608012251	-59.555880558971623	6.855487950959373	0.000080000000000	0.000020000000000	0.250000000000000	0.658994450401140	3	5	10	9	15	19	20	23	25	26	0	1	4	2	4	5	6	7	8	6	1	1	1	2	2	2	1	1	1	3
82500	-55.660200962594850	-62.515688913554222	6.855487950959373	0.000080000000000	0.000020000000000	0.250000000000000	0.607837775562659	2	5	9	9	15	17	19	24	25	26	0	1	2	2	4	5	6	6	8	8	1	3	2	3	3	1	1	3	1	1
83000	-60.482367647025498	-67.337855597984870	6.855487950959373	0.000080000000000	0.000020000000000	0.250000000000000	0.550539417548361	2	4	10	8	15	18	20	24	23	26	0	1	4	2	4	5	6	7	7	8	1	1	1	2	4	2	2	2	1	1
83500	-58.872088661605474	-65.727576612564846	6.855487950959373	0.000080000000000	0.000020000000000	0.250000000000000	0.429596550589273	3	5	9	8	14	15	19	23	24	27	0	1	2	2	4	5	6	7	7	8	1	1	2	2	3	1	2	2	2	2
84000	-69.556414099020799	-76.411902049980171	6.855487950959373	0.000080000000000	0.000020000000000	0.250000000000000	0.497464763542548	1	3	10	8	14	17	20	24	26	28	0	1	2	1	3	5	6	6	7	9	1	1	4	3	2	1	3	3	3	1
84500	-62.362836579494086	-69.218324530453458	6.855487950959373	0.000080000000000	0.000020000000000	0.250000000000000	0.777064115007793	3	5	10	8	14	17	19	24	25	27	0	1	4	2	4	5	6	7	8	8	1	2	1	2	4	1	2	3	1	1
85000	-61.320463070264623	-68.175951021223995	6.855487950959373	0.000080000000000	0.000020000000000	0.250000000000000	0.403184107912819	2	6	8	9	15	17	19	24	24	27	0	1	2	2	2	5	6	6	6	8	1	2	1	1	5	1	2	3	3	2
85500	-68.358749582683018	-75.214237533642390	6.855487950959373	0.000080000000000	0.000020000000000	0.250000000000000	0.366904320819830	2	5	10	8	13	17	19	23	25	26	0	1	4	1	4	5	5	5	6	6	1	2	1	3	3	2	3	5	5	5
86000	-51.425188901676137	-58.280676852635509	6.855487950959373	0.000080000000000	0.000020000000000	0.250000000000000	0.489760897931388	3	5	9	10	15	18	20	23	25	27	0	1	2	3	4	5	6	7	8	8	1	1	2	1	2	2	1	2	1	2
86500	-53.677143862590071	-60.532631813549443	6.855487950959373	0.000080000000000	0.000020000000000	0.250000000000000	0.567733342763889	3	6	8	10	14	18	19	22	25	27	0	1	2	2	4	5	6	7	8	8	1	1	1	2	2	2	1	2	1	2
87000	-57.052442516949583	-63.907930467908955	6.855487950959373	0.000080000000000	0.000020000000000	0.250000000000000	0.719035866614340	2	5	9	10	14	18	20	22	26	27	0	1	2	3	3	5	6	7	7	8	1	1	2	1	2	2	1	1	3	1
87500	-57.093873711095640	-63.949361662055011	6.855487950959373	0.000080000000000	0.000020000000000	0.250000000000000	0.649370449551090	1	6	9	9	15	17	19	24	26	26	0	1	2	2	3	5	6	7	8	8	1	2	1	2	3	1	1	2	1	1
88000	-54.901848081652972	-61.757336032612344	6.855487950959373	0.000080000000000	0.000020000000000	0.250000000000000	0.510379129551903	2	5	10	9	14	18	19	23	26	28	0	1	4	2	4	5	5	7	7	8	1	2	1	2	2	2	2	2	3	2
88500	-70.702886096865996	-77.558374047825367	6.855487950959373	0.000080000000000	0.000020000000000	0.250000000000000	0.408491062505132	3	5	9	7	15	19	18	22	24	27	0	1	4	2	2	7	5	7	7	8	1	1	1	1	5	1	2	3	4	3
89000	-69.189074267142828	-76.044562218102200	6.855487950959373	0.000080000000000	0.000020000000000	0.250000000000000	0.476138099370003	2	5	10	8	14	19	20	24	26	27	0	1	4	2	4	5	5	6	6	6	1	2	1	2	3	3	5	2	4	5
89500	-62.911357883790060	-69.766845834749432	6.855487950959373	0.000080000000000	0.000020000000000	0.250000000000000	0.456730567690072	1	5	9	9	14	17	19	24	26	28	0	1	1	2	4	5	6	7	8	7	1	3	4	3	3	2	1	3	1	4
90000	-56.080101278510654	-62.935589229470025	6.855487950959373	0.000080000000000	0.000020000000000	0.250000000000000	0.684966794557109	2	4	7	9	15	18	20	23	26	27	0	1	2	3	4	5	6	7	8	8	1	1	2	1	3	2	1	1	2	2
90500	-52.641145286970669	-59.496633237930041	6.855487950959373	0.000080000000000	0.000020000000000	0.250000000000000	0.543780492919473	2	4	8	10	14	18	19	23	25	27	0	1	2	3	4	5	6	7	7	8	1	1	2	1	2	2	1	2	2	2
91000	-58.184781127527444	-65.040269078486816	6.855487950959373	0.000080000000000	0.000020000000000	0.250000000000000	0.625835669606011	3	5	10	7	14	18	20	23	25	27	0	1	4	2	4	5	6	7	7	7	1	1	2	1	2	2	1	2	2	3
91500	-63.942483539943296	-70.797971490902668	6.855487950959373	0.000080000000000	0.000020000000000	0.250000000000000	0.640194224561801	2	5	9	10	14	18	18	22	25	27	0	1	2	3	4	5	5	6	6	9	1	2	3	1	2	3	2	2	4	1
92000	-59.124824444078115	-65.980312395037487	6.855487950959373	0.000080000000000	0.000020000000000	0.250000000000000	0.328183918202142	2	4	9	8	14	19	18	24	25	27	0	1	4	2	4	7	5	6	6	9	1	1	1	3	3	1	2	2	4	1
92500	-54.048334828579087	-60.903822779538459	6.855487950959373	0.000080000000000	0.000020000000000	0.250000000000000	0.635245698060010	2	4	8	10	15	18	19	22	24	27	0	1	2	3	4	5	6	6	8	8	1	1	2	1	3	1	1	2	1	2
93000	-58.154934244439829	-65.010422195399201	6.855487950959373	0.000080000000000	0.000020000000000	0.250000000000000	0.462982555390425	2	6	8	10	14	18	20	22	26	28	0	1	2	3	4	5	6	7	7	9	1	1	1	1	3	2	1	1	3	1
93500	-66.763442559051839	-73.618930510011211	6.855487950959373	0.000080000000000	0.000020000000000	0.250000000000000	0.435489312692987	3	5	8	9	15	16	19	24	26	26	0	1	2	2	4	5	6	7	6	8	1	1	1	2	3	1	2	3	8	1
94000	-58.298846941801941	-65.154334892761312	6.855487950959373	0.000080000000000	0.000020000000000	0.250000000000000	0.490363378035486	1	4	8	10	14	17	19	23	25	27	0	1	2	3	4	5	6	6	6	8	1	1	2	1	2	2	1	3	4	2
94500	-65.435486123482207	-72.290974074441579	6.855487950959373	0.000080000000000	0.000020000000000	0.250000000000000	0.603843429243425	2	6	9	9	14	19	18	23	26	26	0	1	2	2	4	7	5	6	8	6	1	2	2	1	3	1	1	4	1	3
95000	-57.644020726555198	-64.499508677514569	6.855487950959373	0.000080000000000	0.000020000000000	0.250000000000000	0.465403248903743	2	6	9	8	14	18	20	23	25	28	0	1	2	2	2	5	6	6	7	8	1	2	1	1	4	2	1	3	2	3
95500	-54.213531147692805	-61.069019098652177	6.855487950959373	0.000080000000000	0.000020000000000	0.250000000000000	0.688013246211788	3	4	7	9	14	18	20	23	25	27	0	1	2	3	4	5	6	7	7	9	1	1	1	1	2	2	1	1	2	1
96000	-62.127659839118138	-68.983147790077510	6.855487950959373	0.000080000000000	0.000020000000000	0.250000000000000	0.662087852662783	1	6	9	8	14	17	20	23	25	26	0	1	2	2	3	5	6	6	8	8	1	3	1	1	2	1	1	4	1	1
96500	-67.843537796786293	-74.699025747745665	6.855487950959373	0.000080000000000	0.000020000000000	0.250000000000000	0.299713292571760	2	6	9	8	14	17	19	22	25	26	0	1	2	2	2	5	6	6	7	7	1	2	1	1	6	1	2	2	2	4
97000	-61.675745531308763	-68.531233482268135	6.855487950959373	0.000080000000000	0.000020000000000	0.250000000000000	0.541486947173185	2	5	9	8	15	18	20	23	25	27	0	1	2	2	4	5	6	7	8	7	1	1	2	3	2	2	1	2	1	5
97500	-62.079723089515170	-68.935211040474542	6.855487950959373	0.000080000000000	0.000020000000000	0.250000000000000	0.834255182239227	3	5	10	9	14	17	20	24	25	26	0	1	4	2	4	5	6	7	7	8	1	1	1	2	3	2	2	2	2	2
98000	-64.614411241945476	-71.469899192904847	6.855487950959373	0.000080000000000	0.000020000000000	0.250000000000000	0.733620655831301	3	6	10	9	15	18	19	22	25	28	0	1	4	2	3	5	6	6	6	6	1	1	1	1	2	1	1	2	3	3
98500	-70.884417057943082	-77.739905008902454	6.855487950959373	0.000080000000000	0.000020000000000	0.250000000000000	0.620778841920752	1	5	9	9	14	18	20	22	22	26	0	1	1	2	4	5	6	7	5	8	1	3	2	2	1	2	1	1	3	2
99000	-70.231789627437038	-77.087277578396410	6.855487950959373	0.000080000000000	0.000020000000000	0.250000000000000	0.764543068195911	3	4	6	9	14	18	17	22	25	25	0	1	2	3	4	5	5	7	8	8	1	1	2	2	2	3	1	3	1	1
99500	-61.864503518291784	-68.719991469251156	6.855487950959373	0.000080000000000	0.000020000000000	0.250000000000000	0.341429389397118	2	5	9	9	15	19	20	22	26	28	0	1	2	2	4	5	5	6	7	6	1	2	2	2	3	1	2	2	3	4
100000	-51.518871384209220	-58.374359335168592	6.855487950959373	0.000080000000000	0.000020000000000	0.250000000000000	0.651160103062970	3	5	7	9	15	18	20	24	25	26	0	1	2	3	4	5	6	7	8	8	1	1	1	1	3	1	1	2	1	1