step	p_accept_mu1	p_accept_gamma	p_accept_pi	p_accept_Tinf	sigma_mu1	sigma_gamma	sigma_pi	n_like_zero
1		1.00000	1.00000	1.00000	1.00000	0.000100000000000	1.000000000000000	0.010000000000000	0
500		1.00000	1.00000	1.00000	0.34208	0.000100000000000	1.000000000000000	0.010000000000000	0
1000		-nan	-nan	0.96600	0.33315	0.000150000000000	1.000000000000000	0.015000000000000	0
1500		-nan	-nan	0.91400	0.33313	0.000150000000000	1.000000000000000	0.022500000000000	0
2000		-nan	-nan	0.83800	0.33079	0.000150000000000	1.000000000000000	0.033750000000000	0
2500		-nan	-nan	0.77600	0.32824	0.000150000000000	1.000000000000000	0.050625000000000	0
3000		-nan	-nan	0.63600	0.32528	0.000150000000000	1.000000000000000	0.075937500000000	0
3500		-nan	-nan	0.51200	0.32408	0.000150000000000	1.000000000000000	0.113906250000000	0
4000		-nan	-nan	0.42200	0.32334	0.000150000000000	1.000000000000000	0.170859375000000	0
4500		-nan	-nan	0.41900	0.32326	0.000150000000000	1.000000000000000	0.170859375000000	0
5000		-nan	-nan	0.43733	0.32268	0.000150000000000	1.000000000000000	0.170859375000000	0
5500		-nan	-nan	0.44250	0.32230	0.000150000000000	1.000000000000000	0.170859375000000	0
6000		-nan	-nan	0.44160	0.32098	0.000150000000000	1.000000000000000	0.170859375000000	0
6500		-nan	-nan	0.44500	0.32071	0.000150000000000	1.000000000000000	0.170859375000000	0
7000		-nan	-nan	0.44400	0.32081	0.000150000000000	1.000000000000000	0.170859375000000	0
7500		-nan	-nan	0.44500	0.32033	0.000150000000000	1.000000000000000	0.170859375000000	0
8000		-nan	-nan	0.44533	0.31957	0.000150000000000	1.000000000000000	0.170859375000000	0
8500		-nan	-nan	0.44820	0.31946	0.000150000000000	1.000000000000000	0.170859375000000	0
9000		-nan	-nan	0.45000	0.31924	0.000150000000000	1.000000000000000	0.170859375000000	0
9500		-nan	-nan	0.45250	0.31888	0.000150000000000	1.000000000000000	0.170859375000000	0
10000		-nan	-nan	0.45277	0.31878	0.000150000000000	1.000000000000000	0.170859375000000	0
10500		-nan	-nan	0.45229	0.31915	0.000150000000000	1.000000000000000	0.170859375000000	0
11000		-nan	-nan	0.45253	0.31938	0.000150000000000	1.000000000000000	0.170859375000000	0
11500		-nan	-nan	0.45463	0.31938	0.000150000000000	1.000000000000000	0.170859375000000	0
12000		-nan	-nan	0.45306	0.31926	0.000150000000000	1.000000000000000	0.170859375000000	0
12500		-nan	-nan	0.45356	0.31960	0.000150000000000	1.000000000000000	0.170859375000000	0
13000		-nan	-nan	0.45158	0.31969	0.000150000000000	1.000000000000000	0.170859375000000	0
13500		-nan	-nan	0.45110	0.32006	0.000150000000000	1.000000000000000	0.170859375000000	0
14000		-nan	-nan	0.45200	0.32022	0.000150000000000	1.000000000000000	0.170859375000000	0
14500		-nan	-nan	0.45073	0.32025	0.000150000000000	1.000000000000000	0.170859375000000	0
15000		-nan	-nan	0.45070	0.32048	0.000150000000000	1.000000000000000	0.170859375000000	0
15500		-nan	-nan	0.45208	0.32059	0.000150000000000	1.000000000000000	0.170859375000000	0
16000		-nan	-nan	0.45432	0.32084	0.000150000000000	1.000000000000000	0.170859375000000	0
16500		-nan	-nan	0.45485	0.32109	0.000150000000000	1.000000000000000	0.170859375000000	0
17000		-nan	-nan	0.45637	0.32095	0.000150000000000	1.000000000000000	0.170859375000000	0
17500		-nan	-nan	0.45529	0.32097	0.000150000000000	1.000000000000000	0.170859375000000	0
18000		-nan	-nan	0.45448	0.32060	0.000150000000000	1.000000000000000	0.170859375000000	0
18500		-nan	-nan	0.45413	0.32048	0.000150000000000	1.000000000000000	0.170859375000000	0
19000		-nan	-nan	0.45465	0.32051	0.000150000000000	1.000000000000000	0.170859375000000	0
19500		-nan	-nan	0.45344	0.32046	0.000150000000000	1.000000000000000	0.170859375000000	0
20000		-nan	-nan	0.45218	0.32028	0.000150000000000	1.000000000000000	0.170859375000000	0
20500		-nan	-nan	0.45124	0.32028	0.000150000000000	1.000000000000000	0.170859375000000	0
21000		-nan	-nan	0.45143	0.32040	0.000150000000000	1.000000000000000	0.170859375000000	0
21500		-nan	-nan	0.45106	0.32055	0.000150000000000	1.000000000000000	0.170859375000000	0
22000		-nan	-nan	0.45097	0.32028	0.000150000000000	1.000000000000000	0.170859375000000	0
22500		-nan	-nan	0.45153	0.32020	0.000150000000000	1.000000000000000	0.170859375000000	0
23000		-nan	-nan	0.45174	0.32038	0.000150000000000	1.000000000000000	0.170859375000000	0
23500		-nan	-nan	0.45120	0.32049	0.000150000000000	1.000000000000000	0.170859375000000	0
24000		-nan	-nan	0.45098	0.32025	0.000150000000000	1.000000000000000	0.170859375000000	0
24500		-nan	-nan	0.45086	0.32024	0.000150000000000	1.000000000000000	0.170859375000000	0
25000		-nan	-nan	0.45186	0.32046	0.000150000000000	1.000000000000000	0.170859375000000	0
25500		-nan	-nan	0.45155	0.32055	0.000150000000000	1.000000000000000	0.170859375000000	0
26000		-nan	-nan	0.45178	0.32059	0.000150000000000	1.000000000000000	0.170859375000000	0
26500		-nan	-nan	0.45191	0.32046	0.000150000000000	1.000000000000000	0.170859375000000	0
27000		-nan	-nan	0.45106	0.32031	0.000150000000000	1.000000000000000	0.170859375000000	0
27500		-nan	-nan	0.45062	0.32040	0.000150000000000	1.000000000000000	0.170859375000000	0
28000		-nan	-nan	0.45037	0.32021	0.000150000000000	1.000000000000000	0.170859375000000	0
28500		-nan	-nan	0.45096	0.31988	0.000150000000000	1.000000000000000	0.170859375000000	0
29000		-nan	-nan	0.45063	0.31978	0.000150000000000	1.000000000000000	0.170859375000000	0
29500		-nan	-nan	0.45046	0.31967	0.000150000000000	1.000000000000000	0.170859375000000	0
30000		-nan	-nan	0.45004	0.31968	0.000150000000000	1.000000000000000	0.170859375000000	0
30500		-nan	-nan	0.45056	0.31960	0.000150000000000	1.000000000000000	0.170859375000000	0
31000		-nan	-nan	0.45076	0.31969	0.000150000000000	1.000000000000000	0.170859375000000	0
31500		-nan	-nan	0.45050	0.31962	0.000150000000000	1.000000000000000	0.170859375000000	0
32000		-nan	-nan	0.45147	0.31963	0.000150000000000	1.000000000000000	0.170859375000000	0
32500		-nan	-nan	0.45141	0.31975	0.000150000000000	1.000000000000000	0.170859375000000	0
33000		-nan	-nan	0.45183	0.31979	0.000150000000000	1.000000000000000	0.170859375000000	0
33500		-nan	-nan	0.45157	0.31970	0.000150000000000	1.000000000000000	0.170859375000000	0
34000		-nan	-nan	0.45164	0.31984	0.000150000000000	1.000000000000000	0.170859375000000	0
34500		-nan	-nan	0.45152	0.31981	0.000150000000000	1.000000000000000	0.170859375000000	0
35000		-nan	-nan	0.45213	0.31988	0.000150000000000	1.000000000000000	0.170859375000000	0
35500		-nan	-nan	0.45275	0.31978	0.000150000000000	1.000000000000000	0.170859375000000	0
36000		-nan	-nan	0.45326	0.31985	0.000150000000000	1.000000000000000	0.170859375000000	0
36500		-nan	-nan	0.45406	0.31984	0.000150000000000	1.000000000000000	0.170859375000000	0
37000		-nan	-nan	0.45346	0.31987	0.000150000000000	1.000000000000000	0.170859375000000	0
37500		-nan	-nan	0.45341	0.31986	0.000150000000000	1.000000000000000	0.170859375000000	0
38000		-nan	-nan	0.45368	0.31991	0.000150000000000	1.000000000000000	0.170859375000000	0
38500		-nan	-nan	0.45357	0.31996	0.000150000000000	1.000000000000000	0.170859375000000	0
39000		-nan	-nan	0.45321	0.31986	0.000150000000000	1.000000000000000	0.170859375000000	0
39500		-nan	-nan	0.45319	0.31986	0.000150000000000	1.000000000000000	0.170859375000000	0
40000		-nan	-nan	0.45348	0.31986	0.000150000000000	1.000000000000000	0.170859375000000	0
40500		-nan	-nan	0.45395	0.31976	0.000150000000000	1.000000000000000	0.170859375000000	0
41000		-nan	-nan	0.45384	0.31978	0.000150000000000	1.000000000000000	0.170859375000000	0
41500		-nan	-nan	0.45339	0.31986	0.000150000000000	1.000000000000000	0.170859375000000	0
42000		-nan	-nan	0.45345	0.31987	0.000150000000000	1.000000000000000	0.170859375000000	0
42500		-nan	-nan	0.45351	0.31983	0.000150000000000	1.000000000000000	0.170859375000000	0
43000		-nan	-nan	0.45329	0.31980	0.000150000000000	1.000000000000000	0.170859375000000	0
43500		-nan	-nan	0.45327	0.31983	0.000150000000000	1.000000000000000	0.170859375000000	0
44000		-nan	-nan	0.45279	0.31972	0.000150000000000	1.000000000000000	0.170859375000000	0
44500		-nan	-nan	0.45244	0.31952	0.000150000000000	1.000000000000000	0.170859375000000	0
45000		-nan	-nan	0.45253	0.31951	0.000150000000000	1.000000000000000	0.170859375000000	0
45500		-nan	-nan	0.45276	0.31960	0.000150000000000	1.000000000000000	0.170859375000000	0
46000		-nan	-nan	0.45278	0.31963	0.000150000000000	1.000000000000000	0.170859375000000	0
46500		-nan	-nan	0.45305	0.31966	0.000150000000000	1.000000000000000	0.170859375000000	0
47000		-nan	-nan	0.45322	0.31954	0.000150000000000	1.000000000000000	0.170859375000000	0
47500		-nan	-nan	0.45277	0.31948	0.000150000000000	1.000000000000000	0.170859375000000	0
48000		-nan	-nan	0.45303	0.31943	0.000150000000000	1.000000000000000	0.170859375000000	0
48500		-nan	-nan	0.45273	0.31951	0.000150000000000	1.000000000000000	0.170859375000000	0
49000		-nan	-nan	0.45257	0.31960	0.000150000000000	1.000000000000000	0.170859375000000	0
49500		-nan	-nan	0.45270	0.31960	0.000150000000000	1.000000000000000	0.170859375000000	0
50000		-nan	-nan	0.45260	0.31956	0.000150000000000	1.000000000000000	0.170859375000000	0
50500		-nan	-nan	0.45253	0.31955	0.000150000000000	1.000000000000000	0.170859375000000	0
51000		-nan	-nan	0.45242	0.31962	0.000150000000000	1.000000000000000	0.170859375000000	0
51500		-nan	-nan	0.45219	0.31952	0.000150000000000	1.000000000000000	0.170859375000000	0
52000		-nan	-nan	0.45245	0.31947	0.000150000000000	1.000000000000000	0.170859375000000	0
52500		-nan	-nan	0.45235	0.31942	0.000150000000000	1.000000000000000	0.170859375000000	0
53000		-nan	-nan	0.45261	0.31946	0.000150000000000	1.000000000000000	0.170859375000000	0
53500		-nan	-nan	0.45282	0.31956	0.000150000000000	1.000000000000000	0.170859375000000	0
54000		-nan	-nan	0.45289	0.31953	0.000150000000000	1.000000000000000	0.170859375000000	0
54500		-nan	-nan	0.45290	0.31950	0.000150000000000	1.000000000000000	0.170859375000000	0
55000		-nan	-nan	0.45266	0.31946	0.000150000000000	1.000000000000000	0.170859375000000	0
55500		-nan	-nan	0.45262	0.31953	0.000150000000000	1.000000000000000	0.170859375000000	0
56000		-nan	-nan	0.45253	0.31951	0.000150000000000	1.000000000000000	0.170859375000000	0
56500		-nan	-nan	0.45264	0.31956	0.000150000000000	1.000000000000000	0.170859375000000	0
57000		-nan	-nan	0.45249	0.31955	0.000150000000000	1.000000000000000	0.170859375000000	0
57500		-nan	-nan	0.45237	0.31959	0.000150000000000	1.000000000000000	0.170859375000000	0
58000		-nan	-nan	0.45257	0.31959	0.000150000000000	1.000000000000000	0.170859375000000	0
58500		-nan	-nan	0.45251	0.31963	0.000150000000000	1.000000000000000	0.170859375000000	0
59000		-nan	-nan	0.45232	0.31966	0.000150000000000	1.000000000000000	0.170859375000000	0
59500		-nan	-nan	0.45211	0.31965	0.000150000000000	1.000000000000000	0.170859375000000	0
60000		-nan	-nan	0.45193	0.31961	0.000150000000000	1.000000000000000	0.170859375000000	0
60500		-nan	-nan	0.45196	0.31959	0.000150000000000	1.000000000000000	0.170859375000000	0
61000		-nan	-nan	0.45212	0.31960	0.000150000000000	1.000000000000000	0.170859375000000	0
61500		-nan	-nan	0.45222	0.31972	0.000150000000000	1.000000000000000	0.170859375000000	0
62000		-nan	-nan	0.45246	0.31980	0.000150000000000	1.000000000000000	0.170859375000000	0
62500		-nan	-nan	0.45264	0.31976	0.000150000000000	1.000000000000000	0.170859375000000	0
63000		-nan	-nan	0.45269	0.31972	0.000150000000000	1.000000000000000	0.170859375000000	0
63500		-nan	-nan	0.45277	0.31964	0.000150000000000	1.000000000000000	0.170859375000000	0
64000		-nan	-nan	0.45289	0.31966	0.000150000000000	1.000000000000000	0.170859375000000	0
64500		-nan	-nan	0.45311	0.31967	0.000150000000000	1.000000000000000	0.170859375000000	0
65000		-nan	-nan	0.45337	0.31962	0.000150000000000	1.000000000000000	0.170859375000000	0
65500		-nan	-nan	0.45353	0.31966	0.000150000000000	1.000000000000000	0.170859375000000	0
66000		-nan	-nan	0.45336	0.31963	0.000150000000000	1.000000000000000	0.170859375000000	0
66500		-nan	-nan	0.45329	0.31963	0.000150000000000	1.000000000000000	0.170859375000000	0
67000		-nan	-nan	0.45353	0.31959	0.000150000000000	1.000000000000000	0.170859375000000	0
67500		-nan	-nan	0.45341	0.31972	0.000150000000000	1.000000000000000	0.170859375000000	0
68000		-nan	-nan	0.45350	0.31974	0.000150000000000	1.000000000000000	0.170859375000000	0
68500		-nan	-nan	0.45346	0.31975	0.000150000000000	1.000000000000000	0.170859375000000	0
69000		-nan	-nan	0.45353	0.31976	0.000150000000000	1.000000000000000	0.170859375000000	0
69500		-nan	-nan	0.45345	0.31980	0.000150000000000	1.000000000000000	0.170859375000000	0
70000		-nan	-nan	0.45341	0.31979	0.000150000000000	1.000000000000000	0.170859375000000	0
70500		-nan	-nan	0.45340	0.31973	0.000150000000000	1.000000000000000	0.170859375000000	0
71000		-nan	-nan	0.45350	0.31973	0.000150000000000	1.000000000000000	0.170859375000000	0
71500		-nan	-nan	0.45332	0.31979	0.000150000000000	1.000000000000000	0.170859375000000	0
72000		-nan	-nan	0.45342	0.31980	0.000150000000000	1.000000000000000	0.170859375000000	0
72500		-nan	-nan	0.45354	0.31987	0.000150000000000	1.000000000000000	0.170859375000000	0
73000		-nan	-nan	0.45344	0.31986	0.000150000000000	1.000000000000000	0.170859375000000	0
73500		-nan	-nan	0.45349	0.31984	0.000150000000000	1.000000000000000	0.170859375000000	0
74000		-nan	-nan	0.45349	0.31990	0.000150000000000	1.000000000000000	0.170859375000000	0
74500		-nan	-nan	0.45382	0.31996	0.000150000000000	1.000000000000000	0.170859375000000	0
75000		-nan	-nan	0.45403	0.31993	0.000150000000000	1.000000000000000	0.170859375000000	0
75500		-nan	-nan	0.45410	0.31989	0.000150000000000	1.000000000000000	0.170859375000000	0
76000		-nan	-nan	0.45429	0.31986	0.000150000000000	1.000000000000000	0.170859375000000	0
76500		-nan	-nan	0.45430	0.31980	0.000150000000000	1.000000000000000	0.170859375000000	0
77000		-nan	-nan	0.45439	0.31978	0.000150000000000	1.000000000000000	0.170859375000000	0
77500		-nan	-nan	0.45447	0.31972	0.000150000000000	1.000000000000000	0.170859375000000	0
78000		-nan	-nan	0.45428	0.31966	0.000150000000000	1.000000000000000	0.170859375000000	0
78500		-nan	-nan	0.45427	0.31960	0.000150000000000	1.000000000000000	0.170859375000000	0
79000		-nan	-nan	0.45419	0.31965	0.000150000000000	1.000000000000000	0.170859375000000	0
79500		-nan	-nan	0.45416	0.31960	0.000150000000000	1.000000000000000	0.170859375000000	0
80000		-nan	-nan	0.45430	0.31965	0.000150000000000	1.000000000000000	0.170859375000000	0
80500		-nan	-nan	0.45431	0.31965	0.000150000000000	1.000000000000000	0.170859375000000	0
81000		-nan	-nan	0.45432	0.31967	0.000150000000000	1.000000000000000	0.170859375000000	0
81500		-nan	-nan	0.45432	0.31967	0.000150000000000	1.000000000000000	0.170859375000000	0
82000		-nan	-nan	0.45446	0.31967	0.000150000000000	1.000000000000000	0.170859375000000	0
82500		-nan	-nan	0.45466	0.31971	0.000150000000000	1.000000000000000	0.170859375000000	0
83000		-nan	-nan	0.45464	0.31970	0.000150000000000	1.000000000000000	0.170859375000000	0
83500		-nan	-nan	0.45454	0.31968	0.000150000000000	1.000000000000000	0.170859375000000	0
84000		-nan	-nan	0.45450	0.31967	0.000150000000000	1.000000000000000	0.170859375000000	0
84500		-nan	-nan	0.45451	0.31973	0.000150000000000	1.000000000000000	0.170859375000000	0
85000		-nan	-nan	0.45443	0.31970	0.000150000000000	1.000000000000000	0.170859375000000	0
85500		-nan	-nan	0.45444	0.31972	0.000150000000000	1.000000000000000	0.170859375000000	0
86000		-nan	-nan	0.45473	0.31979	0.000150000000000	1.000000000000000	0.170859375000000	0
86500		-nan	-nan	0.45453	0.31977	0.000150000000000	1.000000000000000	0.170859375000000	0
87000		-nan	-nan	0.45455	0.31981	0.000150000000000	1.000000000000000	0.170859375000000	0
87500		-nan	-nan	0.45461	0.31981	0.000150000000000	1.000000000000000	0.170859375000000	0
88000		-nan	-nan	0.45456	0.31980	0.000150000000000	1.000000000000000	0.170859375000000	0
88500		-nan	-nan	0.45461	0.31980	0.000150000000000	1.000000000000000	0.170859375000000	0
89000		-nan	-nan	0.45480	0.31973	0.000150000000000	1.000000000000000	0.170859375000000	0
89500		-nan	-nan	0.45500	0.31973	0.000150000000000	1.000000000000000	0.170859375000000	0
90000		-nan	-nan	0.45504	0.31974	0.000150000000000	1.000000000000000	0.170859375000000	0
90500		-nan	-nan	0.45502	0.31968	0.000150000000000	1.000000000000000	0.170859375000000	0
91000		-nan	-nan	0.45497	0.31971	0.000150000000000	1.000000000000000	0.170859375000000	0
91500		-nan	-nan	0.45469	0.31968	0.000150000000000	1.000000000000000	0.170859375000000	0
92000		-nan	-nan	0.45479	0.31968	0.000150000000000	1.000000000000000	0.170859375000000	0
92500		-nan	-nan	0.45487	0.31967	0.000150000000000	1.000000000000000	0.170859375000000	0
93000		-nan	-nan	0.45505	0.31968	0.000150000000000	1.000000000000000	0.170859375000000	0
93500		-nan	-nan	0.45510	0.31972	0.000150000000000	1.000000000000000	0.170859375000000	0
94000		-nan	-nan	0.45495	0.31974	0.000150000000000	1.000000000000000	0.170859375000000	0
94500		-nan	-nan	0.45490	0.31974	0.000150000000000	1.000000000000000	0.170859375000000	0
95000		-nan	-nan	0.45493	0.31976	0.000150000000000	1.000000000000000	0.170859375000000	0
95500		-nan	-nan	0.45500	0.31973	0.000150000000000	1.000000000000000	0.170859375000000	0
96000		-nan	-nan	0.45490	0.31971	0.000150000000000	1.000000000000000	0.170859375000000	0
96500		-nan	-nan	0.45478	0.31970	0.000150000000000	1.000000000000000	0.170859375000000	0
97000		-nan	-nan	0.45492	0.31971	0.000150000000000	1.000000000000000	0.170859375000000	0
97500		-nan	-nan	0.45479	0.31969	0.000150000000000	1.000000000000000	0.170859375000000	0
98000		-nan	-nan	0.45474	0.31968	0.000150000000000	1.000000000000000	0.170859375000000	0
98500		-nan	-nan	0.45483	0.31972	0.000150000000000	1.000000000000000	0.170859375000000	0
99000		-nan	-nan	0.45497	0.31972	0.000150000000000	1.000000000000000	0.170859375000000	0
99500		-nan	-nan	0.45514	0.31969	0.000150000000000	1.000000000000000	0.170859375000000	0
100000		-nan	-nan	0.45537	0.31970	0.000150000000000	1.000000000000000	0.170859375000000	0