step	p_accept_mu1	p_accept_gamma	p_accept_pi	p_accept_Tinf	sigma_mu1	sigma_gamma	sigma_pi	n_like_zero
1		1.00000	1.00000	0.50000	1.00000	0.000100000000000	1.000000000000000	0.010000000000000	0
500		0.99198	0.26653	0.84698	0.36794	0.000100000000000	1.000000000000000	0.010000000000000	0
1000		0.97800	0.24124	0.90400	0.35013	0.000150000000000	1.000000000000000	0.015000000000000	0
1500		0.99000	0.39000	0.91400	0.33845	0.000225000000000	0.666666666666667	0.022500000000000	0
2000		0.97800	0.34800	0.84600	0.33364	0.000337500000000	0.666666666666667	0.033750000000000	0
2500		0.97000	0.36000	0.80000	0.33268	0.000506250000000	0.666666666666667	0.050625000000000	0
3000		0.96600	0.36400	0.66200	0.32811	0.000759375000000	0.666666666666667	0.075937500000000	0
3500		0.93400	0.37040	0.51400	0.32572	0.001139062500000	0.666666666666667	0.113906250000000	0
4000		0.92200	0.36867	0.42800	0.32469	0.001708593750000	0.666666666666667	0.170859375000000	0
4500		0.93400	0.36857	0.42100	0.32293	0.002562890625000	0.666666666666667	0.170859375000000	0
5000		0.86800	0.36450	0.41600	0.32115	0.003844335937500	0.666666666666667	0.170859375000000	0
5500		0.81800	0.36000	0.42750	0.32089	0.005766503906250	0.666666666666667	0.170859375000000	0
6000		0.79600	0.35480	0.42200	0.31994	0.008649755859375	0.666666666666667	0.170859375000000	0
6500		0.85600	0.34964	0.42700	0.32093	0.012974633789063	0.666666666666667	0.170859375000000	0
7000		0.84000	0.34217	0.43200	0.32207	0.019461950683594	0.666666666666667	0.170859375000000	0
7500		0.83400	0.33908	0.43350	0.32284	0.029192926025391	0.666666666666667	0.170859375000000	0
8000		0.74000	0.33486	0.43267	0.32373	0.043789389038086	0.666666666666667	0.170859375000000	0
8500		0.67800	0.33320	0.43820	0.32485	0.065684083557129	0.666666666666667	0.170859375000000	0
9000		0.55000	0.33463	0.43945	0.32558	0.098526125335693	0.666666666666667	0.170859375000000	0
9500		0.45800	0.33000	0.44233	0.32653	0.147789188003540	0.666666666666667	0.170859375000000	0
10000		0.43500	0.32556	0.44415	0.32740	0.147789188003540	0.666666666666667	0.170859375000000	0
10500		0.44733	0.32421	0.44500	0.32822	0.147789188003540	0.666666666666667	0.170859375000000	0
11000		0.44350	0.32240	0.44667	0.32878	0.147789188003540	0.666666666666667	0.170859375000000	0
11500		0.45120	0.32105	0.44725	0.32950	0.147789188003540	0.666666666666667	0.170859375000000	0
12000		0.45733	0.31891	0.44624	0.32992	0.147789188003540	0.666666666666667	0.170859375000000	0
12500		0.45971	0.31722	0.44922	0.33061	0.147789188003540	0.666666666666667	0.170859375000000	0
13000		0.46700	0.31500	0.44947	0.33102	0.147789188003540	0.666666666666667	0.170859375000000	0
13500		0.46222	0.31344	0.44940	0.33120	0.147789188003540	0.666666666666667	0.170859375000000	0
14000		0.46400	0.31246	0.44981	0.33134	0.147789188003540	0.666666666666667	0.170859375000000	0
14500		0.46309	0.31215	0.44809	0.33167	0.147789188003540	0.666666666666667	0.170859375000000	0
15000		0.46450	0.31114	0.44843	0.33245	0.147789188003540	0.666666666666667	0.170859375000000	0
15500		0.46754	0.30883	0.44883	0.33279	0.147789188003540	0.666666666666667	0.170859375000000	0
16000		0.46843	0.30893	0.44952	0.33307	0.147789188003540	0.666666666666667	0.170859375000000	0
16500		0.46747	0.30703	0.45069	0.33338	0.147789188003540	0.666666666666667	0.170859375000000	0
17000		0.46587	0.30531	0.45096	0.33362	0.147789188003540	0.666666666666667	0.170859375000000	0
17500		0.46447	0.30382	0.45143	0.33343	0.147789188003540	0.666666666666667	0.170859375000000	0
18000		0.46322	0.30353	0.45193	0.33345	0.147789188003540	0.666666666666667	0.170859375000000	0
18500		0.46337	0.30309	0.45100	0.33347	0.147789188003540	0.666666666666667	0.170859375000000	0
19000		0.46330	0.30372	0.45142	0.33372	0.147789188003540	0.666666666666667	0.170859375000000	0
19500		0.46305	0.30232	0.45094	0.33403	0.147789188003540	0.666666666666667	0.170859375000000	0
20000		0.46418	0.30189	0.45182	0.33423	0.147789188003540	0.666666666666667	0.170859375000000	0
20500		0.46461	0.30072	0.45229	0.33433	0.147789188003540	0.666666666666667	0.170859375000000	0
21000		0.46258	0.29965	0.45434	0.33443	0.147789188003540	0.666666666666667	0.170859375000000	0
21500		0.46192	0.29859	0.45406	0.33451	0.147789188003540	0.666666666666667	0.170859375000000	0
22000		0.46238	0.29790	0.45449	0.33489	0.147789188003540	0.666666666666667	0.170859375000000	0
22500		0.46274	0.29926	0.45558	0.33493	0.147789188003540	0.666666666666667	0.170859375000000	0
23000		0.46350	0.29909	0.45518	0.33522	0.147789188003540	0.666666666666667	0.170859375000000	0
23500		0.46241	0.29902	0.45590	0.33553	0.147789188003540	0.666666666666667	0.170859375000000	0
24000		0.46313	0.29943	0.45517	0.33543	0.147789188003540	0.666666666666667	0.170859375000000	0
24500		0.46400	0.29953	0.45500	0.33538	0.147789188003540	0.666666666666667	0.170859375000000	0
25000		0.46537	0.29925	0.45563	0.33574	0.147789188003540	0.666666666666667	0.170859375000000	0
25500		0.46545	0.29922	0.45568	0.33574	0.147789188003540	0.666666666666667	0.170859375000000	0
26000		0.46629	0.29948	0.45564	0.33585	0.147789188003540	0.666666666666667	0.170859375000000	0
26500		0.46611	0.29945	0.45504	0.33589	0.147789188003540	0.666666666666667	0.170859375000000	0
27000		0.46639	0.29958	0.45498	0.33590	0.147789188003540	0.666666666666667	0.170859375000000	0
27500		0.46551	0.29925	0.45529	0.33610	0.147789188003540	0.666666666666667	0.170859375000000	0
28000		0.46542	0.29889	0.45547	0.33619	0.147789188003540	0.666666666666667	0.170859375000000	0
28500		0.46641	0.29851	0.45540	0.33623	0.147789188003540	0.666666666666667	0.170859375000000	0
29000		0.46630	0.29857	0.45545	0.33613	0.147789188003540	0.666666666666667	0.170859375000000	0
29500		0.46649	0.29870	0.45450	0.33617	0.147789188003540	0.666666666666667	0.170859375000000	0
30000		0.46729	0.29859	0.45483	0.33620	0.147789188003540	0.666666666666667	0.170859375000000	0
30500		0.46656	0.29807	0.45526	0.33619	0.147789188003540	0.666666666666667	0.170859375000000	0
31000		0.46673	0.29793	0.45455	0.33620	0.147789188003540	0.666666666666667	0.170859375000000	0
31500		0.46640	0.29728	0.45571	0.33635	0.147789188003540	0.666666666666667	0.170859375000000	0
32000		0.46635	0.29677	0.45674	0.33648	0.147789188003540	0.666666666666667	0.170859375000000	0
32500		0.46672	0.29670	0.45662	0.33648	0.147789188003540	0.666666666666667	0.170859375000000	0
33000		0.46683	0.29631	0.45695	0.33663	0.147789188003540	0.666666666666667	0.170859375000000	0
33500		0.46616	0.29612	0.45733	0.33684	0.147789188003540	0.666666666666667	0.170859375000000	0
34000		0.46608	0.29558	0.45744	0.33701	0.147789188003540	0.666666666666667	0.170859375000000	0
34500		0.46639	0.29484	0.45716	0.33704	0.147789188003540	0.666666666666667	0.170859375000000	0
35000		0.46523	0.29429	0.45746	0.33701	0.147789188003540	0.666666666666667	0.170859375000000	0
35500		0.46562	0.29490	0.45756	0.33714	0.147789188003540	0.666666666666667	0.170859375000000	0
36000		0.46574	0.29426	0.45852	0.33713	0.147789188003540	0.666666666666667	0.170859375000000	0
36500		0.46549	0.29389	0.45852	0.33717	0.147789188003540	0.666666666666667	0.170859375000000	0
37000		0.46529	0.29353	0.45872	0.33719	0.147789188003540	0.666666666666667	0.170859375000000	0
37500		0.46491	0.29282	0.45844	0.33729	0.147789188003540	0.666666666666667	0.170859375000000	0
38000		0.46500	0.29216	0.45832	0.33726	0.147789188003540	0.666666666666667	0.170859375000000	0
38500		0.46475	0.29176	0.45829	0.33730	0.147789188003540	0.666666666666667	0.170859375000000	0
39000		0.46457	0.29184	0.45887	0.33738	0.147789188003540	0.666666666666667	0.170859375000000	0
39500		0.46426	0.29156	0.45914	0.33759	0.147789188003540	0.666666666666667	0.170859375000000	0
40000		0.46461	0.29159	0.45885	0.33760	0.147789188003540	0.666666666666667	0.170859375000000	0
40500		0.46505	0.29180	0.45916	0.33769	0.147789188003540	0.666666666666667	0.170859375000000	0
41000		0.46494	0.29147	0.45915	0.33766	0.147789188003540	0.666666666666667	0.170859375000000	0
41500		0.46495	0.29178	0.45876	0.33759	0.147789188003540	0.666666666666667	0.170859375000000	0
42000		0.46548	0.29149	0.45836	0.33763	0.147789188003540	0.666666666666667	0.170859375000000	0
42500		0.46612	0.29171	0.45838	0.33763	0.147789188003540	0.666666666666667	0.170859375000000	0
43000		0.46597	0.29160	0.45825	0.33768	0.147789188003540	0.666666666666667	0.170859375000000	0
43500		0.46620	0.29089	0.45832	0.33765	0.147789188003540	0.666666666666667	0.170859375000000	0
44000		0.46563	0.29147	0.45854	0.33765	0.147789188003540	0.666666666666667	0.170859375000000	0
44500		0.46569	0.29140	0.45807	0.33759	0.147789188003540	0.666666666666667	0.170859375000000	0
45000		0.46533	0.29114	0.45807	0.33766	0.147789188003540	0.666666666666667	0.170859375000000	0
45500		0.46452	0.29101	0.45860	0.33764	0.147789188003540	0.666666666666667	0.170859375000000	0
46000		0.46459	0.29078	0.45849	0.33747	0.147789188003540	0.666666666666667	0.170859375000000	0
46500		0.46445	0.29116	0.45842	0.33747	0.147789188003540	0.666666666666667	0.170859375000000	0
47000		0.46432	0.29150	0.45818	0.33748	0.147789188003540	0.666666666666667	0.170859375000000	0
47500		0.46436	0.29133	0.45789	0.33753	0.147789188003540	0.666666666666667	0.170859375000000	0
48000		0.46449	0.29104	0.45775	0.33758	0.147789188003540	0.666666666666667	0.170859375000000	0
48500		0.46435	0.29086	0.45798	0.33765	0.147789188003540	0.666666666666667	0.170859375000000	0
49000		0.46400	0.29058	0.45818	0.33761	0.147789188003540	0.666666666666667	0.170859375000000	0
49500		0.46402	0.29027	0.45828	0.33759	0.147789188003540	0.666666666666667	0.170859375000000	0
50000		0.46429	0.28998	0.45819	0.33755	0.147789188003540	0.666666666666667	0.170859375000000	0
50500		0.46443	0.28988	0.45840	0.33763	0.147789188003540	0.666666666666667	0.170859375000000	0
51000		0.46421	0.28960	0.45855	0.33769	0.147789188003540	0.666666666666667	0.170859375000000	0
51500		0.46402	0.28970	0.45846	0.33773	0.147789188003540	0.666666666666667	0.170859375000000	0
52000		0.46393	0.28978	0.45841	0.33776	0.147789188003540	0.666666666666667	0.170859375000000	0
52500		0.46349	0.28955	0.45824	0.33777	0.147789188003540	0.666666666666667	0.170859375000000	0
53000		0.46341	0.28987	0.45810	0.33772	0.147789188003540	0.666666666666667	0.170859375000000	0
53500		0.46328	0.29015	0.45792	0.33758	0.147789188003540	0.666666666666667	0.170859375000000	0
54000		0.46349	0.29015	0.45792	0.33759	0.147789188003540	0.666666666666667	0.170859375000000	0
54500		0.46327	0.29019	0.45812	0.33767	0.147789188003540	0.666666666666667	0.170859375000000	0
55000		0.46298	0.29017	0.45831	0.33769	0.147789188003540	0.666666666666667	0.170859375000000	0
55500		0.46329	0.29018	0.45858	0.33778	0.147789188003540	0.666666666666667	0.170859375000000	0
56000		0.46296	0.28965	0.45910	0.33784	0.147789188003540	0.666666666666667	0.170859375000000	0
56500		0.46265	0.28953	0.45945	0.33792	0.147789188003540	0.666666666666667	0.170859375000000	0
57000		0.46267	0.28920	0.45957	0.33796	0.147789188003540	0.666666666666667	0.170859375000000	0
57500		0.46282	0.28936	0.45993	0.33790	0.147789188003540	0.666666666666667	0.170859375000000	0
58000		0.46278	0.28933	0.45969	0.33780	0.147789188003540	0.666666666666667	0.170859375000000	0
58500		0.46273	0.28937	0.45962	0.33767	0.147789188003540	0.666666666666667	0.170859375000000	0
59000		0.46284	0.28902	0.45980	0.33764	0.147789188003540	0.666666666666667	0.170859375000000	0
59500		0.46289	0.28908	0.46004	0.33771	0.147789188003540	0.666666666666667	0.170859375000000	0
60000		0.46265	0.28886	0.45993	0.33772	0.147789188003540	0.666666666666667	0.170859375000000	0
60500		0.46274	0.28906	0.46002	0.33781	0.147789188003540	0.666666666666667	0.170859375000000	0
61000		0.46298	0.28895	0.45983	0.33779	0.147789188003540	0.666666666666667	0.170859375000000	0
61500		0.46250	0.28866	0.45976	0.33783	0.147789188003540	0.666666666666667	0.170859375000000	0
62000		0.46243	0.28838	0.46009	0.33789	0.147789188003540	0.666666666666667	0.170859375000000	0
62500		0.46260	0.28828	0.46034	0.33787	0.147789188003540	0.666666666666667	0.170859375000000	0
63000		0.46281	0.28852	0.46010	0.33787	0.147789188003540	0.666666666666667	0.170859375000000	0
63500		0.46255	0.28842	0.45980	0.33789	0.147789188003540	0.666666666666667	0.170859375000000	0
64000		0.46276	0.28843	0.45954	0.33778	0.147789188003540	0.666666666666667	0.170859375000000	0
64500		0.46268	0.28841	0.45972	0.33769	0.147789188003540	0.666666666666667	0.170859375000000	0
65000		0.46254	0.28816	0.45982	0.33770	0.147789188003540	0.666666666666667	0.170859375000000	0
65500		0.46239	0.28780	0.45994	0.33776	0.147789188003540	0.666666666666667	0.170859375000000	0
66000		0.46209	0.28789	0.45984	0.33776	0.147789188003540	0.666666666666667	0.170859375000000	0
66500		0.46210	0.28773	0.45952	0.33777	0.147789188003540	0.666666666666667	0.170859375000000	0
67000		0.46198	0.28767	0.45953	0.33775	0.147789188003540	0.666666666666667	0.170859375000000	0
67500		0.46186	0.28735	0.45972	0.33780	0.147789188003540	0.666666666666667	0.170859375000000	0
68000		0.46159	0.28704	0.45974	0.33784	0.147789188003540	0.666666666666667	0.170859375000000	0
68500		0.46178	0.28730	0.45982	0.33788	0.147789188003540	0.666666666666667	0.170859375000000	0
69000		0.46183	0.28718	0.45983	0.33788	0.147789188003540	0.666666666666667	0.170859375000000	0
69500		0.46180	0.28711	0.46003	0.33787	0.147789188003540	0.666666666666667	0.170859375000000	0
70000		0.46187	0.28704	0.45989	0.33786	0.147789188003540	0.666666666666667	0.170859375000000	0
70500		0.46192	0.28705	0.45987	0.33784	0.147789188003540	0.666666666666667	0.170859375000000	0
71000		0.46206	0.28697	0.45981	0.33781	0.147789188003540	0.666666666666667	0.170859375000000	0
71500		0.46214	0.28696	0.45996	0.33777	0.147789188003540	0.666666666666667	0.170859375000000	0
72000		0.46202	0.28668	0.46015	0.33779	0.147789188003540	0.666666666666667	0.170859375000000	0
72500		0.46202	0.28667	0.45974	0.33774	0.147789188003540	0.666666666666667	0.170859375000000	0
73000		0.46219	0.28671	0.45957	0.33770	0.147789188003540	0.666666666666667	0.170859375000000	0
73500		0.46225	0.28686	0.45941	0.33777	0.147789188003540	0.666666666666667	0.170859375000000	0
74000		0.46225	0.28674	0.45955	0.33777	0.147789188003540	0.666666666666667	0.170859375000000	0
74500		0.46234	0.28671	0.45955	0.33783	0.147789188003540	0.666666666666667	0.170859375000000	0
75000		0.46221	0.28649	0.45950	0.33784	0.147789188003540	0.666666666666667	0.170859375000000	0
75500		0.46198	0.28635	0.45943	0.33786	0.147789188003540	0.666666666666667	0.170859375000000	0
76000		0.46200	0.28620	0.45941	0.33793	0.147789188003540	0.666666666666667	0.170859375000000	0
76500		0.46200	0.28599	0.45974	0.33794	0.147789188003540	0.666666666666667	0.170859375000000	0
77000		0.46201	0.28591	0.45971	0.33798	0.147789188003540	0.666666666666667	0.170859375000000	0
77500		0.46228	0.28566	0.45957	0.33803	0.147789188003540	0.666666666666667	0.170859375000000	0
78000		0.46290	0.28591	0.45958	0.33807	0.147789188003540	0.666666666666667	0.170859375000000	0
78500		0.46305	0.28581	0.45967	0.33806	0.147789188003540	0.666666666666667	0.170859375000000	0
79000		0.46301	0.28579	0.45970	0.33804	0.147789188003540	0.666666666666667	0.170859375000000	0
79500		0.46277	0.28590	0.45993	0.33805	0.147789188003540	0.666666666666667	0.170859375000000	0
80000		0.46286	0.28586	0.45997	0.33807	0.147789188003540	0.666666666666667	0.170859375000000	0
80500		0.46312	0.28556	0.45983	0.33806	0.147789188003540	0.666666666666667	0.170859375000000	0
81000		0.46311	0.28564	0.46019	0.33808	0.147789188003540	0.666666666666667	0.170859375000000	0
81500		0.46306	0.28557	0.46012	0.33811	0.147789188003540	0.666666666666667	0.170859375000000	0
82000		0.46304	0.28556	0.46006	0.33809	0.147789188003540	0.666666666666667	0.170859375000000	0
82500		0.46302	0.28575	0.45996	0.33810	0.147789188003540	0.666666666666667	0.170859375000000	0
83000		0.46307	0.28555	0.45991	0.33811	0.147789188003540	0.666666666666667	0.170859375000000	0
83500		0.46295	0.28552	0.46009	0.33818	0.147789188003540	0.666666666666667	0.170859375000000	0
84000		0.46303	0.28578	0.46015	0.33815	0.147789188003540	0.666666666666667	0.170859375000000	0
84500		0.46335	0.28558	0.46020	0.33815	0.147789188003540	0.666666666666667	0.170859375000000	0
85000		0.46345	0.28557	0.46015	0.33817	0.147789188003540	0.666666666666667	0.170859375000000	0
85500		0.46340	0.28536	0.46016	0.33816	0.147789188003540	0.666666666666667	0.170859375000000	0
86000		0.46345	0.28527	0.46035	0.33816	0.147789188003540	0.666666666666667	0.170859375000000	0
86500		0.46347	0.28503	0.46059	0.33821	0.147789188003540	0.666666666666667	0.170859375000000	0
87000		0.46322	0.28512	0.46041	0.33816	0.147789188003540	0.666666666666667	0.170859375000000	0
87500		0.46320	0.28497	0.46017	0.33817	0.147789188003540	0.666666666666667	0.170859375000000	0
88000		0.46311	0.28489	0.46025	0.33815	0.147789188003540	0.666666666666667	0.170859375000000	0
88500		0.46313	0.28473	0.46012	0.33813	0.147789188003540	0.666666666666667	0.170859375000000	0
89000		0.46319	0.28460	0.46004	0.33811	0.147789188003540	0.666666666666667	0.170859375000000	0
89500		0.46320	0.28461	0.46019	0.33814	0.147789188003540	0.666666666666667	0.170859375000000	0
90000		0.46326	0.28455	0.46017	0.33809	0.147789188003540	0.666666666666667	0.170859375000000	0
90500		0.46297	0.28463	0.46022	0.33805	0.147789188003540	0.666666666666667	0.170859375000000	0
91000		0.46327	0.28443	0.46031	0.33805	0.147789188003540	0.666666666666667	0.170859375000000	0
91500		0.46296	0.28451	0.46034	0.33811	0.147789188003540	0.666666666666667	0.170859375000000	0
92000		0.46280	0.28422	0.46012	0.33812	0.147789188003540	0.666666666666667	0.170859375000000	0
92500		0.46277	0.28412	0.45997	0.33819	0.147789188003540	0.666666666666667	0.170859375000000	0
93000		0.46273	0.28410	0.45996	0.33818	0.147789188003540	0.666666666666667	0.170859375000000	0
93500		0.46258	0.28416	0.45980	0.33819	0.147789188003540	0.666666666666667	0.170859375000000	0
94000		0.46259	0.28412	0.45951	0.33814	0.147789188003540	0.666666666666667	0.170859375000000	0
94500		0.46262	0.28428	0.45926	0.33816	0.147789188003540	0.666666666666667	0.170859375000000	0
95000		0.46287	0.28420	0.45919	0.33817	0.147789188003540	0.666666666666667	0.170859375000000	0
95500		0.46292	0.28412	0.45932	0.33819	0.147789188003540	0.666666666666667	0.170859375000000	0
96000		0.46267	0.28412	0.45957	0.33824	0.147789188003540	0.666666666666667	0.170859375000000	0
96500		0.46278	0.28405	0.45954	0.33823	0.147789188003540	0.666666666666667	0.170859375000000	0
97000		0.46293	0.28417	0.45956	0.33827	0.147789188003540	0.666666666666667	0.170859375000000	0
97500		0.46285	0.28422	0.45950	0.33826	0.147789188003540	0.666666666666667	0.170859375000000	0
98000		0.46274	0.28434	0.45952	0.33823	0.147789188003540	0.666666666666667	0.170859375000000	0
98500		0.46265	0.28437	0.45945	0.33819	0.147789188003540	0.666666666666667	0.170859375000000	0
99000		0.46250	0.28434	0.45932	0.33816	0.147789188003540	0.666666666666667	0.170859375000000	0
99500		0.46254	0.28436	0.45931	0.33818	0.147789188003540	0.666666666666667	0.170859375000000	0
100000		0.46248	0.28417	0.45941	0.33817	0.147789188003540	0.666666666666667	0.170859375000000	0