step	p_accept_mu1	p_accept_gamma	p_accept_pi	p_accept_Tinf	sigma_mu1	sigma_gamma	sigma_pi	n_like_zero
1		1.00000	1.00000	1.00000	1.00000	0.000100000000000	1.000000000000000	0.010000000000000	0
500		1.00000	1.00000	1.00000	0.35961	0.000100000000000	1.000000000000000	0.010000000000000	0
1000		-nan	-nan	0.91400	0.34869	0.000150000000000	1.000000000000000	0.015000000000000	0
1500		-nan	-nan	0.93000	0.34291	0.000150000000000	1.000000000000000	0.022500000000000	0
2000		-nan	-nan	0.87000	0.34052	0.000150000000000	1.000000000000000	0.033750000000000	0
2500		-nan	-nan	0.80800	0.33837	0.000150000000000	1.000000000000000	0.050625000000000	0
3000		-nan	-nan	0.70600	0.33563	0.000150000000000	1.000000000000000	0.075937500000000	0
3500		-nan	-nan	0.61400	0.33495	0.000150000000000	1.000000000000000	0.113906250000000	0
4000		-nan	-nan	0.43600	0.33277	0.000150000000000	1.000000000000000	0.170859375000000	0
4500		-nan	-nan	0.43800	0.33084	0.000150000000000	1.000000000000000	0.170859375000000	0
5000		-nan	-nan	0.44067	0.33026	0.000150000000000	1.000000000000000	0.170859375000000	0
5500		-nan	-nan	0.43950	0.32970	0.000150000000000	1.000000000000000	0.170859375000000	0
6000		-nan	-nan	0.44320	0.32774	0.000150000000000	1.000000000000000	0.170859375000000	0
6500		-nan	-nan	0.44200	0.32587	0.000150000000000	1.000000000000000	0.170859375000000	0
7000		-nan	-nan	0.43800	0.32426	0.000150000000000	1.000000000000000	0.170859375000000	0
7500		-nan	-nan	0.43500	0.32384	0.000150000000000	1.000000000000000	0.170859375000000	0
8000		-nan	-nan	0.43422	0.32296	0.000150000000000	1.000000000000000	0.170859375000000	0
8500		-nan	-nan	0.43200	0.32208	0.000150000000000	1.000000000000000	0.170859375000000	0
9000		-nan	-nan	0.42709	0.32057	0.000150000000000	1.000000000000000	0.170859375000000	0
9500		-nan	-nan	0.41950	0.31937	0.000150000000000	1.000000000000000	0.170859375000000	0
10000		-nan	-nan	0.41646	0.31889	0.000150000000000	1.000000000000000	0.170859375000000	0
10500		-nan	-nan	0.41929	0.31783	0.000150000000000	1.000000000000000	0.170859375000000	0
11000		-nan	-nan	0.41933	0.31722	0.000150000000000	1.000000000000000	0.170859375000000	0
11500		-nan	-nan	0.41850	0.31641	0.000150000000000	1.000000000000000	0.170859375000000	0
12000		-nan	-nan	0.41718	0.31597	0.000150000000000	1.000000000000000	0.170859375000000	0
12500		-nan	-nan	0.41567	0.31573	0.000150000000000	1.000000000000000	0.170859375000000	0
13000		-nan	-nan	0.41653	0.31515	0.000150000000000	1.000000000000000	0.170859375000000	0
13500		-nan	-nan	0.41690	0.31487	0.000150000000000	1.000000000000000	0.170859375000000	0
14000		-nan	-nan	0.41638	0.31477	0.000150000000000	1.000000000000000	0.170859375000000	0
14500		-nan	-nan	0.41573	0.31451	0.000150000000000	1.000000000000000	0.170859375000000	0
15000		-nan	-nan	0.41504	0.31407	0.000150000000000	1.000000000000000	0.170859375000000	0
15500		-nan	-nan	0.41458	0.31363	0.000150000000000	1.000000000000000	0.170859375000000	0
16000		-nan	-nan	0.41448	0.31321	0.000150000000000	1.000000000000000	0.170859375000000	0
16500		-nan	-nan	0.41354	0.31288	0.000150000000000	1.000000000000000	0.170859375000000	0
17000		-nan	-nan	0.41237	0.31247	0.000150000000000	1.000000000000000	0.170859375000000	0
17500		-nan	-nan	0.41200	0.31229	0.000150000000000	1.000000000000000	0.170859375000000	0
18000		-nan	-nan	0.41166	0.31186	0.000150000000000	1.000000000000000	0.170859375000000	0
18500		-nan	-nan	0.40993	0.31174	0.000150000000000	1.000000000000000	0.170859375000000	0
19000		-nan	-nan	0.40948	0.31150	0.000150000000000	1.000000000000000	0.170859375000000	0
19500		-nan	-nan	0.40819	0.31129	0.000150000000000	1.000000000000000	0.170859375000000	0
20000		-nan	-nan	0.40855	0.31105	0.000150000000000	1.000000000000000	0.170859375000000	0
20500		-nan	-nan	0.40841	0.31079	0.000150000000000	1.000000000000000	0.170859375000000	0
21000		-nan	-nan	0.40926	0.31038	0.000150000000000	1.000000000000000	0.170859375000000	0
21500		-nan	-nan	0.40922	0.31010	0.000150000000000	1.000000000000000	0.170859375000000	0
22000		-nan	-nan	0.40865	0.30998	0.000150000000000	1.000000000000000	0.170859375000000	0
22500		-nan	-nan	0.40795	0.30988	0.000150000000000	1.000000000000000	0.170859375000000	0
23000		-nan	-nan	0.40749	0.30977	0.000150000000000	1.000000000000000	0.170859375000000	0
23500		-nan	-nan	0.40720	0.30960	0.000150000000000	1.000000000000000	0.170859375000000	0
24000		-nan	-nan	0.40688	0.30927	0.000150000000000	1.000000000000000	0.170859375000000	0
24500		-nan	-nan	0.40652	0.30913	0.000150000000000	1.000000000000000	0.170859375000000	0
25000		-nan	-nan	0.40735	0.30906	0.000150000000000	1.000000000000000	0.170859375000000	0
25500		-nan	-nan	0.40759	0.30896	0.000150000000000	1.000000000000000	0.170859375000000	0
26000		-nan	-nan	0.40827	0.30882	0.000150000000000	1.000000000000000	0.170859375000000	0
26500		-nan	-nan	0.40874	0.30862	0.000150000000000	1.000000000000000	0.170859375000000	0
27000		-nan	-nan	0.40779	0.30828	0.000150000000000	1.000000000000000	0.170859375000000	0
27500		-nan	-nan	0.40742	0.30807	0.000150000000000	1.000000000000000	0.170859375000000	0
28000		-nan	-nan	0.40661	0.30792	0.000150000000000	1.000000000000000	0.170859375000000	0
28500		-nan	-nan	0.40648	0.30789	0.000150000000000	1.000000000000000	0.170859375000000	0
29000		-nan	-nan	0.40518	0.30772	0.000150000000000	1.000000000000000	0.170859375000000	0
29500		-nan	-nan	0.40408	0.30740	0.000150000000000	1.000000000000000	0.170859375000000	0
30000		-nan	-nan	0.40294	0.30727	0.000150000000000	1.000000000000000	0.170859375000000	0
30500		-nan	-nan	0.40348	0.30712	0.000150000000000	1.000000000000000	0.170859375000000	0
31000		-nan	-nan	0.40364	0.30710	0.000150000000000	1.000000000000000	0.170859375000000	0
31500		-nan	-nan	0.40436	0.30717	0.000150000000000	1.000000000000000	0.170859375000000	0
32000		-nan	-nan	0.40442	0.30724	0.000150000000000	1.000000000000000	0.170859375000000	0
32500		-nan	-nan	0.40503	0.30714	0.000150000000000	1.000000000000000	0.170859375000000	0
33000		-nan	-nan	0.40603	0.30720	0.000150000000000	1.000000000000000	0.170859375000000	0
33500		-nan	-nan	0.40663	0.30719	0.000150000000000	1.000000000000000	0.170859375000000	0
34000		-nan	-nan	0.40626	0.30716	0.000150000000000	1.000000000000000	0.170859375000000	0
34500		-nan	-nan	0.40623	0.30721	0.000150000000000	1.000000000000000	0.170859375000000	0
35000		-nan	-nan	0.40590	0.30716	0.000150000000000	1.000000000000000	0.170859375000000	0
35500		-nan	-nan	0.40581	0.30715	0.000150000000000	1.000000000000000	0.170859375000000	0
36000		-nan	-nan	0.40600	0.30715	0.000150000000000	1.000000000000000	0.170859375000000	0
36500		-nan	-nan	0.40603	0.30700	0.000150000000000	1.000000000000000	0.170859375000000	0
37000		-nan	-nan	0.40675	0.30690	0.000150000000000	1.000000000000000	0.170859375000000	0
37500		-nan	-nan	0.40635	0.30676	0.000150000000000	1.000000000000000	0.170859375000000	0
38000		-nan	-nan	0.40586	0.30666	0.000150000000000	1.000000000000000	0.170859375000000	0
38500		-nan	-nan	0.40594	0.30656	0.000150000000000	1.000000000000000	0.170859375000000	0
39000		-nan	-nan	0.40642	0.30673	0.000150000000000	1.000000000000000	0.170859375000000	0
39500		-nan	-nan	0.40672	0.30669	0.000150000000000	1.000000000000000	0.170859375000000	0
40000		-nan	-nan	0.40600	0.30677	0.000150000000000	1.000000000000000	0.170859375000000	0
40500		-nan	-nan	0.40586	0.30659	0.000150000000000	1.000000000000000	0.170859375000000	0
41000		-nan	-nan	0.40579	0.30647	0.000150000000000	1.000000000000000	0.170859375000000	0
41500		-nan	-nan	0.40545	0.30641	0.000150000000000	1.000000000000000	0.170859375000000	0
42000		-nan	-nan	0.40538	0.30631	0.000150000000000	1.000000000000000	0.170859375000000	0
42500		-nan	-nan	0.40572	0.30635	0.000150000000000	1.000000000000000	0.170859375000000	0
43000		-nan	-nan	0.40532	0.30626	0.000150000000000	1.000000000000000	0.170859375000000	0
43500		-nan	-nan	0.40518	0.30612	0.000150000000000	1.000000000000000	0.170859375000000	0
44000		-nan	-nan	0.40504	0.30604	0.000150000000000	1.000000000000000	0.170859375000000	0
44500		-nan	-nan	0.40449	0.30602	0.000150000000000	1.000000000000000	0.170859375000000	0
45000		-nan	-nan	0.40458	0.30613	0.000150000000000	1.000000000000000	0.170859375000000	0
45500		-nan	-nan	0.40438	0.30603	0.000150000000000	1.000000000000000	0.170859375000000	0
46000		-nan	-nan	0.40428	0.30598	0.000150000000000	1.000000000000000	0.170859375000000	0
46500		-nan	-nan	0.40430	0.30587	0.000150000000000	1.000000000000000	0.170859375000000	0
47000		-nan	-nan	0.40405	0.30575	0.000150000000000	1.000000000000000	0.170859375000000	0
47500		-nan	-nan	0.40364	0.30560	0.000150000000000	1.000000000000000	0.170859375000000	0
48000		-nan	-nan	0.40391	0.30549	0.000150000000000	1.000000000000000	0.170859375000000	0
48500		-nan	-nan	0.40336	0.30536	0.000150000000000	1.000000000000000	0.170859375000000	0
49000		-nan	-nan	0.40286	0.30522	0.000150000000000	1.000000000000000	0.170859375000000	0
49500		-nan	-nan	0.40248	0.30514	0.000150000000000	1.000000000000000	0.170859375000000	0
50000		-nan	-nan	0.40209	0.30511	0.000150000000000	1.000000000000000	0.170859375000000	0
50500		-nan	-nan	0.40236	0.30505	0.000150000000000	1.000000000000000	0.170859375000000	0
51000		-nan	-nan	0.40229	0.30514	0.000150000000000	1.000000000000000	0.170859375000000	0
51500		-nan	-nan	0.40281	0.30510	0.000150000000000	1.000000000000000	0.170859375000000	0
52000		-nan	-nan	0.40291	0.30513	0.000150000000000	1.000000000000000	0.170859375000000	0
52500		-nan	-nan	0.40286	0.30515	0.000150000000000	1.000000000000000	0.170859375000000	0
53000		-nan	-nan	0.40321	0.30516	0.000150000000000	1.000000000000000	0.170859375000000	0
53500		-nan	-nan	0.40322	0.30506	0.000150000000000	1.000000000000000	0.170859375000000	0
54000		-nan	-nan	0.40289	0.30496	0.000150000000000	1.000000000000000	0.170859375000000	0
54500		-nan	-nan	0.40300	0.30499	0.000150000000000	1.000000000000000	0.170859375000000	0
55000		-nan	-nan	0.40264	0.30494	0.000150000000000	1.000000000000000	0.170859375000000	0
55500		-nan	-nan	0.40250	0.30494	0.000150000000000	1.000000000000000	0.170859375000000	0
56000		-nan	-nan	0.40265	0.30493	0.000150000000000	1.000000000000000	0.170859375000000	0
56500		-nan	-nan	0.40230	0.30489	0.000150000000000	1.000000000000000	0.170859375000000	0
57000		-nan	-nan	0.40267	0.30487	0.000150000000000	1.000000000000000	0.170859375000000	0
57500		-nan	-nan	0.40256	0.30489	0.000150000000000	1.000000000000000	0.170859375000000	0
58000		-nan	-nan	0.40240	0.30493	0.000150000000000	1.000000000000000	0.170859375000000	0
58500		-nan	-nan	0.40264	0.30492	0.000150000000000	1.000000000000000	0.170859375000000	0
59000		-nan	-nan	0.40232	0.30482	0.000150000000000	1.000000000000000	0.170859375000000	0
59500		-nan	-nan	0.40221	0.30477	0.000150000000000	1.000000000000000	0.170859375000000	0
60000		-nan	-nan	0.40209	0.30476	0.000150000000000	1.000000000000000	0.170859375000000	0
60500		-nan	-nan	0.40184	0.30474	0.000150000000000	1.000000000000000	0.170859375000000	0
61000		-nan	-nan	0.40216	0.30473	0.000150000000000	1.000000000000000	0.170859375000000	0
61500		-nan	-nan	0.40224	0.30466	0.000150000000000	1.000000000000000	0.170859375000000	0
62000		-nan	-nan	0.40215	0.30461	0.000150000000000	1.000000000000000	0.170859375000000	0
62500		-nan	-nan	0.40214	0.30464	0.000150000000000	1.000000000000000	0.170859375000000	0
63000		-nan	-nan	0.40242	0.30465	0.000150000000000	1.000000000000000	0.170859375000000	0
63500		-nan	-nan	0.40275	0.30478	0.000150000000000	1.000000000000000	0.170859375000000	0
64000		-nan	-nan	0.40307	0.30476	0.000150000000000	1.000000000000000	0.170859375000000	0
64500		-nan	-nan	0.40325	0.30481	0.000150000000000	1.000000000000000	0.170859375000000	0
65000		-nan	-nan	0.40356	0.30483	0.000150000000000	1.000000000000000	0.170859375000000	0
65500		-nan	-nan	0.40369	0.30482	0.000150000000000	1.000000000000000	0.170859375000000	0
66000		-nan	-nan	0.40365	0.30479	0.000150000000000	1.000000000000000	0.170859375000000	0
66500		-nan	-nan	0.40352	0.30479	0.000150000000000	1.000000000000000	0.170859375000000	0
67000		-nan	-nan	0.40332	0.30482	0.000150000000000	1.000000000000000	0.170859375000000	0
67500		-nan	-nan	0.40372	0.30483	0.000150000000000	1.000000000000000	0.170859375000000	0
68000		-nan	-nan	0.40358	0.30482	0.000150000000000	1.000000000000000	0.170859375000000	0
68500		-nan	-nan	0.40360	0.30472	0.000150000000000	1.000000000000000	0.170859375000000	0
69000		-nan	-nan	0.40360	0.30472	0.000150000000000	1.000000000000000	0.170859375000000	0
69500		-nan	-nan	0.40379	0.30474	0.000150000000000	1.000000000000000	0.170859375000000	0
70000		-nan	-nan	0.40385	0.30476	0.000150000000000	1.000000000000000	0.170859375000000	0
70500		-nan	-nan	0.40369	0.30480	0.000150000000000	1.000000000000000	0.170859375000000	0
71000		-nan	-nan	0.40367	0.30484	0.000150000000000	1.000000000000000	0.170859375000000	0
71500		-nan	-nan	0.40356	0.30480	0.000150000000000	1.000000000000000	0.170859375000000	0
72000		-nan	-nan	0.40347	0.30478	0.000150000000000	1.000000000000000	0.170859375000000	0
72500		-nan	-nan	0.40345	0.30479	0.000150000000000	1.000000000000000	0.170859375000000	0
73000		-nan	-nan	0.40348	0.30472	0.000150000000000	1.000000000000000	0.170859375000000	0
73500		-nan	-nan	0.40354	0.30471	0.000150000000000	1.000000000000000	0.170859375000000	0
74000		-nan	-nan	0.40359	0.30465	0.000150000000000	1.000000000000000	0.170859375000000	0
74500		-nan	-nan	0.40373	0.30465	0.000150000000000	1.000000000000000	0.170859375000000	0
75000		-nan	-nan	0.40385	0.30473	0.000150000000000	1.000000000000000	0.170859375000000	0
75500		-nan	-nan	0.40406	0.30470	0.000150000000000	1.000000000000000	0.170859375000000	0
76000		-nan	-nan	0.40411	0.30471	0.000150000000000	1.000000000000000	0.170859375000000	0
76500		-nan	-nan	0.40432	0.30474	0.000150000000000	1.000000000000000	0.170859375000000	0
77000		-nan	-nan	0.40454	0.30480	0.000150000000000	1.000000000000000	0.170859375000000	0
77500		-nan	-nan	0.40464	0.30481	0.000150000000000	1.000000000000000	0.170859375000000	0
78000		-nan	-nan	0.40455	0.30481	0.000150000000000	1.000000000000000	0.170859375000000	0
78500		-nan	-nan	0.40412	0.30479	0.000150000000000	1.000000000000000	0.170859375000000	0
79000		-nan	-nan	0.40416	0.30476	0.000150000000000	1.000000000000000	0.170859375000000	0
79500		-nan	-nan	0.40359	0.30476	0.000150000000000	1.000000000000000	0.170859375000000	0
80000		-nan	-nan	0.40353	0.30474	0.000150000000000	1.000000000000000	0.170859375000000	0
80500		-nan	-nan	0.40351	0.30468	0.000150000000000	1.000000000000000	0.170859375000000	0
81000		-nan	-nan	0.40343	0.30463	0.000150000000000	1.000000000000000	0.170859375000000	0
81500		-nan	-nan	0.40332	0.30460	0.000150000000000	1.000000000000000	0.170859375000000	0
82000		-nan	-nan	0.40325	0.30458	0.000150000000000	1.000000000000000	0.170859375000000	0
82500		-nan	-nan	0.40335	0.30451	0.000150000000000	1.000000000000000	0.170859375000000	0
83000		-nan	-nan	0.40357	0.30450	0.000150000000000	1.000000000000000	0.170859375000000	0
83500		-nan	-nan	0.40342	0.30447	0.000150000000000	1.000000000000000	0.170859375000000	0
84000		-nan	-nan	0.40320	0.30442	0.000150000000000	1.000000000000000	0.170859375000000	0
84500		-nan	-nan	0.40314	0.30432	0.000150000000000	1.000000000000000	0.170859375000000	0
85000		-nan	-nan	0.40297	0.30431	0.000150000000000	1.000000000000000	0.170859375000000	0
85500		-nan	-nan	0.40244	0.30424	0.000150000000000	1.000000000000000	0.170859375000000	0
86000		-nan	-nan	0.40229	0.30418	0.000150000000000	1.000000000000000	0.170859375000000	0
86500		-nan	-nan	0.40246	0.30416	0.000150000000000	1.000000000000000	0.170859375000000	0
87000		-nan	-nan	0.40247	0.30415	0.000150000000000	1.000000000000000	0.170859375000000	0
87500		-nan	-nan	0.40281	0.30412	0.000150000000000	1.000000000000000	0.170859375000000	0
88000		-nan	-nan	0.40330	0.30411	0.000150000000000	1.000000000000000	0.170859375000000	0
88500		-nan	-nan	0.40356	0.30415	0.000150000000000	1.000000000000000	0.170859375000000	0
89000		-nan	-nan	0.40364	0.30408	0.000150000000000	1.000000000000000	0.170859375000000	0
89500		-nan	-nan	0.40363	0.30410	0.000150000000000	1.000000000000000	0.170859375000000	0
90000		-nan	-nan	0.40365	0.30410	0.000150000000000	1.000000000000000	0.170859375000000	0
90500		-nan	-nan	0.40407	0.30412	0.000150000000000	1.000000000000000	0.170859375000000	0
91000		-nan	-nan	0.40409	0.30413	0.000150000000000	1.000000000000000	0.170859375000000	0
91500		-nan	-nan	0.40433	0.30413	0.000150000000000	1.000000000000000	0.170859375000000	0
92000		-nan	-nan	0.40447	0.30413	0.000150000000000	1.000000000000000	0.170859375000000	0
92500		-nan	-nan	0.40440	0.30415	0.000150000000000	1.000000000000000	0.170859375000000	0
93000		-nan	-nan	0.40436	0.30417	0.000150000000000	1.000000000000000	0.170859375000000	0
93500		-nan	-nan	0.40444	0.30418	0.000150000000000	1.000000000000000	0.170859375000000	0
94000		-nan	-nan	0.40453	0.30418	0.000150000000000	1.000000000000000	0.170859375000000	0
94500		-nan	-nan	0.40462	0.30419	0.000150000000000	1.000000000000000	0.170859375000000	0
95000		-nan	-nan	0.40468	0.30420	0.000150000000000	1.000000000000000	0.170859375000000	0
95500		-nan	-nan	0.40440	0.30414	0.000150000000000	1.000000000000000	0.170859375000000	0
96000		-nan	-nan	0.40439	0.30413	0.000150000000000	1.000000000000000	0.170859375000000	0
96500		-nan	-nan	0.40457	0.30411	0.000150000000000	1.000000000000000	0.170859375000000	0
97000		-nan	-nan	0.40452	0.30406	0.000150000000000	1.000000000000000	0.170859375000000	0
97500		-nan	-nan	0.40438	0.30398	0.000150000000000	1.000000000000000	0.170859375000000	0
98000		-nan	-nan	0.40424	0.30393	0.000150000000000	1.000000000000000	0.170859375000000	0
98500		-nan	-nan	0.40405	0.30386	0.000150000000000	1.000000000000000	0.170859375000000	0
99000		-nan	-nan	0.40388	0.30384	0.000150000000000	1.000000000000000	0.170859375000000	0
99500		-nan	-nan	0.40400	0.30382	0.000150000000000	1.000000000000000	0.170859375000000	0
100000		-nan	-nan	0.40388	0.30385	0.000150000000000	1.000000000000000	0.170859375000000	0