step	p_accept_mu1	p_accept_gamma	p_accept_pi	p_accept_Tinf	sigma_mu1	sigma_gamma	sigma_pi	n_like_zero
1		1.00000	1.00000	1.00000	1.00000	0.000100000000000	1.000000000000000	0.010000000000000	0
500		1.00000	1.00000	1.00000	0.13100	0.000100000000000	1.000000000000000	0.010000000000000	0
1000		-nan	-nan	0.92000	0.12842	0.000150000000000	1.000000000000000	0.015000000000000	0
1500		-nan	-nan	0.93200	0.13626	0.000150000000000	1.000000000000000	0.022500000000000	0
2000		-nan	-nan	0.84000	0.13748	0.000150000000000	1.000000000000000	0.033750000000000	0
2500		-nan	-nan	0.83600	0.13933	0.000150000000000	1.000000000000000	0.050625000000000	0
3000		-nan	-nan	0.73400	0.14045	0.000150000000000	1.000000000000000	0.075937500000000	0
3500		-nan	-nan	0.62400	0.13920	0.000150000000000	1.000000000000000	0.113906250000000	0
4000		-nan	-nan	0.52800	0.14041	0.000150000000000	1.000000000000000	0.170859375000000	0
4500		-nan	-nan	0.37600	0.13924	0.000150000000000	1.000000000000000	0.256289062500000	0
5000		-nan	-nan	0.37200	0.13721	0.000150000000000	1.000000000000000	0.256289062500000	0
5500		-nan	-nan	0.37133	0.13654	0.000150000000000	1.000000000000000	0.256289062500000	0
6000		-nan	-nan	0.37950	0.13556	0.000150000000000	1.000000000000000	0.256289062500000	0
6500		-nan	-nan	0.38280	0.13542	0.000150000000000	1.000000000000000	0.256289062500000	0
7000		-nan	-nan	0.37967	0.13446	0.000150000000000	1.000000000000000	0.256289062500000	0
7500		-nan	-nan	0.38057	0.13475	0.000150000000000	1.000000000000000	0.256289062500000	0
8000		-nan	-nan	0.38050	0.13591	0.000150000000000	1.000000000000000	0.256289062500000	0
8500		-nan	-nan	0.38000	0.13673	0.000150000000000	1.000000000000000	0.256289062500000	0
9000		-nan	-nan	0.38180	0.13676	0.000150000000000	1.000000000000000	0.256289062500000	0
9500		-nan	-nan	0.38600	0.13679	0.000150000000000	1.000000000000000	0.256289062500000	0
10000		-nan	-nan	0.38517	0.13642	0.000150000000000	1.000000000000000	0.256289062500000	0
10500		-nan	-nan	0.38338	0.13657	0.000150000000000	1.000000000000000	0.256289062500000	0
11000		-nan	-nan	0.38471	0.13676	0.000150000000000	1.000000000000000	0.256289062500000	0
11500		-nan	-nan	0.38867	0.13690	0.000150000000000	1.000000000000000	0.256289062500000	0
12000		-nan	-nan	0.38588	0.13720	0.000150000000000	1.000000000000000	0.256289062500000	0
12500		-nan	-nan	0.38494	0.13775	0.000150000000000	1.000000000000000	0.256289062500000	0
13000		-nan	-nan	0.38278	0.13784	0.000150000000000	1.000000000000000	0.256289062500000	0
13500		-nan	-nan	0.38253	0.13777	0.000150000000000	1.000000000000000	0.256289062500000	0
14000		-nan	-nan	0.38200	0.13777	0.000150000000000	1.000000000000000	0.256289062500000	0
14500		-nan	-nan	0.38143	0.13800	0.000150000000000	1.000000000000000	0.256289062500000	0
15000		-nan	-nan	0.38100	0.13811	0.000150000000000	1.000000000000000	0.256289062500000	0
15500		-nan	-nan	0.38096	0.13816	0.000150000000000	1.000000000000000	0.256289062500000	0
16000		-nan	-nan	0.37892	0.13796	0.000150000000000	1.000000000000000	0.256289062500000	0
16500		-nan	-nan	0.37624	0.13809	0.000150000000000	1.000000000000000	0.256289062500000	0
17000		-nan	-nan	0.37685	0.13798	0.000150000000000	1.000000000000000	0.256289062500000	0
17500		-nan	-nan	0.37563	0.13822	0.000150000000000	1.000000000000000	0.256289062500000	0
18000		-nan	-nan	0.37571	0.13809	0.000150000000000	1.000000000000000	0.256289062500000	0
18500		-nan	-nan	0.37586	0.13805	0.000150000000000	1.000000000000000	0.256289062500000	0
19000		-nan	-nan	0.37627	0.13808	0.000150000000000	1.000000000000000	0.256289062500000	0
19500		-nan	-nan	0.37574	0.13802	0.000150000000000	1.000000000000000	0.256289062500000	0
20000		-nan	-nan	0.37550	0.13798	0.000150000000000	1.000000000000000	0.256289062500000	0
20500		-nan	-nan	0.37552	0.13808	0.000150000000000	1.000000000000000	0.256289062500000	0
21000		-nan	-nan	0.37424	0.13818	0.000150000000000	1.000000000000000	0.256289062500000	0
21500		-nan	-nan	0.37434	0.13798	0.000150000000000	1.000000000000000	0.256289062500000	0
22000		-nan	-nan	0.37489	0.13786	0.000150000000000	1.000000000000000	0.256289062500000	0
22500		-nan	-nan	0.37454	0.13806	0.000150000000000	1.000000000000000	0.256289062500000	0
23000		-nan	-nan	0.37495	0.13838	0.000150000000000	1.000000000000000	0.256289062500000	0
23500		-nan	-nan	0.37497	0.13862	0.000150000000000	1.000000000000000	0.256289062500000	0
24000		-nan	-nan	0.37465	0.13860	0.000150000000000	1.000000000000000	0.256289062500000	0
24500		-nan	-nan	0.37420	0.13867	0.000150000000000	1.000000000000000	0.256289062500000	0
25000		-nan	-nan	0.37529	0.13858	0.000150000000000	1.000000000000000	0.256289062500000	0
25500		-nan	-nan	0.37521	0.13832	0.000150000000000	1.000000000000000	0.256289062500000	0
26000		-nan	-nan	0.37464	0.13824	0.000150000000000	1.000000000000000	0.256289062500000	0
26500		-nan	-nan	0.37409	0.13823	0.000150000000000	1.000000000000000	0.256289062500000	0
27000		-nan	-nan	0.37470	0.13829	0.000150000000000	1.000000000000000	0.256289062500000	0
27500		-nan	-nan	0.37472	0.13807	0.000150000000000	1.000000000000000	0.256289062500000	0
28000		-nan	-nan	0.37408	0.13798	0.000150000000000	1.000000000000000	0.256289062500000	0
28500		-nan	-nan	0.37388	0.13785	0.000150000000000	1.000000000000000	0.256289062500000	0
29000		-nan	-nan	0.37372	0.13805	0.000150000000000	1.000000000000000	0.256289062500000	0
29500		-nan	-nan	0.37365	0.13803	0.000150000000000	1.000000000000000	0.256289062500000	0
30000		-nan	-nan	0.37319	0.13775	0.000150000000000	1.000000000000000	0.256289062500000	0
30500		-nan	-nan	0.37309	0.13765	0.000150000000000	1.000000000000000	0.256289062500000	0
31000		-nan	-nan	0.37344	0.13747	0.000150000000000	1.000000000000000	0.256289062500000	0
31500		-nan	-nan	0.37345	0.13730	0.000150000000000	1.000000000000000	0.256289062500000	0
32000		-nan	-nan	0.37368	0.13731	0.000150000000000	1.000000000000000	0.256289062500000	0
32500		-nan	-nan	0.37382	0.13734	0.000150000000000	1.000000000000000	0.256289062500000	0
33000		-nan	-nan	0.37390	0.13746	0.000150000000000	1.000000000000000	0.256289062500000	0
33500		-nan	-nan	0.37356	0.13747	0.000150000000000	1.000000000000000	0.256289062500000	0
34000		-nan	-nan	0.37377	0.13714	0.000150000000000	1.000000000000000	0.256289062500000	0
34500		-nan	-nan	0.37361	0.13734	0.000150000000000	1.000000000000000	0.256289062500000	0
35000		-nan	-nan	0.37355	0.13714	0.000150000000000	1.000000000000000	0.256289062500000	0
35500		-nan	-nan	0.37346	0.13723	0.000150000000000	1.000000000000000	0.256289062500000	0
36000		-nan	-nan	0.37388	0.13710	0.000150000000000	1.000000000000000	0.256289062500000	0
36500		-nan	-nan	0.37382	0.13702	0.000150000000000	1.000000000000000	0.256289062500000	0
37000		-nan	-nan	0.37282	0.13694	0.000150000000000	1.000000000000000	0.256289062500000	0
37500		-nan	-nan	0.37281	0.13686	0.000150000000000	1.000000000000000	0.256289062500000	0
38000		-nan	-nan	0.37312	0.13702	0.000150000000000	1.000000000000000	0.256289062500000	0
38500		-nan	-nan	0.37290	0.13703	0.000150000000000	1.000000000000000	0.256289062500000	0
39000		-nan	-nan	0.37346	0.13709	0.000150000000000	1.000000000000000	0.256289062500000	0
39500		-nan	-nan	0.37397	0.13688	0.000150000000000	1.000000000000000	0.256289062500000	0
40000		-nan	-nan	0.37397	0.13670	0.000150000000000	1.000000000000000	0.256289062500000	0
40500		-nan	-nan	0.37419	0.13649	0.000150000000000	1.000000000000000	0.256289062500000	0
41000		-nan	-nan	0.37427	0.13637	0.000150000000000	1.000000000000000	0.256289062500000	0
41500		-nan	-nan	0.37456	0.13648	0.000150000000000	1.000000000000000	0.256289062500000	0
42000		-nan	-nan	0.37434	0.13630	0.000150000000000	1.000000000000000	0.256289062500000	0
42500		-nan	-nan	0.37392	0.13632	0.000150000000000	1.000000000000000	0.256289062500000	0
43000		-nan	-nan	0.37462	0.13616	0.000150000000000	1.000000000000000	0.256289062500000	0
43500		-nan	-nan	0.37448	0.13614	0.000150000000000	1.000000000000000	0.256289062500000	0
44000		-nan	-nan	0.37455	0.13601	0.000150000000000	1.000000000000000	0.256289062500000	0
44500		-nan	-nan	0.37454	0.13586	0.000150000000000	1.000000000000000	0.256289062500000	0
45000		-nan	-nan	0.37488	0.13591	0.000150000000000	1.000000000000000	0.256289062500000	0
45500		-nan	-nan	0.37489	0.13572	0.000150000000000	1.000000000000000	0.256289062500000	0
46000		-nan	-nan	0.37540	0.13568	0.000150000000000	1.000000000000000	0.256289062500000	0
46500		-nan	-nan	0.37534	0.13572	0.000150000000000	1.000000000000000	0.256289062500000	0
47000		-nan	-nan	0.37547	0.13557	0.000150000000000	1.000000000000000	0.256289062500000	0
47500		-nan	-nan	0.37547	0.13535	0.000150000000000	1.000000000000000	0.256289062500000	0
48000		-nan	-nan	0.37564	0.13537	0.000150000000000	1.000000000000000	0.256289062500000	0
48500		-nan	-nan	0.37587	0.13553	0.000150000000000	1.000000000000000	0.256289062500000	0
49000		-nan	-nan	0.37607	0.13547	0.000150000000000	1.000000000000000	0.256289062500000	0
49500		-nan	-nan	0.37587	0.13545	0.000150000000000	1.000000000000000	0.256289062500000	0
50000		-nan	-nan	0.37565	0.13535	0.000150000000000	1.000000000000000	0.256289062500000	0
50500		-nan	-nan	0.37574	0.13522	0.000150000000000	1.000000000000000	0.256289062500000	0
51000		-nan	-nan	0.37568	0.13545	0.000150000000000	1.000000000000000	0.256289062500000	0
51500		-nan	-nan	0.37575	0.13543	0.000150000000000	1.000000000000000	0.256289062500000	0
52000		-nan	-nan	0.37590	0.13554	0.000150000000000	1.000000000000000	0.256289062500000	0
52500		-nan	-nan	0.37592	0.13558	0.000150000000000	1.000000000000000	0.256289062500000	0
53000		-nan	-nan	0.37629	0.13567	0.000150000000000	1.000000000000000	0.256289062500000	0
53500		-nan	-nan	0.37616	0.13561	0.000150000000000	1.000000000000000	0.256289062500000	0
54000		-nan	-nan	0.37612	0.13562	0.000150000000000	1.000000000000000	0.256289062500000	0
54500		-nan	-nan	0.37570	0.13560	0.000150000000000	1.000000000000000	0.256289062500000	0
55000		-nan	-nan	0.37553	0.13557	0.000150000000000	1.000000000000000	0.256289062500000	0
55500		-nan	-nan	0.37555	0.13577	0.000150000000000	1.000000000000000	0.256289062500000	0
56000		-nan	-nan	0.37535	0.13561	0.000150000000000	1.000000000000000	0.256289062500000	0
56500		-nan	-nan	0.37516	0.13558	0.000150000000000	1.000000000000000	0.256289062500000	0
57000		-nan	-nan	0.37511	0.13563	0.000150000000000	1.000000000000000	0.256289062500000	0
57500		-nan	-nan	0.37516	0.13558	0.000150000000000	1.000000000000000	0.256289062500000	0
58000		-nan	-nan	0.37493	0.13552	0.000150000000000	1.000000000000000	0.256289062500000	0
58500		-nan	-nan	0.37475	0.13552	0.000150000000000	1.000000000000000	0.256289062500000	0
59000		-nan	-nan	0.37487	0.13550	0.000150000000000	1.000000000000000	0.256289062500000	0
59500		-nan	-nan	0.37486	0.13541	0.000150000000000	1.000000000000000	0.256289062500000	0
60000		-nan	-nan	0.37495	0.13541	0.000150000000000	1.000000000000000	0.256289062500000	0
60500		-nan	-nan	0.37469	0.13547	0.000150000000000	1.000000000000000	0.256289062500000	0
61000		-nan	-nan	0.37482	0.13550	0.000150000000000	1.000000000000000	0.256289062500000	0
61500		-nan	-nan	0.37457	0.13552	0.000150000000000	1.000000000000000	0.256289062500000	0
62000		-nan	-nan	0.37417	0.13552	0.000150000000000	1.000000000000000	0.256289062500000	0
62500		-nan	-nan	0.37405	0.13548	0.000150000000000	1.000000000000000	0.256289062500000	0
63000		-nan	-nan	0.37417	0.13546	0.000150000000000	1.000000000000000	0.256289062500000	0
63500		-nan	-nan	0.37398	0.13546	0.000150000000000	1.000000000000000	0.256289062500000	0
64000		-nan	-nan	0.37380	0.13540	0.000150000000000	1.000000000000000	0.256289062500000	0
64500		-nan	-nan	0.37382	0.13549	0.000150000000000	1.000000000000000	0.256289062500000	0
65000		-nan	-nan	0.37395	0.13549	0.000150000000000	1.000000000000000	0.256289062500000	0
65500		-nan	-nan	0.37418	0.13548	0.000150000000000	1.000000000000000	0.256289062500000	0
66000		-nan	-nan	0.37402	0.13537	0.000150000000000	1.000000000000000	0.256289062500000	0
66500		-nan	-nan	0.37392	0.13530	0.000150000000000	1.000000000000000	0.256289062500000	0
67000		-nan	-nan	0.37359	0.13526	0.000150000000000	1.000000000000000	0.256289062500000	0
67500		-nan	-nan	0.37381	0.13531	0.000150000000000	1.000000000000000	0.256289062500000	0
68000		-nan	-nan	0.37389	0.13540	0.000150000000000	1.000000000000000	0.256289062500000	0
68500		-nan	-nan	0.37369	0.13535	0.000150000000000	1.000000000000000	0.256289062500000	0
69000		-nan	-nan	0.37394	0.13529	0.000150000000000	1.000000000000000	0.256289062500000	0
69500		-nan	-nan	0.37391	0.13527	0.000150000000000	1.000000000000000	0.256289062500000	0
70000		-nan	-nan	0.37395	0.13529	0.000150000000000	1.000000000000000	0.256289062500000	0
70500		-nan	-nan	0.37411	0.13539	0.000150000000000	1.000000000000000	0.256289062500000	0
71000		-nan	-nan	0.37413	0.13539	0.000150000000000	1.000000000000000	0.256289062500000	0
71500		-nan	-nan	0.37410	0.13542	0.000150000000000	1.000000000000000	0.256289062500000	0
72000		-nan	-nan	0.37404	0.13549	0.000150000000000	1.000000000000000	0.256289062500000	0
72500		-nan	-nan	0.37428	0.13547	0.000150000000000	1.000000000000000	0.256289062500000	0
73000		-nan	-nan	0.37439	0.13557	0.000150000000000	1.000000000000000	0.256289062500000	0
73500		-nan	-nan	0.37443	0.13563	0.000150000000000	1.000000000000000	0.256289062500000	0
74000		-nan	-nan	0.37453	0.13555	0.000150000000000	1.000000000000000	0.256289062500000	0
74500		-nan	-nan	0.37465	0.13556	0.000150000000000	1.000000000000000	0.256289062500000	0
75000		-nan	-nan	0.37477	0.13551	0.000150000000000	1.000000000000000	0.256289062500000	0
75500		-nan	-nan	0.37474	0.13554	0.000150000000000	1.000000000000000	0.256289062500000	0
76000		-nan	-nan	0.37464	0.13552	0.000150000000000	1.000000000000000	0.256289062500000	0
76500		-nan	-nan	0.37452	0.13555	0.000150000000000	1.000000000000000	0.256289062500000	0
77000		-nan	-nan	0.37453	0.13548	0.000150000000000	1.000000000000000	0.256289062500000	0
77500		-nan	-nan	0.37473	0.13561	0.000150000000000	1.000000000000000	0.256289062500000	0
78000		-nan	-nan	0.37481	0.13570	0.000150000000000	1.000000000000000	0.256289062500000	0
78500		-nan	-nan	0.37472	0.13567	0.000150000000000	1.000000000000000	0.256289062500000	0
79000		-nan	-nan	0.37480	0.13558	0.000150000000000	1.000000000000000	0.256289062500000	0
79500		-nan	-nan	0.37490	0.13556	0.000150000000000	1.000000000000000	0.256289062500000	0
80000		-nan	-nan	0.37493	0.13569	0.000150000000000	1.000000000000000	0.256289062500000	0
80500		-nan	-nan	0.37471	0.13574	0.000150000000000	1.000000000000000	0.256289062500000	0
81000		-nan	-nan	0.37445	0.13575	0.000150000000000	1.000000000000000	0.256289062500000	0
81500		-nan	-nan	0.37441	0.13571	0.000150000000000	1.000000000000000	0.256289062500000	0
82000		-nan	-nan	0.37429	0.13574	0.000150000000000	1.000000000000000	0.256289062500000	0
82500		-nan	-nan	0.37428	0.13576	0.000150000000000	1.000000000000000	0.256289062500000	0
83000		-nan	-nan	0.37401	0.13568	0.000150000000000	1.000000000000000	0.256289062500000	0
83500		-nan	-nan	0.37375	0.13561	0.000150000000000	1.000000000000000	0.256289062500000	0
84000		-nan	-nan	0.37393	0.13559	0.000150000000000	1.000000000000000	0.256289062500000	0
84500		-nan	-nan	0.37398	0.13559	0.000150000000000	1.000000000000000	0.256289062500000	0
85000		-nan	-nan	0.37389	0.13551	0.000150000000000	1.000000000000000	0.256289062500000	0
85500		-nan	-nan	0.37393	0.13549	0.000150000000000	1.000000000000000	0.256289062500000	0
86000		-nan	-nan	0.37404	0.13545	0.000150000000000	1.000000000000000	0.256289062500000	0
86500		-nan	-nan	0.37404	0.13547	0.000150000000000	1.000000000000000	0.256289062500000	0
87000		-nan	-nan	0.37412	0.13547	0.000150000000000	1.000000000000000	0.256289062500000	0
87500		-nan	-nan	0.37408	0.13549	0.000150000000000	1.000000000000000	0.256289062500000	0
88000		-nan	-nan	0.37407	0.13549	0.000150000000000	1.000000000000000	0.256289062500000	0
88500		-nan	-nan	0.37405	0.13548	0.000150000000000	1.000000000000000	0.256289062500000	0
89000		-nan	-nan	0.37388	0.13544	0.000150000000000	1.000000000000000	0.256289062500000	0
89500		-nan	-nan	0.37388	0.13542	0.000150000000000	1.000000000000000	0.256289062500000	0
90000		-nan	-nan	0.37359	0.13544	0.000150000000000	1.000000000000000	0.256289062500000	0
90500		-nan	-nan	0.37342	0.13548	0.000150000000000	1.000000000000000	0.256289062500000	0
91000		-nan	-nan	0.37343	0.13547	0.000150000000000	1.000000000000000	0.256289062500000	0
91500		-nan	-nan	0.37337	0.13552	0.000150000000000	1.000000000000000	0.256289062500000	0
92000		-nan	-nan	0.37300	0.13550	0.000150000000000	1.000000000000000	0.256289062500000	0
92500		-nan	-nan	0.37294	0.13546	0.000150000000000	1.000000000000000	0.256289062500000	0
93000		-nan	-nan	0.37303	0.13539	0.000150000000000	1.000000000000000	0.256289062500000	0
93500		-nan	-nan	0.37306	0.13534	0.000150000000000	1.000000000000000	0.256289062500000	0
94000		-nan	-nan	0.37316	0.13541	0.000150000000000	1.000000000000000	0.256289062500000	0
94500		-nan	-nan	0.37312	0.13541	0.000150000000000	1.000000000000000	0.256289062500000	0
95000		-nan	-nan	0.37327	0.13539	0.000150000000000	1.000000000000000	0.256289062500000	0
95500		-nan	-nan	0.37319	0.13536	0.000150000000000	1.000000000000000	0.256289062500000	0
96000		-nan	-nan	0.37315	0.13540	0.000150000000000	1.000000000000000	0.256289062500000	0
96500		-nan	-nan	0.37316	0.13538	0.000150000000000	1.000000000000000	0.256289062500000	0
97000		-nan	-nan	0.37309	0.13535	0.000150000000000	1.000000000000000	0.256289062500000	0
97500		-nan	-nan	0.37303	0.13525	0.000150000000000	1.000000000000000	0.256289062500000	0
98000		-nan	-nan	0.37297	0.13526	0.000150000000000	1.000000000000000	0.256289062500000	0
98500		-nan	-nan	0.37289	0.13524	0.000150000000000	1.000000000000000	0.256289062500000	0
99000		-nan	-nan	0.37279	0.13523	0.000150000000000	1.000000000000000	0.256289062500000	0
99500		-nan	-nan	0.37292	0.13523	0.000150000000000	1.000000000000000	0.256289062500000	0
100000		-nan	-nan	0.37271	0.13520	0.000150000000000	1.000000000000000	0.256289062500000	0