step	p_accept_mu1	p_accept_gamma	p_accept_pi	p_accept_Tinf	sigma_mu1	sigma_gamma	sigma_pi	n_like_zero
1		1.00000	1.00000	1.00000	1.00000	0.000100000000000	1.000000000000000	0.010000000000000	0
500		1.00000	1.00000	1.00000	0.36204	0.000100000000000	1.000000000000000	0.010000000000000	0
1000		-nan	-nan	0.90000	0.33721	0.000150000000000	1.000000000000000	0.015000000000000	0
1500		-nan	-nan	0.89400	0.32490	0.000150000000000	1.000000000000000	0.022500000000000	0
2000		-nan	-nan	0.81000	0.31802	0.000150000000000	1.000000000000000	0.033750000000000	0
2500		-nan	-nan	0.75200	0.31320	0.000150000000000	1.000000000000000	0.050625000000000	0
3000		-nan	-nan	0.62400	0.31084	0.000150000000000	1.000000000000000	0.075937500000000	0
3500		-nan	-nan	0.49800	0.30820	0.000150000000000	1.000000000000000	0.113906250000000	0
4000		-nan	-nan	0.48600	0.30560	0.000150000000000	1.000000000000000	0.113906250000000	0
4500		-nan	-nan	0.49067	0.30360	0.000150000000000	1.000000000000000	0.113906250000000	0
5000		-nan	-nan	0.49400	0.30182	0.000150000000000	1.000000000000000	0.113906250000000	0
5500		-nan	-nan	0.49400	0.30157	0.000150000000000	1.000000000000000	0.113906250000000	0
6000		-nan	-nan	0.49000	0.30119	0.000150000000000	1.000000000000000	0.113906250000000	0
6500		-nan	-nan	0.49457	0.29999	0.000150000000000	1.000000000000000	0.113906250000000	0
7000		-nan	-nan	0.49025	0.29955	0.000150000000000	1.000000000000000	0.113906250000000	0
7500		-nan	-nan	0.49089	0.29952	0.000150000000000	1.000000000000000	0.113906250000000	0
8000		-nan	-nan	0.49100	0.29953	0.000150000000000	1.000000000000000	0.113906250000000	0
8500		-nan	-nan	0.49091	0.29847	0.000150000000000	1.000000000000000	0.113906250000000	0
9000		-nan	-nan	0.48950	0.29793	0.000150000000000	1.000000000000000	0.113906250000000	0
9500		-nan	-nan	0.49231	0.29819	0.000150000000000	1.000000000000000	0.113906250000000	0
10000		-nan	-nan	0.49400	0.29791	0.000150000000000	1.000000000000000	0.113906250000000	0
10500		-nan	-nan	0.49480	0.29770	0.000150000000000	1.000000000000000	0.113906250000000	0
11000		-nan	-nan	0.49675	0.29784	0.000150000000000	1.000000000000000	0.113906250000000	0
11500		-nan	-nan	0.49835	0.29797	0.000150000000000	1.000000000000000	0.113906250000000	0
12000		-nan	-nan	0.49811	0.29790	0.000150000000000	1.000000000000000	0.113906250000000	0
12500		-nan	-nan	0.49747	0.29790	0.000150000000000	1.000000000000000	0.113906250000000	0
13000		-nan	-nan	0.49550	0.29745	0.000150000000000	1.000000000000000	0.113906250000000	0
13500		-nan	-nan	0.49648	0.29768	0.000150000000000	1.000000000000000	0.113906250000000	0
14000		-nan	-nan	0.49745	0.29717	0.000150000000000	1.000000000000000	0.113906250000000	0
14500		-nan	-nan	0.49704	0.29675	0.000150000000000	1.000000000000000	0.113906250000000	0
15000		-nan	-nan	0.49808	0.29628	0.000150000000000	1.000000000000000	0.113906250000000	0
15500		-nan	-nan	0.49832	0.29628	0.000150000000000	1.000000000000000	0.113906250000000	0
16000		-nan	-nan	0.49785	0.29607	0.000150000000000	1.000000000000000	0.113906250000000	0
16500		-nan	-nan	0.49785	0.29587	0.000150000000000	1.000000000000000	0.113906250000000	0
17000		-nan	-nan	0.49907	0.29604	0.000150000000000	1.000000000000000	0.113906250000000	0
17500		-nan	-nan	0.49938	0.29626	0.000150000000000	1.000000000000000	0.113906250000000	0
18000		-nan	-nan	0.49993	0.29617	0.000150000000000	1.000000000000000	0.113906250000000	0
18500		-nan	-nan	0.50039	0.29622	0.000150000000000	1.000000000000000	0.113906250000000	0
19000		-nan	-nan	0.50062	0.29632	0.000150000000000	1.000000000000000	0.113906250000000	0
19500		-nan	-nan	0.50206	0.29663	0.000150000000000	1.000000000000000	0.113906250000000	0
20000		-nan	-nan	0.50235	0.29681	0.000150000000000	1.000000000000000	0.113906250000000	0
20500		-nan	-nan	0.50189	0.29680	0.000150000000000	1.000000000000000	0.113906250000000	0
21000		-nan	-nan	0.50106	0.29676	0.000150000000000	1.000000000000000	0.113906250000000	0
21500		-nan	-nan	0.50005	0.29694	0.000150000000000	1.000000000000000	0.113906250000000	0
22000		-nan	-nan	0.49958	0.29691	0.000150000000000	1.000000000000000	0.113906250000000	0
22500		-nan	-nan	0.49928	0.29666	0.000150000000000	1.000000000000000	0.113906250000000	0
23000		-nan	-nan	0.50000	0.29672	0.000150000000000	1.000000000000000	0.113906250000000	0
23500		-nan	-nan	0.49966	0.29657	0.000150000000000	1.000000000000000	0.113906250000000	0
24000		-nan	-nan	0.49857	0.29652	0.000150000000000	1.000000000000000	0.113906250000000	0
24500		-nan	-nan	0.49851	0.29634	0.000150000000000	1.000000000000000	0.113906250000000	0
25000		-nan	-nan	0.49818	0.29623	0.000150000000000	1.000000000000000	0.113906250000000	0
25500		-nan	-nan	0.49787	0.29579	0.000150000000000	1.000000000000000	0.113906250000000	0
26000		-nan	-nan	0.49778	0.29596	0.000150000000000	1.000000000000000	0.113906250000000	0
26500		-nan	-nan	0.49813	0.29594	0.000150000000000	1.000000000000000	0.113906250000000	0
27000		-nan	-nan	0.49921	0.29589	0.000150000000000	1.000000000000000	0.113906250000000	0
27500		-nan	-nan	0.49873	0.29576	0.000150000000000	1.000000000000000	0.113906250000000	0
28000		-nan	-nan	0.49936	0.29591	0.000150000000000	1.000000000000000	0.113906250000000	0
28500		-nan	-nan	0.49988	0.29572	0.000150000000000	1.000000000000000	0.113906250000000	0
29000		-nan	-nan	0.49931	0.29551	0.000150000000000	1.000000000000000	0.113906250000000	0
29500		-nan	-nan	0.49917	0.29533	0.000150000000000	1.000000000000000	0.113906250000000	0
30000		-nan	-nan	0.49896	0.29534	0.000150000000000	1.000000000000000	0.113906250000000	0
30500		-nan	-nan	0.49887	0.29525	0.000150000000000	1.000000000000000	0.113906250000000	0
31000		-nan	-nan	0.49825	0.29512	0.000150000000000	1.000000000000000	0.113906250000000	0
31500		-nan	-nan	0.49814	0.29517	0.000150000000000	1.000000000000000	0.113906250000000	0
32000		-nan	-nan	0.49803	0.29507	0.000150000000000	1.000000000000000	0.113906250000000	0
32500		-nan	-nan	0.49881	0.29503	0.000150000000000	1.000000000000000	0.113906250000000	0
33000		-nan	-nan	0.49843	0.29500	0.000150000000000	1.000000000000000	0.113906250000000	0
33500		-nan	-nan	0.49885	0.29500	0.000150000000000	1.000000000000000	0.113906250000000	0
34000		-nan	-nan	0.49939	0.29504	0.000150000000000	1.000000000000000	0.113906250000000	0
34500		-nan	-nan	0.49962	0.29512	0.000150000000000	1.000000000000000	0.113906250000000	0
35000		-nan	-nan	0.49994	0.29512	0.000150000000000	1.000000000000000	0.113906250000000	0
35500		-nan	-nan	0.50114	0.29510	0.000150000000000	1.000000000000000	0.113906250000000	0
36000		-nan	-nan	0.50127	0.29511	0.000150000000000	1.000000000000000	0.113906250000000	0
36500		-nan	-nan	0.50170	0.29518	0.000150000000000	1.000000000000000	0.113906250000000	0
37000		-nan	-nan	0.50174	0.29520	0.000150000000000	1.000000000000000	0.113906250000000	0
37500		-nan	-nan	0.50171	0.29508	0.000150000000000	1.000000000000000	0.113906250000000	0
38000		-nan	-nan	0.50157	0.29495	0.000150000000000	1.000000000000000	0.113906250000000	0
38500		-nan	-nan	0.50132	0.29492	0.000150000000000	1.000000000000000	0.113906250000000	0
39000		-nan	-nan	0.50125	0.29480	0.000150000000000	1.000000000000000	0.113906250000000	0
39500		-nan	-nan	0.50107	0.29476	0.000150000000000	1.000000000000000	0.113906250000000	0
40000		-nan	-nan	0.50089	0.29477	0.000150000000000	1.000000000000000	0.113906250000000	0
40500		-nan	-nan	0.50035	0.29463	0.000150000000000	1.000000000000000	0.113906250000000	0
41000		-nan	-nan	0.50024	0.29456	0.000150000000000	1.000000000000000	0.113906250000000	0
41500		-nan	-nan	0.50052	0.29444	0.000150000000000	1.000000000000000	0.113906250000000	0
42000		-nan	-nan	0.50028	0.29425	0.000150000000000	1.000000000000000	0.113906250000000	0
42500		-nan	-nan	0.50043	0.29405	0.000150000000000	1.000000000000000	0.113906250000000	0
43000		-nan	-nan	0.50015	0.29390	0.000150000000000	1.000000000000000	0.113906250000000	0
43500		-nan	-nan	0.50005	0.29400	0.000150000000000	1.000000000000000	0.113906250000000	0
44000		-nan	-nan	0.50037	0.29397	0.000150000000000	1.000000000000000	0.113906250000000	0
44500		-nan	-nan	0.49969	0.29385	0.000150000000000	1.000000000000000	0.113906250000000	0
45000		-nan	-nan	0.49964	0.29390	0.000150000000000	1.000000000000000	0.113906250000000	0
45500		-nan	-nan	0.49953	0.29392	0.000150000000000	1.000000000000000	0.113906250000000	0
46000		-nan	-nan	0.49965	0.29378	0.000150000000000	1.000000000000000	0.113906250000000	0
46500		-nan	-nan	0.50011	0.29380	0.000150000000000	1.000000000000000	0.113906250000000	0
47000		-nan	-nan	0.50048	0.29394	0.000150000000000	1.000000000000000	0.113906250000000	0
47500		-nan	-nan	0.50106	0.29392	0.000150000000000	1.000000000000000	0.113906250000000	0
48000		-nan	-nan	0.50129	0.29401	0.000150000000000	1.000000000000000	0.113906250000000	0
48500		-nan	-nan	0.50152	0.29411	0.000150000000000	1.000000000000000	0.113906250000000	0
49000		-nan	-nan	0.50167	0.29419	0.000150000000000	1.000000000000000	0.113906250000000	0
49500		-nan	-nan	0.50138	0.29428	0.000150000000000	1.000000000000000	0.113906250000000	0
50000		-nan	-nan	0.50123	0.29413	0.000150000000000	1.000000000000000	0.113906250000000	0
50500		-nan	-nan	0.50097	0.29413	0.000150000000000	1.000000000000000	0.113906250000000	0
51000		-nan	-nan	0.50098	0.29415	0.000150000000000	1.000000000000000	0.113906250000000	0
51500		-nan	-nan	0.50103	0.29433	0.000150000000000	1.000000000000000	0.113906250000000	0
52000		-nan	-nan	0.50094	0.29436	0.000150000000000	1.000000000000000	0.113906250000000	0
52500		-nan	-nan	0.50099	0.29427	0.000150000000000	1.000000000000000	0.113906250000000	0
53000		-nan	-nan	0.50146	0.29414	0.000150000000000	1.000000000000000	0.113906250000000	0
53500		-nan	-nan	0.50176	0.29417	0.000150000000000	1.000000000000000	0.113906250000000	0
54000		-nan	-nan	0.50204	0.29417	0.000150000000000	1.000000000000000	0.113906250000000	0
54500		-nan	-nan	0.50167	0.29416	0.000150000000000	1.000000000000000	0.113906250000000	0
55000		-nan	-nan	0.50194	0.29417	0.000150000000000	1.000000000000000	0.113906250000000	0
55500		-nan	-nan	0.50200	0.29412	0.000150000000000	1.000000000000000	0.113906250000000	0
56000		-nan	-nan	0.50181	0.29413	0.000150000000000	1.000000000000000	0.113906250000000	0
56500		-nan	-nan	0.50178	0.29427	0.000150000000000	1.000000000000000	0.113906250000000	0
57000		-nan	-nan	0.50180	0.29420	0.000150000000000	1.000000000000000	0.113906250000000	0
57500		-nan	-nan	0.50156	0.29405	0.000150000000000	1.000000000000000	0.113906250000000	0
58000		-nan	-nan	0.50198	0.29405	0.000150000000000	1.000000000000000	0.113906250000000	0
58500		-nan	-nan	0.50202	0.29402	0.000150000000000	1.000000000000000	0.113906250000000	0
59000		-nan	-nan	0.50184	0.29396	0.000150000000000	1.000000000000000	0.113906250000000	0
59500		-nan	-nan	0.50200	0.29398	0.000150000000000	1.000000000000000	0.113906250000000	0
60000		-nan	-nan	0.50189	0.29402	0.000150000000000	1.000000000000000	0.113906250000000	0
60500		-nan	-nan	0.50165	0.29403	0.000150000000000	1.000000000000000	0.113906250000000	0
61000		-nan	-nan	0.50148	0.29401	0.000150000000000	1.000000000000000	0.113906250000000	0
61500		-nan	-nan	0.50154	0.29392	0.000150000000000	1.000000000000000	0.113906250000000	0
62000		-nan	-nan	0.50156	0.29386	0.000150000000000	1.000000000000000	0.113906250000000	0
62500		-nan	-nan	0.50111	0.29390	0.000150000000000	1.000000000000000	0.113906250000000	0
63000		-nan	-nan	0.50130	0.29379	0.000150000000000	1.000000000000000	0.113906250000000	0
63500		-nan	-nan	0.50142	0.29380	0.000150000000000	1.000000000000000	0.113906250000000	0
64000		-nan	-nan	0.50144	0.29380	0.000150000000000	1.000000000000000	0.113906250000000	0
64500		-nan	-nan	0.50156	0.29380	0.000150000000000	1.000000000000000	0.113906250000000	0
65000		-nan	-nan	0.50119	0.29378	0.000150000000000	1.000000000000000	0.113906250000000	0
65500		-nan	-nan	0.50130	0.29383	0.000150000000000	1.000000000000000	0.113906250000000	0
66000		-nan	-nan	0.50105	0.29378	0.000150000000000	1.000000000000000	0.113906250000000	0
66500		-nan	-nan	0.50071	0.29375	0.000150000000000	1.000000000000000	0.113906250000000	0
67000		-nan	-nan	0.50059	0.29374	0.000150000000000	1.000000000000000	0.113906250000000	0
67500		-nan	-nan	0.50068	0.29386	0.000150000000000	1.000000000000000	0.113906250000000	0
68000		-nan	-nan	0.50097	0.29394	0.000150000000000	1.000000000000000	0.113906250000000	0
68500		-nan	-nan	0.50093	0.29400	0.000150000000000	1.000000000000000	0.113906250000000	0
69000		-nan	-nan	0.50112	0.29396	0.000150000000000	1.000000000000000	0.113906250000000	0
69500		-nan	-nan	0.50149	0.29405	0.000150000000000	1.000000000000000	0.113906250000000	0
70000		-nan	-nan	0.50178	0.29413	0.000150000000000	1.000000000000000	0.113906250000000	0
70500		-nan	-nan	0.50207	0.29419	0.000150000000000	1.000000000000000	0.113906250000000	0
71000		-nan	-nan	0.50182	0.29416	0.000150000000000	1.000000000000000	0.113906250000000	0
71500		-nan	-nan	0.50174	0.29411	0.000150000000000	1.000000000000000	0.113906250000000	0
72000		-nan	-nan	0.50167	0.29408	0.000150000000000	1.000000000000000	0.113906250000000	0
72500		-nan	-nan	0.50150	0.29406	0.000150000000000	1.000000000000000	0.113906250000000	0
73000		-nan	-nan	0.50176	0.29405	0.000150000000000	1.000000000000000	0.113906250000000	0
73500		-nan	-nan	0.50172	0.29402	0.000150000000000	1.000000000000000	0.113906250000000	0
74000		-nan	-nan	0.50165	0.29397	0.000150000000000	1.000000000000000	0.113906250000000	0
74500		-nan	-nan	0.50147	0.29396	0.000150000000000	1.000000000000000	0.113906250000000	0
75000		-nan	-nan	0.50169	0.29393	0.000150000000000	1.000000000000000	0.113906250000000	0
75500		-nan	-nan	0.50177	0.29391	0.000150000000000	1.000000000000000	0.113906250000000	0
76000		-nan	-nan	0.50162	0.29389	0.000150000000000	1.000000000000000	0.113906250000000	0
76500		-nan	-nan	0.50176	0.29387	0.000150000000000	1.000000000000000	0.113906250000000	0
77000		-nan	-nan	0.50161	0.29384	0.000150000000000	1.000000000000000	0.113906250000000	0
77500		-nan	-nan	0.50172	0.29389	0.000150000000000	1.000000000000000	0.113906250000000	0
78000		-nan	-nan	0.50175	0.29394	0.000150000000000	1.000000000000000	0.113906250000000	0
78500		-nan	-nan	0.50192	0.29395	0.000150000000000	1.000000000000000	0.113906250000000	0
79000		-nan	-nan	0.50188	0.29393	0.000150000000000	1.000000000000000	0.113906250000000	0
79500		-nan	-nan	0.50203	0.29400	0.000150000000000	1.000000000000000	0.113906250000000	0
80000		-nan	-nan	0.50166	0.29397	0.000150000000000	1.000000000000000	0.113906250000000	0
80500		-nan	-nan	0.50166	0.29395	0.000150000000000	1.000000000000000	0.113906250000000	0
81000		-nan	-nan	0.50176	0.29392	0.000150000000000	1.000000000000000	0.113906250000000	0
81500		-nan	-nan	0.50176	0.29391	0.000150000000000	1.000000000000000	0.113906250000000	0
82000		-nan	-nan	0.50181	0.29388	0.000150000000000	1.000000000000000	0.113906250000000	0
82500		-nan	-nan	0.50185	0.29381	0.000150000000000	1.000000000000000	0.113906250000000	0
83000		-nan	-nan	0.50177	0.29382	0.000150000000000	1.000000000000000	0.113906250000000	0
83500		-nan	-nan	0.50165	0.29385	0.000150000000000	1.000000000000000	0.113906250000000	0
84000		-nan	-nan	0.50195	0.29390	0.000150000000000	1.000000000000000	0.113906250000000	0
84500		-nan	-nan	0.50191	0.29391	0.000150000000000	1.000000000000000	0.113906250000000	0
85000		-nan	-nan	0.50190	0.29394	0.000150000000000	1.000000000000000	0.113906250000000	0
85500		-nan	-nan	0.50189	0.29395	0.000150000000000	1.000000000000000	0.113906250000000	0
86000		-nan	-nan	0.50167	0.29398	0.000150000000000	1.000000000000000	0.113906250000000	0
86500		-nan	-nan	0.50157	0.29395	0.000150000000000	1.000000000000000	0.113906250000000	0
87000		-nan	-nan	0.50144	0.29391	0.000150000000000	1.000000000000000	0.113906250000000	0
87500		-nan	-nan	0.50150	0.29386	0.000150000000000	1.000000000000000	0.113906250000000	0
88000		-nan	-nan	0.50138	0.29380	0.000150000000000	1.000000000000000	0.113906250000000	0
88500		-nan	-nan	0.50161	0.29376	0.000150000000000	1.000000000000000	0.113906250000000	0
89000		-nan	-nan	0.50178	0.29373	0.000150000000000	1.000000000000000	0.113906250000000	0
89500		-nan	-nan	0.50201	0.29382	0.000150000000000	1.000000000000000	0.113906250000000	0
90000		-nan	-nan	0.50193	0.29383	0.000150000000000	1.000000000000000	0.113906250000000	0
90500		-nan	-nan	0.50191	0.29383	0.000150000000000	1.000000000000000	0.113906250000000	0
91000		-nan	-nan	0.50173	0.29380	0.000150000000000	1.000000000000000	0.113906250000000	0
91500		-nan	-nan	0.50183	0.29376	0.000150000000000	1.000000000000000	0.113906250000000	0
92000		-nan	-nan	0.50163	0.29369	0.000150000000000	1.000000000000000	0.113906250000000	0
92500		-nan	-nan	0.50161	0.29368	0.000150000000000	1.000000000000000	0.113906250000000	0
93000		-nan	-nan	0.50172	0.29364	0.000150000000000	1.000000000000000	0.113906250000000	0
93500		-nan	-nan	0.50177	0.29366	0.000150000000000	1.000000000000000	0.113906250000000	0
94000		-nan	-nan	0.50197	0.29364	0.000150000000000	1.000000000000000	0.113906250000000	0
94500		-nan	-nan	0.50200	0.29362	0.000150000000000	1.000000000000000	0.113906250000000	0
95000		-nan	-nan	0.50196	0.29364	0.000150000000000	1.000000000000000	0.113906250000000	0
95500		-nan	-nan	0.50192	0.29361	0.000150000000000	1.000000000000000	0.113906250000000	0
96000		-nan	-nan	0.50188	0.29354	0.000150000000000	1.000000000000000	0.113906250000000	0
96500		-nan	-nan	0.50185	0.29361	0.000150000000000	1.000000000000000	0.113906250000000	0
97000		-nan	-nan	0.50177	0.29362	0.000150000000000	1.000000000000000	0.113906250000000	0
97500		-nan	-nan	0.50184	0.29365	0.000150000000000	1.000000000000000	0.113906250000000	0
98000		-nan	-nan	0.50199	0.29370	0.000150000000000	1.000000000000000	0.113906250000000	0
98500		-nan	-nan	0.50166	0.29367	0.000150000000000	1.000000000000000	0.113906250000000	0
99000		-nan	-nan	0.50159	0.29365	0.000150000000000	1.000000000000000	0.113906250000000	0
99500		-nan	-nan	0.50173	0.29365	0.000150000000000	1.000000000000000	0.113906250000000	0
100000		-nan	-nan	0.50171	0.29362	0.000150000000000	1.000000000000000	0.113906250000000	0