step	p_accept_mu1	p_accept_gamma	p_accept_pi	p_accept_Tinf	sigma_mu1	sigma_gamma	sigma_pi	n_like_zero
1		1.00000	1.00000	1.00000	1.00000	0.000100000000000	1.000000000000000	0.010000000000000	0
500		0.98998	0.17435	1.00000	0.33158	0.000100000000000	1.000000000000000	0.010000000000000	0
1000		0.98800	0.28200	0.94200	0.33559	0.000150000000000	0.666666666666667	0.015000000000000	0
1500		0.99400	0.31000	0.90800	0.33072	0.000225000000000	0.666666666666667	0.022500000000000	0
2000		0.99200	0.31467	0.85400	0.32749	0.000337500000000	0.666666666666667	0.033750000000000	0
2500		0.98400	0.32500	0.83400	0.32265	0.000506250000000	0.666666666666667	0.050625000000000	0
3000		0.97600	0.32160	0.72800	0.31857	0.000759375000000	0.666666666666667	0.075937500000000	0
3500		0.97200	0.33333	0.53400	0.31656	0.001139062500000	0.666666666666667	0.113906250000000	0
4000		0.96200	0.33314	0.41200	0.31491	0.001708593750000	0.666666666666667	0.170859375000000	0
4500		0.93800	0.33125	0.42600	0.31367	0.002562890625000	0.666666666666667	0.170859375000000	0
5000		0.87400	0.32978	0.43800	0.31101	0.003844335937500	0.666666666666667	0.170859375000000	0
5500		0.89400	0.32500	0.44400	0.30925	0.005766503906250	0.666666666666667	0.170859375000000	0
6000		0.86600	0.32327	0.43440	0.30769	0.008649755859375	0.666666666666667	0.170859375000000	0
6500		0.88600	0.32217	0.43667	0.30803	0.012974633789063	0.666666666666667	0.170859375000000	0
7000		0.86600	0.32231	0.44971	0.30817	0.019461950683594	0.666666666666667	0.170859375000000	0
7500		0.87200	0.31900	0.45250	0.30857	0.029192926025391	0.666666666666667	0.170859375000000	0
8000		0.75400	0.31907	0.45422	0.31018	0.043789389038086	0.666666666666667	0.170859375000000	0
8500		0.68600	0.31512	0.45360	0.31106	0.065684083557129	0.666666666666667	0.170859375000000	0
9000		0.65000	0.31165	0.45255	0.31198	0.098526125335693	0.666666666666667	0.170859375000000	0
9500		0.44800	0.30844	0.45283	0.31303	0.147789188003540	0.666666666666667	0.170859375000000	0
10000		0.48000	0.30547	0.45446	0.31389	0.147789188003540	0.666666666666667	0.170859375000000	0
10500		0.48867	0.30450	0.45414	0.31435	0.147789188003540	0.666666666666667	0.170859375000000	0
11000		0.49700	0.30181	0.45640	0.31485	0.147789188003540	0.666666666666667	0.170859375000000	0
11500		0.49480	0.30055	0.45775	0.31557	0.147789188003540	0.666666666666667	0.170859375000000	0
12000		0.49367	0.29913	0.46000	0.31619	0.147789188003540	0.666666666666667	0.170859375000000	0
12500		0.48657	0.29808	0.46078	0.31678	0.147789188003540	0.666666666666667	0.170859375000000	0
13000		0.48500	0.29744	0.46105	0.31737	0.147789188003540	0.666666666666667	0.170859375000000	0
13500		0.48244	0.29608	0.46230	0.31774	0.147789188003540	0.666666666666667	0.170859375000000	0
14000		0.48300	0.29400	0.46286	0.31801	0.147789188003540	0.666666666666667	0.170859375000000	0
14500		0.47982	0.29264	0.46491	0.31821	0.147789188003540	0.666666666666667	0.170859375000000	0
15000		0.48200	0.29228	0.46470	0.31829	0.147789188003540	0.666666666666667	0.170859375000000	0
15500		0.48015	0.29100	0.46642	0.31823	0.147789188003540	0.666666666666667	0.170859375000000	0
16000		0.48329	0.29052	0.46656	0.31822	0.147789188003540	0.666666666666667	0.170859375000000	0
16500		0.48547	0.28987	0.46677	0.31834	0.147789188003540	0.666666666666667	0.170859375000000	0
17000		0.48512	0.29048	0.46652	0.31831	0.147789188003540	0.666666666666667	0.170859375000000	0
17500		0.48541	0.29124	0.46443	0.31810	0.147789188003540	0.666666666666667	0.170859375000000	0
18000		0.48567	0.29206	0.46338	0.31825	0.147789188003540	0.666666666666667	0.170859375000000	0
18500		0.48632	0.29144	0.46387	0.31800	0.147789188003540	0.666666666666667	0.170859375000000	0
19000		0.48430	0.29141	0.46406	0.31814	0.147789188003540	0.666666666666667	0.170859375000000	0
19500		0.48362	0.29142	0.46450	0.31830	0.147789188003540	0.666666666666667	0.170859375000000	0
20000		0.48482	0.29067	0.46412	0.31814	0.147789188003540	0.666666666666667	0.170859375000000	0
20500		0.48513	0.29015	0.46324	0.31826	0.147789188003540	0.666666666666667	0.170859375000000	0
21000		0.48458	0.28946	0.46326	0.31842	0.147789188003540	0.666666666666667	0.170859375000000	0
21500		0.48432	0.28862	0.46433	0.31831	0.147789188003540	0.666666666666667	0.170859375000000	0
22000		0.48185	0.28772	0.46465	0.31834	0.147789188003540	0.666666666666667	0.170859375000000	0
22500		0.48141	0.28609	0.46442	0.31867	0.147789188003540	0.666666666666667	0.170859375000000	0
23000		0.48021	0.28618	0.46421	0.31888	0.147789188003540	0.666666666666667	0.170859375000000	0
23500		0.48110	0.28526	0.46465	0.31910	0.147789188003540	0.666666666666667	0.170859375000000	0
24000		0.47993	0.28485	0.46502	0.31920	0.147789188003540	0.666666666666667	0.170859375000000	0
24500		0.47961	0.28413	0.46481	0.31938	0.147789188003540	0.666666666666667	0.170859375000000	0
25000		0.47981	0.28392	0.46512	0.31956	0.147789188003540	0.666666666666667	0.170859375000000	0
25500		0.48012	0.28468	0.46523	0.31956	0.147789188003540	0.666666666666667	0.170859375000000	0
26000		0.48059	0.28439	0.46449	0.31950	0.147789188003540	0.666666666666667	0.170859375000000	0
26500		0.48029	0.28400	0.46413	0.31963	0.147789188003540	0.666666666666667	0.170859375000000	0
27000		0.47944	0.28396	0.46489	0.31988	0.147789188003540	0.666666666666667	0.170859375000000	0
27500		0.47914	0.28337	0.46583	0.31999	0.147789188003540	0.666666666666667	0.170859375000000	0
28000		0.47984	0.28331	0.46637	0.32008	0.147789188003540	0.666666666666667	0.170859375000000	0
28500		0.48026	0.28361	0.46632	0.32012	0.147789188003540	0.666666666666667	0.170859375000000	0
29000		0.47940	0.28354	0.46706	0.32004	0.147789188003540	0.666666666666667	0.170859375000000	0
29500		0.47878	0.28376	0.46642	0.31998	0.147789188003540	0.666666666666667	0.170859375000000	0
30000		0.47833	0.28342	0.46660	0.32006	0.147789188003540	0.666666666666667	0.170859375000000	0
30500		0.47795	0.28323	0.46704	0.31989	0.147789188003540	0.666666666666667	0.170859375000000	0
31000		0.47755	0.28272	0.46727	0.31991	0.147789188003540	0.666666666666667	0.170859375000000	0
31500		0.47747	0.28252	0.46682	0.31991	0.147789188003540	0.666666666666667	0.170859375000000	0
32000		0.47826	0.28267	0.46684	0.31983	0.147789188003540	0.666666666666667	0.170859375000000	0
32500		0.47817	0.28266	0.46721	0.31984	0.147789188003540	0.666666666666667	0.170859375000000	0
33000		0.47850	0.28323	0.46702	0.31978	0.147789188003540	0.666666666666667	0.170859375000000	0
33500		0.47943	0.28409	0.46640	0.31970	0.147789188003540	0.666666666666667	0.170859375000000	0
34000		0.47908	0.28418	0.46577	0.31959	0.147789188003540	0.666666666666667	0.170859375000000	0
34500		0.47804	0.28347	0.46590	0.31968	0.147789188003540	0.666666666666667	0.170859375000000	0
35000		0.47796	0.28301	0.46635	0.31974	0.147789188003540	0.666666666666667	0.170859375000000	0
35500		0.47758	0.28300	0.46691	0.31988	0.147789188003540	0.666666666666667	0.170859375000000	0
36000		0.47685	0.28310	0.46674	0.32000	0.147789188003540	0.666666666666667	0.170859375000000	0
36500		0.47662	0.28333	0.46724	0.32010	0.147789188003540	0.666666666666667	0.170859375000000	0
37000		0.47661	0.28304	0.46752	0.32020	0.147789188003540	0.666666666666667	0.170859375000000	0
37500		0.47649	0.28265	0.46721	0.32022	0.147789188003540	0.666666666666667	0.170859375000000	0
38000		0.47617	0.28229	0.46768	0.32038	0.147789188003540	0.666666666666667	0.170859375000000	0
38500		0.47603	0.28205	0.46791	0.32060	0.147789188003540	0.666666666666667	0.170859375000000	0
39000		0.47630	0.28236	0.46749	0.32051	0.147789188003540	0.666666666666667	0.170859375000000	0
39500		0.47662	0.28210	0.46811	0.32042	0.147789188003540	0.666666666666667	0.170859375000000	0
40000		0.47703	0.28208	0.46814	0.32036	0.147789188003540	0.666666666666667	0.170859375000000	0
40500		0.47679	0.28182	0.46827	0.32049	0.147789188003540	0.666666666666667	0.170859375000000	0
41000		0.47703	0.28195	0.46811	0.32046	0.147789188003540	0.666666666666667	0.170859375000000	0
41500		0.47723	0.28202	0.46776	0.32051	0.147789188003540	0.666666666666667	0.170859375000000	0
42000		0.47624	0.28188	0.46771	0.32045	0.147789188003540	0.666666666666667	0.170859375000000	0
42500		0.47648	0.28226	0.46777	0.32040	0.147789188003540	0.666666666666667	0.170859375000000	0
43000		0.47697	0.28231	0.46815	0.32033	0.147789188003540	0.666666666666667	0.170859375000000	0
43500		0.47786	0.28284	0.46775	0.32027	0.147789188003540	0.666666666666667	0.170859375000000	0
44000		0.47769	0.28251	0.46753	0.32035	0.147789188003540	0.666666666666667	0.170859375000000	0
44500		0.47792	0.28293	0.46676	0.32030	0.147789188003540	0.666666666666667	0.170859375000000	0
45000		0.47794	0.28299	0.46684	0.32035	0.147789188003540	0.666666666666667	0.170859375000000	0
45500		0.47833	0.28233	0.46705	0.32055	0.147789188003540	0.666666666666667	0.170859375000000	0
46000		0.47819	0.28178	0.46689	0.32068	0.147789188003540	0.666666666666667	0.170859375000000	0
46500		0.47840	0.28167	0.46670	0.32064	0.147789188003540	0.666666666666667	0.170859375000000	0
47000		0.47847	0.28101	0.46674	0.32067	0.147789188003540	0.666666666666667	0.170859375000000	0
47500		0.47813	0.28064	0.46677	0.32079	0.147789188003540	0.666666666666667	0.170859375000000	0
48000		0.47782	0.28017	0.46708	0.32089	0.147789188003540	0.666666666666667	0.170859375000000	0
48500		0.47785	0.28000	0.46736	0.32097	0.147789188003540	0.666666666666667	0.170859375000000	0
49000		0.47702	0.27944	0.46807	0.32123	0.147789188003540	0.666666666666667	0.170859375000000	0
49500		0.47642	0.27916	0.46846	0.32134	0.147789188003540	0.666666666666667	0.170859375000000	0
50000		0.47627	0.27909	0.46832	0.32129	0.147789188003540	0.666666666666667	0.170859375000000	0
50500		0.47646	0.27878	0.46857	0.32139	0.147789188003540	0.666666666666667	0.170859375000000	0
51000		0.47626	0.27855	0.46891	0.32148	0.147789188003540	0.666666666666667	0.170859375000000	0
51500		0.47614	0.27900	0.46935	0.32146	0.147789188003540	0.666666666666667	0.170859375000000	0
52000		0.47649	0.27917	0.46899	0.32150	0.147789188003540	0.666666666666667	0.170859375000000	0
52500		0.47660	0.27892	0.46902	0.32138	0.147789188003540	0.666666666666667	0.170859375000000	0
53000		0.47664	0.27905	0.46925	0.32141	0.147789188003540	0.666666666666667	0.170859375000000	0
53500		0.47600	0.27892	0.46938	0.32134	0.147789188003540	0.666666666666667	0.170859375000000	0
54000		0.47576	0.27907	0.46925	0.32126	0.147789188003540	0.666666666666667	0.170859375000000	0
54500		0.47576	0.27915	0.46892	0.32115	0.147789188003540	0.666666666666667	0.170859375000000	0
55000		0.47535	0.27888	0.46917	0.32121	0.147789188003540	0.666666666666667	0.170859375000000	0
55500		0.47553	0.27898	0.46937	0.32120	0.147789188003540	0.666666666666667	0.170859375000000	0
56000		0.47583	0.27885	0.46903	0.32130	0.147789188003540	0.666666666666667	0.170859375000000	0
56500		0.47636	0.27889	0.46902	0.32130	0.147789188003540	0.666666666666667	0.170859375000000	0
57000		0.47594	0.27894	0.46936	0.32141	0.147789188003540	0.666666666666667	0.170859375000000	0
57500		0.47588	0.27900	0.46980	0.32151	0.147789188003540	0.666666666666667	0.170859375000000	0
58000		0.47600	0.27910	0.46987	0.32148	0.147789188003540	0.666666666666667	0.170859375000000	0
58500		0.47574	0.27898	0.47013	0.32153	0.147789188003540	0.666666666666667	0.170859375000000	0
59000		0.47528	0.27913	0.47059	0.32165	0.147789188003540	0.666666666666667	0.170859375000000	0
59500		0.47533	0.27900	0.47095	0.32170	0.147789188003540	0.666666666666667	0.170859375000000	0
60000		0.47514	0.27861	0.47119	0.32169	0.147789188003540	0.666666666666667	0.170859375000000	0
60500		0.47542	0.27865	0.47112	0.32177	0.147789188003540	0.666666666666667	0.170859375000000	0
61000		0.47533	0.27864	0.47134	0.32170	0.147789188003540	0.666666666666667	0.170859375000000	0
61500		0.47560	0.27856	0.47147	0.32169	0.147789188003540	0.666666666666667	0.170859375000000	0
62000		0.47558	0.27854	0.47130	0.32174	0.147789188003540	0.666666666666667	0.170859375000000	0
62500		0.47493	0.27829	0.47159	0.32190	0.147789188003540	0.666666666666667	0.170859375000000	0
63000		0.47520	0.27830	0.47180	0.32186	0.147789188003540	0.666666666666667	0.170859375000000	0
63500		0.47567	0.27816	0.47137	0.32176	0.147789188003540	0.666666666666667	0.170859375000000	0
64000		0.47580	0.27809	0.47137	0.32178	0.147789188003540	0.666666666666667	0.170859375000000	0
64500		0.47611	0.27795	0.47107	0.32172	0.147789188003540	0.666666666666667	0.170859375000000	0
65000		0.47598	0.27769	0.47141	0.32174	0.147789188003540	0.666666666666667	0.170859375000000	0
65500		0.47582	0.27775	0.47137	0.32179	0.147789188003540	0.666666666666667	0.170859375000000	0
66000		0.47584	0.27753	0.47141	0.32179	0.147789188003540	0.666666666666667	0.170859375000000	0
66500		0.47574	0.27736	0.47130	0.32176	0.147789188003540	0.666666666666667	0.170859375000000	0
67000		0.47543	0.27741	0.47107	0.32171	0.147789188003540	0.666666666666667	0.170859375000000	0
67500		0.47544	0.27718	0.47122	0.32176	0.147789188003540	0.666666666666667	0.170859375000000	0
68000		0.47559	0.27720	0.47116	0.32179	0.147789188003540	0.666666666666667	0.170859375000000	0
68500		0.47550	0.27726	0.47137	0.32184	0.147789188003540	0.666666666666667	0.170859375000000	0
69000		0.47518	0.27674	0.47169	0.32193	0.147789188003540	0.666666666666667	0.170859375000000	0
69500		0.47506	0.27678	0.47130	0.32195	0.147789188003540	0.666666666666667	0.170859375000000	0
70000		0.47508	0.27682	0.47125	0.32198	0.147789188003540	0.666666666666667	0.170859375000000	0
70500		0.47489	0.27679	0.47113	0.32198	0.147789188003540	0.666666666666667	0.170859375000000	0
71000		0.47484	0.27677	0.47111	0.32202	0.147789188003540	0.666666666666667	0.170859375000000	0
71500		0.47518	0.27675	0.47066	0.32200	0.147789188003540	0.666666666666667	0.170859375000000	0
72000		0.47502	0.27671	0.47066	0.32200	0.147789188003540	0.666666666666667	0.170859375000000	0
72500		0.47479	0.27663	0.47077	0.32197	0.147789188003540	0.666666666666667	0.170859375000000	0
73000		0.47495	0.27658	0.47095	0.32197	0.147789188003540	0.666666666666667	0.170859375000000	0
73500		0.47526	0.27658	0.47060	0.32189	0.147789188003540	0.666666666666667	0.170859375000000	0
74000		0.47526	0.27652	0.47072	0.32193	0.147789188003540	0.666666666666667	0.170859375000000	0
74500		0.47533	0.27649	0.47051	0.32195	0.147789188003540	0.666666666666667	0.170859375000000	0
75000		0.47517	0.27650	0.47039	0.32200	0.147789188003540	0.666666666666667	0.170859375000000	0
75500		0.47523	0.27655	0.47037	0.32201	0.147789188003540	0.666666666666667	0.170859375000000	0
76000		0.47510	0.27673	0.47034	0.32193	0.147789188003540	0.666666666666667	0.170859375000000	0
76500		0.47516	0.27674	0.47012	0.32191	0.147789188003540	0.666666666666667	0.170859375000000	0
77000		0.47503	0.27669	0.47008	0.32187	0.147789188003540	0.666666666666667	0.170859375000000	0
77500		0.47509	0.27632	0.46996	0.32186	0.147789188003540	0.666666666666667	0.170859375000000	0
78000		0.47483	0.27605	0.47026	0.32192	0.147789188003540	0.666666666666667	0.170859375000000	0
78500		0.47504	0.27596	0.47021	0.32192	0.147789188003540	0.666666666666667	0.170859375000000	0
79000		0.47481	0.27614	0.47034	0.32193	0.147789188003540	0.666666666666667	0.170859375000000	0
79500		0.47485	0.27616	0.47029	0.32186	0.147789188003540	0.666666666666667	0.170859375000000	0
80000		0.47507	0.27619	0.47042	0.32186	0.147789188003540	0.666666666666667	0.170859375000000	0
80500		0.47501	0.27577	0.47064	0.32188	0.147789188003540	0.666666666666667	0.170859375000000	0
81000		0.47496	0.27563	0.47065	0.32191	0.147789188003540	0.666666666666667	0.170859375000000	0
81500		0.47492	0.27564	0.47076	0.32197	0.147789188003540	0.666666666666667	0.170859375000000	0
82000		0.47518	0.27587	0.47087	0.32196	0.147789188003540	0.666666666666667	0.170859375000000	0
82500		0.47513	0.27588	0.47115	0.32193	0.147789188003540	0.666666666666667	0.170859375000000	0
83000		0.47531	0.27618	0.47109	0.32184	0.147789188003540	0.666666666666667	0.170859375000000	0
83500		0.47521	0.27613	0.47127	0.32183	0.147789188003540	0.666666666666667	0.170859375000000	0
84000		0.47544	0.27606	0.47132	0.32184	0.147789188003540	0.666666666666667	0.170859375000000	0
84500		0.47551	0.27629	0.47138	0.32179	0.147789188003540	0.666666666666667	0.170859375000000	0
85000		0.47545	0.27649	0.47146	0.32176	0.147789188003540	0.666666666666667	0.170859375000000	0
85500		0.47565	0.27655	0.47144	0.32172	0.147789188003540	0.666666666666667	0.170859375000000	0
86000		0.47560	0.27654	0.47135	0.32176	0.147789188003540	0.666666666666667	0.170859375000000	0
86500		0.47541	0.27667	0.47135	0.32171	0.147789188003540	0.666666666666667	0.170859375000000	0
87000		0.47547	0.27661	0.47164	0.32174	0.147789188003540	0.666666666666667	0.170859375000000	0
87500		0.47534	0.27652	0.47180	0.32179	0.147789188003540	0.666666666666667	0.170859375000000	0
88000		0.47566	0.27642	0.47170	0.32174	0.147789188003540	0.666666666666667	0.170859375000000	0
88500		0.47558	0.27643	0.47185	0.32175	0.147789188003540	0.666666666666667	0.170859375000000	0
89000		0.47561	0.27650	0.47168	0.32175	0.147789188003540	0.666666666666667	0.170859375000000	0
89500		0.47553	0.27660	0.47167	0.32172	0.147789188003540	0.666666666666667	0.170859375000000	0
90000		0.47563	0.27692	0.47169	0.32168	0.147789188003540	0.666666666666667	0.170859375000000	0
90500		0.47561	0.27692	0.47170	0.32160	0.147789188003540	0.666666666666667	0.170859375000000	0
91000		0.47571	0.27688	0.47138	0.32163	0.147789188003540	0.666666666666667	0.170859375000000	0
91500		0.47566	0.27699	0.47155	0.32161	0.147789188003540	0.666666666666667	0.170859375000000	0
92000		0.47558	0.27719	0.47162	0.32165	0.147789188003540	0.666666666666667	0.170859375000000	0
92500		0.47563	0.27687	0.47175	0.32168	0.147789188003540	0.666666666666667	0.170859375000000	0
93000		0.47579	0.27684	0.47183	0.32169	0.147789188003540	0.666666666666667	0.170859375000000	0
93500		0.47602	0.27677	0.47168	0.32174	0.147789188003540	0.666666666666667	0.170859375000000	0
94000		0.47620	0.27696	0.47155	0.32171	0.147789188003540	0.666666666666667	0.170859375000000	0
94500		0.47618	0.27710	0.47162	0.32174	0.147789188003540	0.666666666666667	0.170859375000000	0
95000		0.47592	0.27713	0.47180	0.32176	0.147789188003540	0.666666666666667	0.170859375000000	0
95500		0.47597	0.27713	0.47193	0.32175	0.147789188003540	0.666666666666667	0.170859375000000	0
96000		0.47618	0.27717	0.47195	0.32176	0.147789188003540	0.666666666666667	0.170859375000000	0
96500		0.47639	0.27707	0.47167	0.32172	0.147789188003540	0.666666666666667	0.170859375000000	0
97000		0.47647	0.27720	0.47168	0.32173	0.147789188003540	0.666666666666667	0.170859375000000	0
97500		0.47626	0.27709	0.47197	0.32173	0.147789188003540	0.666666666666667	0.170859375000000	0
98000		0.47627	0.27696	0.47203	0.32180	0.147789188003540	0.666666666666667	0.170859375000000	0
98500		0.47617	0.27685	0.47211	0.32187	0.147789188003540	0.666666666666667	0.170859375000000	0
99000		0.47618	0.27667	0.47214	0.32198	0.147789188003540	0.666666666666667	0.170859375000000	0
99500		0.47635	0.27671	0.47221	0.32204	0.147789188003540	0.666666666666667	0.170859375000000	0
100000		0.47659	0.27679	0.47234	0.32203	0.147789188003540	0.666666666666667	0.170859375000000	0