step	p_accept_mu1	p_accept_gamma	p_accept_pi	p_accept_Tinf	sigma_mu1	sigma_gamma	sigma_pi	n_like_zero
1		1.00000	1.00000	1.00000	1.00000	0.000100000000000	1.000000000000000	0.010000000000000	0
500		0.98998	0.15631	1.00000	0.32223	0.000100000000000	1.000000000000000	0.010000000000000	0
1000		0.99800	0.24400	0.90400	0.30846	0.000150000000000	0.666666666666667	0.015000000000000	0
1500		0.98600	0.35600	0.82000	0.30199	0.000225000000000	0.444444444444444	0.022500000000000	0
2000		0.97400	0.35700	0.75800	0.29795	0.000337500000000	0.444444444444444	0.033750000000000	0
2500		0.98000	0.35400	0.64200	0.29552	0.000506250000000	0.444444444444444	0.050625000000000	0
3000		0.97200	0.34800	0.54200	0.29362	0.000759375000000	0.444444444444444	0.075937500000000	0
3500		0.95000	0.34480	0.39400	0.29255	0.001139062500000	0.444444444444444	0.113906250000000	0
4000		0.92600	0.34967	0.39000	0.29229	0.001708593750000	0.444444444444444	0.113906250000000	0
4500		0.88000	0.34857	0.39467	0.29174	0.002562890625000	0.444444444444444	0.113906250000000	0
5000		0.85800	0.34850	0.40950	0.29206	0.003844335937500	0.444444444444444	0.113906250000000	0
5500		0.84800	0.35311	0.39360	0.29208	0.005766503906250	0.444444444444444	0.113906250000000	0
6000		0.82800	0.35060	0.38667	0.29197	0.008649755859375	0.444444444444444	0.113906250000000	0
6500		0.86800	0.34655	0.38000	0.29146	0.012974633789063	0.444444444444444	0.113906250000000	0
7000		0.86600	0.34717	0.37700	0.29066	0.019461950683594	0.444444444444444	0.113906250000000	0
7500		0.78200	0.34538	0.36978	0.29063	0.029192926025391	0.444444444444444	0.113906250000000	0
8000		0.76600	0.34614	0.36700	0.29027	0.043789389038086	0.444444444444444	0.113906250000000	0
8500		0.62000	0.34413	0.36491	0.29018	0.065684083557129	0.444444444444444	0.113906250000000	0
9000		0.49000	0.34087	0.36250	0.29005	0.098526125335693	0.444444444444444	0.113906250000000	0
9500		0.51700	0.34000	0.36092	0.29023	0.098526125335693	0.444444444444444	0.113906250000000	0
10000		0.51267	0.33811	0.36014	0.29030	0.098526125335693	0.444444444444444	0.113906250000000	0
10500		0.52850	0.33505	0.35827	0.28993	0.098526125335693	0.444444444444444	0.113906250000000	0
11000		0.53320	0.33460	0.35950	0.28955	0.098526125335693	0.444444444444444	0.113906250000000	0
11500		0.52733	0.33381	0.35812	0.28960	0.098526125335693	0.444444444444444	0.113906250000000	0
12000		0.52514	0.33345	0.35578	0.28942	0.098526125335693	0.444444444444444	0.113906250000000	0
12500		0.52250	0.33261	0.35621	0.28943	0.098526125335693	0.444444444444444	0.113906250000000	0
13000		0.52467	0.33183	0.35370	0.28946	0.098526125335693	0.444444444444444	0.113906250000000	0
13500		0.52800	0.33192	0.35457	0.28942	0.098526125335693	0.444444444444444	0.113906250000000	0
14000		0.52564	0.33069	0.35382	0.28936	0.098526125335693	0.444444444444444	0.113906250000000	0
14500		0.52667	0.33111	0.35209	0.28913	0.098526125335693	0.444444444444444	0.113906250000000	0
15000		0.52785	0.32943	0.35175	0.28897	0.098526125335693	0.444444444444444	0.113906250000000	0
15500		0.52957	0.32848	0.35240	0.28880	0.098526125335693	0.444444444444444	0.113906250000000	0
16000		0.52693	0.32793	0.35054	0.28876	0.098526125335693	0.444444444444444	0.113906250000000	0
16500		0.52300	0.32716	0.34956	0.28878	0.098526125335693	0.444444444444444	0.113906250000000	0
17000		0.52141	0.32825	0.34921	0.28873	0.098526125335693	0.444444444444444	0.113906250000000	0
17500		0.52222	0.32697	0.34848	0.28858	0.098526125335693	0.444444444444444	0.113906250000000	0
18000		0.52284	0.32629	0.34827	0.28843	0.098526125335693	0.444444444444444	0.113906250000000	0
18500		0.52380	0.32594	0.34806	0.28833	0.098526125335693	0.444444444444444	0.113906250000000	0
19000		0.52267	0.32633	0.34756	0.28830	0.098526125335693	0.444444444444444	0.113906250000000	0
19500		0.52236	0.32568	0.34794	0.28817	0.098526125335693	0.444444444444444	0.113906250000000	0
20000		0.52339	0.32626	0.34788	0.28804	0.098526125335693	0.444444444444444	0.113906250000000	0
20500		0.52150	0.32585	0.34811	0.28800	0.098526125335693	0.444444444444444	0.113906250000000	0
21000		0.52064	0.32630	0.34744	0.28801	0.098526125335693	0.444444444444444	0.113906250000000	0
21500		0.52085	0.32620	0.34681	0.28797	0.098526125335693	0.444444444444444	0.113906250000000	0
22000		0.52141	0.32648	0.34679	0.28786	0.098526125335693	0.444444444444444	0.113906250000000	0
22500		0.52171	0.32581	0.34610	0.28786	0.098526125335693	0.444444444444444	0.113906250000000	0
23000		0.52310	0.32682	0.34570	0.28781	0.098526125335693	0.444444444444444	0.113906250000000	0
23500		0.52460	0.32667	0.34561	0.28791	0.098526125335693	0.444444444444444	0.113906250000000	0
24000		0.52316	0.32717	0.34629	0.28783	0.098526125335693	0.444444444444444	0.113906250000000	0
24500		0.52275	0.32643	0.34628	0.28797	0.098526125335693	0.444444444444444	0.113906250000000	0
25000		0.52412	0.32696	0.34659	0.28780	0.098526125335693	0.444444444444444	0.113906250000000	0
25500		0.52412	0.32727	0.34556	0.28769	0.098526125335693	0.444444444444444	0.113906250000000	0
26000		0.52480	0.32700	0.34574	0.28771	0.098526125335693	0.444444444444444	0.113906250000000	0
26500		0.52483	0.32675	0.34557	0.28768	0.098526125335693	0.444444444444444	0.113906250000000	0
27000		0.52443	0.32654	0.34533	0.28770	0.098526125335693	0.444444444444444	0.113906250000000	0
27500		0.52426	0.32694	0.34478	0.28775	0.098526125335693	0.444444444444444	0.113906250000000	0
28000		0.52405	0.32652	0.34440	0.28768	0.098526125335693	0.444444444444444	0.113906250000000	0
28500		0.52485	0.32691	0.34412	0.28761	0.098526125335693	0.444444444444444	0.113906250000000	0
29000		0.52468	0.32650	0.34442	0.28768	0.098526125335693	0.444444444444444	0.113906250000000	0
29500		0.52476	0.32677	0.34457	0.28770	0.098526125335693	0.444444444444444	0.113906250000000	0
30000		0.52567	0.32655	0.34415	0.28768	0.098526125335693	0.444444444444444	0.113906250000000	0
30500		0.52618	0.32658	0.34393	0.28766	0.098526125335693	0.444444444444444	0.113906250000000	0
31000		0.52564	0.32637	0.34368	0.28766	0.098526125335693	0.444444444444444	0.113906250000000	0
31500		0.52504	0.32616	0.34323	0.28764	0.098526125335693	0.444444444444444	0.113906250000000	0
32000		0.52562	0.32655	0.34317	0.28763	0.098526125335693	0.444444444444444	0.113906250000000	0
32500		0.52492	0.32651	0.34315	0.28762	0.098526125335693	0.444444444444444	0.113906250000000	0
33000		0.52522	0.32691	0.34277	0.28762	0.098526125335693	0.444444444444444	0.113906250000000	0
33500		0.52512	0.32729	0.34252	0.28753	0.098526125335693	0.444444444444444	0.113906250000000	0
34000		0.52549	0.32700	0.34287	0.28744	0.098526125335693	0.444444444444444	0.113906250000000	0
34500		0.52504	0.32675	0.34273	0.28747	0.098526125335693	0.444444444444444	0.113906250000000	0
35000		0.52540	0.32700	0.34244	0.28748	0.098526125335693	0.444444444444444	0.113906250000000	0
35500		0.52648	0.32701	0.34237	0.28744	0.098526125335693	0.444444444444444	0.113906250000000	0
36000		0.52756	0.32760	0.34191	0.28748	0.098526125335693	0.444444444444444	0.113906250000000	0
36500		0.52786	0.32763	0.34149	0.28749	0.098526125335693	0.444444444444444	0.113906250000000	0
37000		0.52789	0.32747	0.34129	0.28744	0.098526125335693	0.444444444444444	0.113906250000000	0
37500		0.52790	0.32756	0.34101	0.28743	0.098526125335693	0.444444444444444	0.113906250000000	0
38000		0.52783	0.32770	0.34103	0.28743	0.098526125335693	0.444444444444444	0.113906250000000	0
38500		0.52777	0.32797	0.34110	0.28740	0.098526125335693	0.444444444444444	0.113906250000000	0
39000		0.52761	0.32784	0.34106	0.28746	0.098526125335693	0.444444444444444	0.113906250000000	0
39500		0.52761	0.32784	0.34063	0.28743	0.098526125335693	0.444444444444444	0.113906250000000	0
40000		0.52759	0.32751	0.34054	0.28743	0.098526125335693	0.444444444444444	0.113906250000000	0
40500		0.52697	0.32767	0.34053	0.28741	0.098526125335693	0.444444444444444	0.113906250000000	0
41000		0.52751	0.32767	0.34011	0.28735	0.098526125335693	0.444444444444444	0.113906250000000	0
41500		0.52703	0.32827	0.34003	0.28736	0.098526125335693	0.444444444444444	0.113906250000000	0
42000		0.52773	0.32793	0.34013	0.28738	0.098526125335693	0.444444444444444	0.113906250000000	0
42500		0.52759	0.32798	0.34025	0.28735	0.098526125335693	0.444444444444444	0.113906250000000	0
43000		0.52742	0.32802	0.34063	0.28732	0.098526125335693	0.444444444444444	0.113906250000000	0
43500		0.52831	0.32819	0.34077	0.28726	0.098526125335693	0.444444444444444	0.113906250000000	0
44000		0.52854	0.32823	0.34056	0.28725	0.098526125335693	0.444444444444444	0.113906250000000	0
44500		0.52875	0.32828	0.34022	0.28720	0.098526125335693	0.444444444444444	0.113906250000000	0
45000		0.52940	0.32866	0.33986	0.28720	0.098526125335693	0.444444444444444	0.113906250000000	0
45500		0.52897	0.32834	0.33998	0.28721	0.098526125335693	0.444444444444444	0.113906250000000	0
46000		0.52923	0.32840	0.34023	0.28716	0.098526125335693	0.444444444444444	0.113906250000000	0
46500		0.52868	0.32859	0.34002	0.28722	0.098526125335693	0.444444444444444	0.113906250000000	0
47000		0.52891	0.32859	0.33995	0.28725	0.098526125335693	0.444444444444444	0.113906250000000	0
47500		0.52933	0.32895	0.34011	0.28721	0.098526125335693	0.444444444444444	0.113906250000000	0
48000		0.52927	0.32934	0.34004	0.28722	0.098526125335693	0.444444444444444	0.113906250000000	0
48500		0.52960	0.32939	0.33941	0.28718	0.098526125335693	0.444444444444444	0.113906250000000	0
49000		0.52958	0.32965	0.33915	0.28720	0.098526125335693	0.444444444444444	0.113906250000000	0
49500		0.52937	0.32926	0.33912	0.28724	0.098526125335693	0.444444444444444	0.113906250000000	0
50000		0.52983	0.32908	0.33906	0.28720	0.098526125335693	0.444444444444444	0.113906250000000	0
50500		0.53033	0.32895	0.33926	0.28719	0.098526125335693	0.444444444444444	0.113906250000000	0
51000		0.53009	0.32902	0.33942	0.28719	0.098526125335693	0.444444444444444	0.113906250000000	0
51500		0.52998	0.32887	0.33957	0.28715	0.098526125335693	0.444444444444444	0.113906250000000	0
52000		0.53014	0.32882	0.33939	0.28711	0.098526125335693	0.444444444444444	0.113906250000000	0
52500		0.53055	0.32849	0.33915	0.28711	0.098526125335693	0.444444444444444	0.113906250000000	0
53000		0.53007	0.32888	0.33942	0.28711	0.098526125335693	0.444444444444444	0.113906250000000	0
53500		0.53031	0.32890	0.33962	0.28706	0.098526125335693	0.444444444444444	0.113906250000000	0
54000		0.53042	0.32911	0.33929	0.28703	0.098526125335693	0.444444444444444	0.113906250000000	0
54500		0.52985	0.32914	0.33917	0.28701	0.098526125335693	0.444444444444444	0.113906250000000	0
55000		0.52933	0.32915	0.33944	0.28698	0.098526125335693	0.444444444444444	0.113906250000000	0
55500		0.52974	0.32934	0.33909	0.28701	0.098526125335693	0.444444444444444	0.113906250000000	0
56000		0.53013	0.32944	0.33940	0.28702	0.098526125335693	0.444444444444444	0.113906250000000	0
56500		0.52992	0.32960	0.33979	0.28707	0.098526125335693	0.444444444444444	0.113906250000000	0
57000		0.52977	0.32950	0.34002	0.28707	0.098526125335693	0.444444444444444	0.113906250000000	0
57500		0.52978	0.32952	0.33985	0.28706	0.098526125335693	0.444444444444444	0.113906250000000	0
58000		0.52919	0.32933	0.33964	0.28702	0.098526125335693	0.444444444444444	0.113906250000000	0
58500		0.52938	0.32951	0.33950	0.28703	0.098526125335693	0.444444444444444	0.113906250000000	0
59000		0.52927	0.32962	0.33939	0.28699	0.098526125335693	0.444444444444444	0.113906250000000	0
59500		0.52908	0.32923	0.33924	0.28703	0.098526125335693	0.444444444444444	0.113906250000000	0
60000		0.52903	0.32927	0.33939	0.28699	0.098526125335693	0.444444444444444	0.113906250000000	0
60500		0.52952	0.32933	0.33967	0.28698	0.098526125335693	0.444444444444444	0.113906250000000	0
61000		0.52937	0.32898	0.33997	0.28699	0.098526125335693	0.444444444444444	0.113906250000000	0
61500		0.52906	0.32869	0.33978	0.28699	0.098526125335693	0.444444444444444	0.113906250000000	0
62000		0.52910	0.32918	0.33914	0.28695	0.098526125335693	0.444444444444444	0.113906250000000	0
62500		0.52913	0.32899	0.33884	0.28694	0.098526125335693	0.444444444444444	0.113906250000000	0
63000		0.52899	0.32884	0.33885	0.28695	0.098526125335693	0.444444444444444	0.113906250000000	0
63500		0.52891	0.32896	0.33855	0.28696	0.098526125335693	0.444444444444444	0.113906250000000	0
64000		0.52863	0.32890	0.33866	0.28694	0.098526125335693	0.444444444444444	0.113906250000000	0
64500		0.52841	0.32901	0.33846	0.28688	0.098526125335693	0.444444444444444	0.113906250000000	0
65000		0.52842	0.32902	0.33824	0.28690	0.098526125335693	0.444444444444444	0.113906250000000	0
65500		0.52819	0.32890	0.33795	0.28685	0.098526125335693	0.444444444444444	0.113906250000000	0
66000		0.52809	0.32891	0.33787	0.28684	0.098526125335693	0.444444444444444	0.113906250000000	0
66500		0.52834	0.32864	0.33791	0.28683	0.098526125335693	0.444444444444444	0.113906250000000	0
67000		0.52817	0.32879	0.33797	0.28681	0.098526125335693	0.444444444444444	0.113906250000000	0
67500		0.52827	0.32865	0.33817	0.28681	0.098526125335693	0.444444444444444	0.113906250000000	0
68000		0.52837	0.32879	0.33811	0.28681	0.098526125335693	0.444444444444444	0.113906250000000	0
68500		0.52843	0.32874	0.33780	0.28679	0.098526125335693	0.444444444444444	0.113906250000000	0
69000		0.52846	0.32863	0.33785	0.28678	0.098526125335693	0.444444444444444	0.113906250000000	0
69500		0.52862	0.32857	0.33767	0.28677	0.098526125335693	0.444444444444444	0.113906250000000	0
70000		0.52865	0.32836	0.33787	0.28674	0.098526125335693	0.444444444444444	0.113906250000000	0
70500		0.52869	0.32842	0.33801	0.28674	0.098526125335693	0.444444444444444	0.113906250000000	0
71000		0.52866	0.32817	0.33809	0.28676	0.098526125335693	0.444444444444444	0.113906250000000	0
71500		0.52883	0.32820	0.33809	0.28672	0.098526125335693	0.444444444444444	0.113906250000000	0
72000		0.52921	0.32859	0.33804	0.28671	0.098526125335693	0.444444444444444	0.113906250000000	0
72500		0.52933	0.32860	0.33790	0.28673	0.098526125335693	0.444444444444444	0.113906250000000	0
73000		0.52953	0.32879	0.33797	0.28667	0.098526125335693	0.444444444444444	0.113906250000000	0
73500		0.52977	0.32873	0.33774	0.28664	0.098526125335693	0.444444444444444	0.113906250000000	0
74000		0.52994	0.32873	0.33775	0.28661	0.098526125335693	0.444444444444444	0.113906250000000	0
74500		0.53000	0.32859	0.33780	0.28655	0.098526125335693	0.444444444444444	0.113906250000000	0
75000		0.52991	0.32839	0.33789	0.28654	0.098526125335693	0.444444444444444	0.113906250000000	0
75500		0.52970	0.32858	0.33821	0.28653	0.098526125335693	0.444444444444444	0.113906250000000	0
76000		0.52956	0.32835	0.33836	0.28653	0.098526125335693	0.444444444444444	0.113906250000000	0
76500		0.52935	0.32838	0.33830	0.28656	0.098526125335693	0.444444444444444	0.113906250000000	0
77000		0.52945	0.32832	0.33815	0.28655	0.098526125335693	0.444444444444444	0.113906250000000	0
77500		0.52948	0.32843	0.33801	0.28656	0.098526125335693	0.444444444444444	0.113906250000000	0
78000		0.52961	0.32840	0.33796	0.28655	0.098526125335693	0.444444444444444	0.113906250000000	0
78500		0.52923	0.32830	0.33825	0.28653	0.098526125335693	0.444444444444444	0.113906250000000	0
79000		0.52925	0.32823	0.33832	0.28649	0.098526125335693	0.444444444444444	0.113906250000000	0
79500		0.52931	0.32822	0.33816	0.28651	0.098526125335693	0.444444444444444	0.113906250000000	0
80000		0.52937	0.32823	0.33827	0.28647	0.098526125335693	0.444444444444444	0.113906250000000	0
80500		0.52915	0.32836	0.33853	0.28650	0.098526125335693	0.444444444444444	0.113906250000000	0
81000		0.52924	0.32836	0.33838	0.28651	0.098526125335693	0.444444444444444	0.113906250000000	0
81500		0.52927	0.32851	0.33825	0.28649	0.098526125335693	0.444444444444444	0.113906250000000	0
82000		0.52936	0.32838	0.33816	0.28651	0.098526125335693	0.444444444444444	0.113906250000000	0
82500		0.52936	0.32834	0.33810	0.28653	0.098526125335693	0.444444444444444	0.113906250000000	0
83000		0.52928	0.32839	0.33835	0.28654	0.098526125335693	0.444444444444444	0.113906250000000	0
83500		0.52908	0.32869	0.33821	0.28653	0.098526125335693	0.444444444444444	0.113906250000000	0
84000		0.52895	0.32880	0.33844	0.28652	0.098526125335693	0.444444444444444	0.113906250000000	0
84500		0.52878	0.32881	0.33847	0.28650	0.098526125335693	0.444444444444444	0.113906250000000	0
85000		0.52889	0.32904	0.33854	0.28650	0.098526125335693	0.444444444444444	0.113906250000000	0
85500		0.52913	0.32922	0.33841	0.28647	0.098526125335693	0.444444444444444	0.113906250000000	0
86000		0.52899	0.32919	0.33836	0.28644	0.098526125335693	0.444444444444444	0.113906250000000	0
86500		0.52912	0.32942	0.33826	0.28643	0.098526125335693	0.444444444444444	0.113906250000000	0
87000		0.52898	0.32958	0.33830	0.28645	0.098526125335693	0.444444444444444	0.113906250000000	0
87500		0.52925	0.32938	0.33844	0.28645	0.098526125335693	0.444444444444444	0.113906250000000	0
88000		0.52902	0.32932	0.33835	0.28647	0.098526125335693	0.444444444444444	0.113906250000000	0
88500		0.52910	0.32931	0.33836	0.28648	0.098526125335693	0.444444444444444	0.113906250000000	0
89000		0.52922	0.32924	0.33821	0.28649	0.098526125335693	0.444444444444444	0.113906250000000	0
89500		0.52942	0.32925	0.33798	0.28641	0.098526125335693	0.444444444444444	0.113906250000000	0
90000		0.52952	0.32916	0.33816	0.28641	0.098526125335693	0.444444444444444	0.113906250000000	0
90500		0.52950	0.32928	0.33825	0.28643	0.098526125335693	0.444444444444444	0.113906250000000	0
91000		0.52962	0.32956	0.33807	0.28644	0.098526125335693	0.444444444444444	0.113906250000000	0
91500		0.52958	0.32970	0.33784	0.28643	0.098526125335693	0.444444444444444	0.113906250000000	0
92000		0.52981	0.32985	0.33775	0.28639	0.098526125335693	0.444444444444444	0.113906250000000	0
92500		0.52971	0.32980	0.33774	0.28642	0.098526125335693	0.444444444444444	0.113906250000000	0
93000		0.52987	0.32967	0.33757	0.28640	0.098526125335693	0.444444444444444	0.113906250000000	0
93500		0.52999	0.32964	0.33756	0.28640	0.098526125335693	0.444444444444444	0.113906250000000	0
94000		0.53028	0.32976	0.33760	0.28639	0.098526125335693	0.444444444444444	0.113906250000000	0
94500		0.53038	0.32957	0.33753	0.28638	0.098526125335693	0.444444444444444	0.113906250000000	0
95000		0.53023	0.32964	0.33761	0.28639	0.098526125335693	0.444444444444444	0.113906250000000	0
95500		0.53043	0.32970	0.33758	0.28639	0.098526125335693	0.444444444444444	0.113906250000000	0
96000		0.53051	0.32991	0.33765	0.28639	0.098526125335693	0.444444444444444	0.113906250000000	0
96500		0.53074	0.32992	0.33754	0.28636	0.098526125335693	0.444444444444444	0.113906250000000	0
97000		0.53069	0.33006	0.33750	0.28633	0.098526125335693	0.444444444444444	0.113906250000000	0
97500		0.53055	0.33003	0.33737	0.28631	0.098526125335693	0.444444444444444	0.113906250000000	0
98000		0.53068	0.33004	0.33751	0.28627	0.098526125335693	0.444444444444444	0.113906250000000	0
98500		0.53057	0.33001	0.33766	0.28624	0.098526125335693	0.444444444444444	0.113906250000000	0
99000		0.53056	0.32992	0.33781	0.28624	0.098526125335693	0.444444444444444	0.113906250000000	0
99500		0.53070	0.33015	0.33781	0.28627	0.098526125335693	0.444444444444444	0.113906250000000	0
100000		0.53075	0.33020	0.33775	0.28627	0.098526125335693	0.444444444444444	0.113906250000000	0