step	post	like	prior	mu1	mu2	gamma	pi	Tinf_1	Tinf_2	Tinf_3	Tinf_4	Tinf_5	Tinf_6	Tinf_7	Tinf_8	Tinf_9	Tinf_10	Tinf_11	Tinf_12	Tinf_13	Tinf_14	Tinf_15	Tinf_16	Tinf_17	Tinf_18	Tinf_19	Tinf_20	Tinf_21	Tinf_22	Tinf_23	Tinf_24	Tinf_25	Tinf_26	Tinf_27	Tinf_28	Tinf_29	Tinf_30	Tinf_31	Tinf_32	Tinf_33	Tinf_34	Tinf_35	Tinf_36	Tinf_37	alpha_1	alpha_2	alpha_3	alpha_4	alpha_5	alpha_6	alpha_7	alpha_8	alpha_9	alpha_10	alpha_11	alpha_12	alpha_13	alpha_14	alpha_15	alpha_16	alpha_17	alpha_18	alpha_19	alpha_20	alpha_21	alpha_22	alpha_23	alpha_24	alpha_25	alpha_26	alpha_27	alpha_28	alpha_29	alpha_30	alpha_31	alpha_32	alpha_33	alpha_34	alpha_35	alpha_36	alpha_37	kappa_1	kappa_2	kappa_3	kappa_4	kappa_5	kappa_6	kappa_7	kappa_8	kappa_9	kappa_10	kappa_11	kappa_12	kappa_13	kappa_14	kappa_15	kappa_16	kappa_17	kappa_18	kappa_19	kappa_20	kappa_21	kappa_22	kappa_23	kappa_24	kappa_25	kappa_26	kappa_27	kappa_28	kappa_29	kappa_30	kappa_31	kappa_32	kappa_33	kappa_34	kappa_35	kappa_36	kappa_37
1	-737.675972236703160	-744.531460187662560	6.855487950959373	0.000080000000000	0.000020000000000	0.250000000000000	0.720413798114578	0	3	3	5	5	6	4	6	7	7	8	8	7	8	7	7	9	8	9	9	9	9	9	10	11	12	10	12	13	11	12	14	14	14	13	15	17	0	1	1	1	1	1	1	1	1	1	1	1	1	1	1	1	1	1	1	1	1	1	1	1	1	1	1	1	1	1	1	1	1	1	1	1	1	1	2	2	3	3	3	2	3	4	4	4	4	4	4	4	4	5	4	5	5	5	5	5	5	6	6	5	6	7	6	6	7	7	7	7	8	9
500	-196.618295532441493	-203.473783483400865	6.855487950959373	0.000080000000000	0.000020000000000	0.250000000000000	0.424498305372906	0	2	3	4	6	5	4	6	6	6	8	8	7	8	7	7	10	7	10	9	10	10	9	11	12	12	10	13	14	12	11	13	14	14	14	15	18	0	1	2	2	4	3	0	3	4	7	15	16	5	6	6	6	9	10	18	9	16	23	15	22	12	15	5	21	25	23	5	21	21	22	31	32	32	1	1	1	1	1	1	1	1	1	1	1	1	1	2	1	1	2	1	1	2	2	1	2	1	1	3	2	1	1	2	4	2	2	3	2	1	2
1000	-167.431710505591496	-174.287198456550868	6.855487950959373	0.000080000000000	0.000020000000000	0.250000000000000	0.873394023270221	0	2	4	5	5	6	3	6	7	6	8	9	7	7	7	7	8	8	8	9	10	8	9	10	8	12	10	11	12	12	12	14	15	14	13	15	17	0	1	2	2	2	3	0	3	4	7	15	22	5	8	8	8	9	10	10	5	22	16	15	22	16	23	13	21	22	23	27	21	24	29	31	28	36	1	1	1	1	2	1	1	1	1	2	1	1	1	1	1	1	1	1	1	1	1	1	1	1	1	2	2	1	2	1	1	2	2	1	1	2	1
1500	-162.731061425691678	-169.586549376651050	6.855487950959373	0.000080000000000	0.000020000000000	0.250000000000000	0.689861953355267	0	2	4	5	5	6	4	7	6	7	9	8	7	7	8	7	10	9	9	9	10	9	9	11	11	12	10	12	13	11	13	14	15	14	12	15	17	0	1	2	3	3	3	0	6	4	7	15	16	5	6	9	6	9	10	10	13	16	16	4	22	22	15	20	21	22	11	20	28	34	22	27	28	36	1	1	1	1	1	1	1	1	1	1	1	1	1	1	1	1	2	1	1	1	1	1	2	1	1	2	1	1	1	1	2	2	1	3	2	1	1
2000	-166.735058599855449	-173.590546550814821	6.855487950959373	0.000080000000000	0.000020000000000	0.250000000000000	0.860224652378977	1	2	3	5	4	6	4	5	8	6	8	9	6	8	7	7	9	8	10	9	10	9	10	11	10	13	11	11	13	11	12	13	14	14	13	15	18	0	1	2	2	2	8	0	3	4	7	15	16	5	6	6	6	9	10	18	13	16	16	15	12	16	23	20	21	22	15	20	28	12	22	27	32	36	1	1	1	1	1	1	1	1	1	1	1	2	1	1	1	1	1	1	1	1	2	1	2	1	2	1	1	1	1	2	2	1	2	2	1	1	2
2500	-168.991844721558863	-175.847332672518235	6.855487950959373	0.000080000000000	0.000020000000000	0.250000000000000	0.848914105347055	0	3	4	4	5	6	4	5	7	8	9	6	7	8	7	7	9	7	10	7	10	9	10	9	11	12	9	12	12	11	12	13	14	14	13	14	17	0	1	2	2	2	8	0	3	4	18	15	8	5	6	6	12	9	7	10	5	22	16	15	16	22	11	20	21	16	11	13	21	32	29	31	29	36	1	1	1	1	1	1	1	1	1	1	1	1	1	1	1	1	2	2	1	1	1	1	2	1	1	2	1	1	2	2	2	1	1	2	1	1	2
3000	-170.509479656004885	-177.364967606964257	6.855487950959373	0.000080000000000	0.000020000000000	0.250000000000000	0.738436337587488	0	2	3	5	6	5	5	7	7	7	9	9	7	8	7	8	9	9	9	9	10	10	8	9	12	12	9	11	13	12	12	14	15	14	12	15	16	0	1	2	2	6	3	0	6	4	7	23	16	4	6	6	6	9	10	10	5	16	16	15	16	22	15	13	22	16	23	27	21	29	29	27	21	36	1	1	1	2	1	1	1	1	1	1	1	1	1	1	1	1	2	1	1	2	1	2	1	1	1	2	1	1	2	2	2	2	1	1	2	2	1
3500	-163.904039142184700	-170.759527093144072	6.855487950959373	0.000080000000000	0.000020000000000	0.250000000000000	0.873266038024543	1	3	4	5	6	6	5	6	6	7	8	9	7	8	7	8	9	8	9	10	9	9	10	10	11	12	9	13	13	10	13	13	15	13	14	16	18	0	1	2	2	4	3	0	3	3	7	15	16	3	6	6	8	5	10	10	13	16	16	15	16	16	23	13	22	25	11	27	21	28	21	27	32	36	1	1	1	1	1	1	1	1	1	1	1	1	1	1	1	1	2	1	1	2	1	1	1	1	1	1	1	2	1	1	2	2	2	1	2	1	1
4000	-170.127739673444978	-176.983227624404350	6.855487950959373	0.000080000000000	0.000020000000000	0.250000000000000	0.784962341031749	-2	2	4	3	4	6	4	5	7	7	8	9	8	8	8	7	10	8	9	7	9	9	9	10	11	12	10	11	13	10	13	13	15	15	13	15	18	0	1	4	2	4	8	0	3	4	7	8	16	20	6	8	6	15	10	10	5	16	16	11	22	22	23	13	21	25	15	27	28	32	29	27	28	36	1	1	1	1	1	1	1	1	1	2	1	1	1	1	2	1	1	1	1	2	1	1	1	1	1	1	1	1	1	1	2	1	1	1	2	2	2
4500	-161.168536401143967	-168.024024352103339	6.855487950959373	0.000080000000000	0.000020000000000	0.250000000000000	0.691912736878017	0	3	4	5	6	7	4	6	7	7	9	7	8	8	8	7	10	6	9	10	9	9	9	11	11	11	11	12	13	11	12	14	13	14	13	16	17	0	1	2	2	2	8	0	3	4	18	15	8	5	8	8	8	9	7	10	5	16	16	15	16	16	15	4	21	25	11	20	33	25	29	31	28	36	1	1	1	1	1	1	1	1	1	1	1	1	1	1	1	1	2	1	1	2	1	1	1	2	2	1	3	2	1	1	1	1	1	1	1	2	1
5000	-173.190385588730152	-180.045873539689524	6.855487950959373	0.000080000000000	0.000020000000000	0.250000000000000	0.750421560649395	1	4	3	5	6	6	3	5	8	6	9	9	7	8	7	7	8	8	10	9	9	8	9	10	11	12	10	11	13	12	12	15	14	14	13	14	17	0	3	1	2	2	8	0	3	4	7	15	16	5	6	8	3	2	10	10	5	16	16	15	22	22	23	13	21	22	11	27	28	29	25	27	28	32	1	1	1	1	1	1	1	1	2	1	1	1	1	2	1	2	1	1	2	2	2	1	1	1	1	2	1	1	2	2	1	2	1	2	1	1	1
5500	-182.370193093526723	-189.225681044486095	6.855487950959373	0.000080000000000	0.000020000000000	0.250000000000000	0.686006916670738	1	3	4	5	6	6	4	7	7	7	9	9	8	9	7	7	9	8	9	7	10	9	10	11	11	11	8	12	14	11	13	13	12	14	14	16	17	0	1	2	1	2	3	0	6	2	7	15	16	5	8	4	4	9	7	10	5	16	16	11	16	16	15	6	25	22	11	13	21	21	22	20	32	32	1	1	1	3	1	1	1	1	2	2	1	1	1	1	1	1	1	2	1	1	1	1	1	2	2	1	1	1	2	1	2	2	1	2	3	2	2
6000	-201.930557452485573	-208.786045403444945	6.855487950959373	0.000080000000000	0.000020000000000	0.250000000000000	0.619076924564398	0	2	3	5	6	6	4	7	7	6	7	9	5	9	8	8	10	8	10	8	10	9	10	10	11	13	10	12	13	9	12	14	15	15	13	15	17	0	1	2	2	13	3	0	3	2	7	6	16	2	8	11	6	9	10	10	3	16	16	15	20	12	15	6	21	22	9	6	21	25	29	27	29	36	1	1	1	1	1	1	1	1	2	1	1	1	2	1	1	1	3	1	2	4	1	1	1	1	1	2	2	2	2	1	3	2	2	1	2	1	1
6500	-178.491606577023731	-185.347094527983103	6.855487950959373	0.000080000000000	0.000020000000000	0.250000000000000	0.859791893947086	1	2	4	4	6	7	5	6	7	7	8	8	6	9	7	7	8	9	10	7	10	9	8	10	11	12	10	12	13	11	12	14	14	14	12	16	18	0	1	2	2	2	8	0	3	2	7	15	16	4	9	8	8	5	10	10	13	16	16	15	22	22	23	5	21	16	15	6	28	28	29	20	32	36	1	1	1	1	2	1	1	1	2	2	1	1	1	1	1	1	1	1	1	1	2	1	1	1	1	2	2	1	2	2	3	1	1	1	3	1	1
7000	-168.941748317550008	-175.797236268509380	6.855487950959373	0.000080000000000	0.000020000000000	0.250000000000000	0.800569983625018	0	2	3	4	5	5	5	7	7	7	8	7	7	8	7	8	9	9	9	8	9	10	9	9	10	12	9	12	12	11	13	14	13	14	13	16	17	0	1	2	2	4	3	0	6	2	7	15	2	5	6	6	12	4	10	10	5	6	16	15	16	16	30	13	25	22	23	27	28	21	29	27	32	36	1	1	1	1	1	1	1	1	2	1	1	3	1	1	1	1	2	1	1	1	3	1	1	1	1	1	1	1	1	2	2	1	2	1	3	1	1
7500	-177.619602044189605	-184.475089995148977	6.855487950959373	0.000080000000000	0.000020000000000	0.250000000000000	0.806759418554839	0	3	3	2	6	6	3	4	5	6	9	6	7	9	7	8	10	9	7	9	10	10	9	10	12	12	10	12	14	10	11	14	14	14	12	16	17	0	4	4	1	2	8	0	3	2	7	15	8	2	6	6	12	5	10	10	13	16	16	15	16	22	14	13	21	16	11	27	28	28	28	31	32	36	1	1	1	1	2	1	1	1	1	1	2	1	2	2	1	1	1	1	1	1	1	1	1	1	1	2	1	2	2	1	1	1	1	1	1	1	1
8000	-180.884528305446111	-187.740016256405482	6.855487950959373	0.000080000000000	0.000020000000000	0.250000000000000	0.739901177818480	-1	3	4	5	5	5	4	7	8	7	8	8	8	7	7	7	10	6	10	9	10	9	9	9	11	11	10	12	11	11	11	15	14	14	13	16	17	0	1	2	2	2	3	0	6	4	18	15	16	5	6	6	6	9	7	10	5	22	16	11	16	22	15	13	21	22	23	20	33	28	22	27	34	34	1	1	1	1	2	1	1	1	1	1	1	1	1	1	1	2	1	1	1	2	1	1	1	1	1	2	2	1	1	1	1	1	1	1	2	1	1
8500	-163.051097559506047	-169.906585510465419	6.855487950959373	0.000080000000000	0.000020000000000	0.250000000000000	0.872726545812347	0	2	4	4	5	7	4	6	6	7	9	8	7	8	7	7	9	8	9	9	9	9	9	9	11	13	9	12	13	10	12	13	15	15	13	15	17	0	1	2	2	2	8	0	3	4	7	15	16	5	6	8	8	9	10	10	12	16	16	15	16	16	23	13	16	22	11	27	21	32	32	31	28	36	1	1	1	1	1	1	1	1	1	2	1	1	1	1	1	1	1	1	1	1	2	1	1	1	2	2	1	2	2	1	2	2	1	1	1	1	1
9000	-184.937313266016133	-191.792801216975505	6.855487950959373	0.000080000000000	0.000020000000000	0.250000000000000	0.629727810445821	-1	2	3	4	5	6	5	5	7	8	9	9	7	7	8	7	9	7	9	9	10	8	9	9	11	12	9	13	11	12	13	13	14	14	12	15	17	0	1	2	2	2	8	0	3	4	18	15	16	5	8	9	8	9	7	10	8	22	16	15	22	16	23	5	21	16	23	20	21	28	22	9	28	21	1	2	1	1	1	1	1	1	2	1	1	1	1	1	1	1	1	1	1	3	1	1	1	1	2	1	2	2	1	2	1	1	1	2	2	1	3
9500	-173.197270642374065	-180.052758593333436	6.855487950959373	0.000080000000000	0.000020000000000	0.250000000000000	0.765681321875152	-1	4	2	6	6	6	3	7	7	7	7	7	8	8	8	8	9	9	9	9	9	9	8	9	11	11	10	12	13	10	12	14	14	14	14	15	18	0	3	1	2	2	3	0	3	2	7	6	6	5	6	11	12	9	7	10	5	16	12	11	16	22	15	20	21	16	23	27	28	28	29	27	29	32	1	1	1	1	1	2	1	2	1	2	1	1	1	1	1	1	1	3	2	2	1	1	1	1	1	2	1	1	2	1	1	2	1	1	2	2	2
10000	-178.434417869899335	-185.289905820858706	6.855487950959373	0.000080000000000	0.000020000000000	0.250000000000000	0.662183932745663	1	3	4	5	6	6	5	6	6	7	9	8	7	9	7	7	9	8	9	8	9	9	8	9	11	12	11	12	13	10	13	14	15	13	12	15	18	0	1	2	2	2	3	0	2	2	7	6	16	5	6	6	6	9	7	10	13	16	16	15	16	11	8	20	21	22	23	27	21	29	22	13	28	36	1	2	1	1	2	1	1	1	2	1	2	1	1	2	1	1	1	2	1	1	1	1	1	1	1	3	1	1	2	1	1	3	1	2	2	1	1
10500	-192.929673535182019	-199.785161486141391	6.855487950959373	0.000080000000000	0.000020000000000	0.250000000000000	0.770118181772592	0	3	4	5	5	7	5	5	6	7	8	9	8	8	7	7	8	8	10	10	10	9	10	11	10	12	10	12	12	12	12	13	14	15	14	16	18	0	1	1	2	2	8	0	2	2	7	15	16	5	8	8	8	9	10	18	4	16	16	15	21	16	15	13	21	21	15	27	21	29	32	31	29	32	1	2	2	1	1	1	1	1	1	1	1	1	1	2	1	1	1	1	1	3	2	2	2	1	1	2	2	2	1	3	1	2	2	1	1	2	2
11000	-179.436747370594190	-186.292235321553562	6.855487950959373	0.000080000000000	0.000020000000000	0.250000000000000	0.810093129242318	1	4	3	5	6	5	4	5	7	7	7	6	8	8	8	7	10	7	9	9	9	10	10	11	10	12	11	12	13	12	12	15	14	14	14	16	17	0	3	1	2	2	3	0	3	4	7	8	8	5	8	11	12	20	7	18	2	16	16	15	16	16	15	20	21	21	11	20	28	28	29	27	28	32	1	1	1	1	1	2	1	1	1	2	1	1	1	2	1	1	1	1	1	2	1	2	1	2	2	2	1	2	2	3	2	1	1	1	2	1	1
11500	-169.918593749603957	-176.774081700563329	6.855487950959373	0.000080000000000	0.000020000000000	0.250000000000000	0.680143625143335	0	3	2	5	5	5	3	7	7	7	8	8	7	7	7	7	10	7	9	9	10	9	9	10	11	12	9	12	12	10	13	14	13	12	13	15	18	0	3	1	2	2	3	0	6	3	7	15	16	5	6	6	6	9	7	10	5	22	16	15	22	22	15	13	21	16	23	27	21	28	22	27	28	36	1	1	1	1	1	2	1	1	3	2	1	1	1	1	1	1	2	2	1	2	1	2	1	1	1	2	1	1	2	1	2	2	1	1	2	2	2
12000	-175.569053754388136	-182.424541705347508	6.855487950959373	0.000080000000000	0.000020000000000	0.250000000000000	0.688511072282751	0	3	2	5	5	5	4	6	7	7	8	9	4	8	7	7	9	6	9	9	10	9	9	9	10	11	11	12	13	12	13	13	14	15	14	16	17	0	3	1	2	13	3	0	6	4	7	15	16	2	8	6	6	2	7	10	9	16	16	15	16	16	15	20	21	22	15	27	21	21	29	27	32	36	1	1	1	1	1	1	1	1	1	1	1	1	1	2	1	1	3	2	1	1	1	1	1	1	1	2	1	1	2	2	2	2	2	1	2	2	1
12500	-152.239535211810647	-159.095023162770019	6.855487950959373	0.000080000000000	0.000020000000000	0.250000000000000	0.831832772407149	0	3	4	5	5	7	5	6	7	7	9	9	7	8	7	7	9	8	9	9	10	8	9	10	11	12	10	11	10	11	12	14	13	14	14	15	17	0	1	2	2	2	8	0	3	4	7	15	16	5	6	8	8	9	10	18	5	16	16	15	22	16	11	20	21	22	11	27	12	28	29	20	28	36	1	1	1	1	1	1	1	1	1	1	1	1	1	1	1	1	1	1	1	2	1	1	1	1	2	2	1	1	1	1	1	3	1	2	2	2	1
13000	-197.223525028580866	-204.079012979540238	6.855487950959373	0.000080000000000	0.000020000000000	0.250000000000000	0.765103916496939	0	2	3	5	4	6	4	5	8	6	8	8	7	9	7	7	9	8	9	8	10	10	8	10	12	12	9	13	13	11	13	14	15	14	13	15	17	0	1	2	2	1	8	0	3	2	7	15	16	5	4	8	6	9	10	10	4	4	16	15	16	16	11	20	16	22	23	27	21	28	24	27	21	28	1	2	1	2	2	1	1	1	2	1	1	1	2	1	1	1	1	2	2	2	2	2	1	2	3	2	1	3	2	2	2	2	1	2	2	2	2
13500	-167.926939055840734	-174.782427006800106	6.855487950959373	0.000080000000000	0.000020000000000	0.250000000000000	0.783683767229958	0	2	4	5	5	7	5	6	7	8	9	8	6	7	7	7	9	8	9	9	10	9	9	10	11	12	10	12	12	11	12	12	13	14	13	15	17	0	1	2	2	2	4	0	2	4	7	15	16	5	8	4	8	9	7	18	5	16	16	8	16	22	11	20	21	22	23	27	21	21	29	27	29	36	1	1	2	1	1	1	1	2	1	1	1	1	1	1	1	1	1	2	1	2	1	1	1	1	1	2	1	2	2	1	1	1	1	1	2	2	2
14000	-165.370281804405607	-172.225769755364979	6.855487950959373	0.000080000000000	0.000020000000000	0.250000000000000	0.766582883497191	0	2	4	6	5	5	4	6	7	7	8	9	7	9	7	7	9	9	9	9	9	9	9	10	12	11	9	12	13	10	11	13	14	14	14	15	18	0	1	2	3	2	3	0	6	2	7	15	16	5	8	6	6	9	10	10	5	16	16	11	12	22	15	13	21	22	11	27	21	29	29	27	32	36	1	1	1	1	1	1	1	1	2	2	1	1	1	1	1	1	2	1	2	2	1	1	1	1	1	2	1	2	2	1	2	2	1	1	3	1	2
14500	-177.809010845914742	-184.664498796874113	6.855487950959373	0.000080000000000	0.000020000000000	0.250000000000000	0.837344297830902	0	1	3	5	6	4	5	6	6	7	8	7	7	7	6	8	7	9	9	9	10	9	9	10	11	12	10	12	12	9	12	13	13	14	14	15	18	0	1	2	6	4	3	0	6	4	7	15	8	5	8	6	12	9	10	10	5	16	16	15	22	16	11	13	21	22	15	27	22	21	22	31	29	32	1	1	1	1	1	1	1	1	1	1	1	1	1	1	1	1	1	1	2	2	1	1	2	1	1	2	1	1	2	2	1	2	2	2	2	1	2
15000	-169.204199473992645	-176.059687424952017	6.855487950959373	0.000080000000000	0.000020000000000	0.250000000000000	0.737941748148567	-1	3	4	5	6	7	5	6	7	7	9	9	8	8	8	6	9	6	9	8	9	9	10	10	11	12	10	12	13	11	12	13	14	14	14	14	16	0	1	2	2	2	8	0	3	4	18	15	6	5	8	8	3	9	7	18	5	16	16	11	16	16	11	20	25	28	23	27	28	32	29	27	32	36	1	2	1	1	2	1	1	1	1	1	1	1	1	1	1	1	1	1	3	1	1	2	1	2	2	2	1	1	1	1	1	1	1	1	2	1	1
15500	-177.575875053317901	-184.431363004277273	6.855487950959373	0.000080000000000	0.000020000000000	0.250000000000000	0.625608624149643	0	2	3	5	5	5	4	7	6	6	9	9	7	8	8	7	8	8	9	9	10	9	10	9	12	13	10	12	13	11	10	14	13	14	13	15	18	0	1	2	2	2	3	0	6	4	7	8	16	5	6	8	6	4	10	18	5	22	16	15	16	16	11	20	21	22	15	20	21	21	22	31	28	36	1	1	1	2	1	1	1	1	1	1	1	1	1	2	1	2	1	2	1	3	1	1	1	1	2	2	1	1	2	1	1	2	2	3	2	2	2
16000	-159.549458363839562	-166.404946314798934	6.855487950959373	0.000080000000000	0.000020000000000	0.250000000000000	0.775867872787600	0	3	4	5	5	6	3	7	8	7	9	8	8	9	7	7	10	5	9	9	10	9	9	9	11	12	10	12	13	12	12	15	14	14	14	14	17	0	1	2	2	2	3	0	6	4	18	15	16	5	9	3	6	9	7	10	5	22	16	15	12	22	23	13	21	22	11	27	21	21	29	31	28	21	1	1	1	1	1	1	1	1	2	1	1	1	2	1	1	1	1	1	1	2	1	1	1	1	1	2	1	1	2	2	1	2	2	1	1	1	3
16500	-169.761755164089152	-176.617243115048524	6.855487950959373	0.000080000000000	0.000020000000000	0.250000000000000	0.884180443266755	1	3	4	5	6	6	5	5	6	7	9	8	7	8	7	7	9	8	9	9	10	9	8	10	11	13	10	12	12	12	12	13	14	15	13	15	17	0	1	2	2	4	8	0	3	4	7	23	16	5	6	6	8	9	7	10	13	16	16	15	22	22	23	13	21	16	11	27	21	28	28	27	28	36	1	1	1	1	1	1	1	1	1	2	1	1	1	1	1	1	2	1	1	1	1	1	1	1	1	2	2	2	2	1	2	2	1	2	2	2	1
17000	-197.555737517085447	-204.411225468044819	6.855487950959373	0.000080000000000	0.000020000000000	0.250000000000000	0.826755865930937	-1	3	4	6	5	6	3	5	7	8	8	8	7	7	8	6	10	8	10	9	10	9	10	10	11	13	11	12	13	11	12	14	14	15	13	15	17	0	1	2	2	2	8	0	3	4	7	6	16	5	8	6	2	9	7	10	5	22	16	11	22	16	20	20	21	25	23	27	21	24	25	4	21	36	1	2	1	1	1	1	1	1	1	2	1	1	1	1	1	2	2	4	1	2	1	2	1	1	2	2	2	1	1	1	1	3	2	2	4	2	1
17500	-197.757976030321430	-204.613463981280802	6.855487950959373	0.000080000000000	0.000020000000000	0.250000000000000	0.666150511463975	-1	3	4	5	4	7	3	5	7	7	9	9	7	8	6	7	9	8	9	9	9	9	10	10	11	12	11	12	10	12	11	15	14	13	13	15	17	0	1	2	3	2	8	0	3	4	7	15	16	5	8	2	2	9	7	10	5	16	16	11	22	29	23	5	21	16	11	13	28	21	16	4	28	36	1	3	1	1	1	1	1	1	1	2	1	1	2	2	2	2	1	2	1	2	1	2	1	1	1	1	4	2	2	2	2	2	2	3	2	2	1
18000	-177.546576337520548	-184.402064288479920	6.855487950959373	0.000080000000000	0.000020000000000	0.250000000000000	0.723137475954349	1	2	4	4	5	5	4	6	7	7	9	9	7	8	8	7	10	7	9	9	9	9	9	11	11	12	9	12	12	11	12	14	14	13	11	15	17	0	1	2	2	4	3	0	6	4	7	15	16	5	6	8	6	20	7	18	6	16	16	15	22	16	11	5	21	16	14	35	21	28	29	27	29	36	1	1	1	1	1	1	1	1	1	3	1	1	1	1	1	1	1	2	1	2	1	1	1	2	2	1	2	1	2	2	1	2	1	1	1	2	1
18500	-192.744246951429091	-199.599734902388462	6.855487950959373	0.000080000000000	0.000020000000000	0.250000000000000	0.662793655175048	1	2	3	3	6	5	2	6	8	8	9	9	8	8	7	7	9	6	8	10	9	10	8	10	12	12	9	12	13	10	13	15	14	14	14	15	15	0	1	2	2	4	3	0	6	4	18	23	16	5	8	8	6	9	7	18	13	16	16	15	16	16	15	5	21	16	9	27	28	21	16	13	28	29	1	1	1	1	1	1	1	1	2	1	1	2	1	1	1	1	1	2	1	1	1	2	1	2	2	3	1	2	3	1	2	2	2	4	4	1	1
19000	-187.299396477890213	-194.154884428849584	6.855487950959373	0.000080000000000	0.000020000000000	0.250000000000000	0.620245464326710	0	2	4	3	5	5	4	6	8	8	8	8	7	8	7	7	9	9	10	9	8	10	10	10	11	12	8	13	13	11	11	14	14	15	13	16	18	0	1	4	2	4	3	0	6	4	7	15	16	5	6	6	6	2	10	18	13	16	16	11	16	12	23	5	24	16	23	20	25	21	28	31	29	28	1	1	1	1	1	1	1	1	2	2	1	1	1	2	1	1	2	1	1	1	1	2	1	2	2	1	2	2	4	1	2	1	3	1	1	2	2
19500	-205.799385776953130	-212.654873727912502	6.855487950959373	0.000080000000000	0.000020000000000	0.250000000000000	0.631446814517590	0	3	2	5	5	6	4	6	7	8	9	9	7	9	7	7	10	9	10	10	9	8	8	10	11	12	11	13	13	11	10	15	14	11	12	15	17	0	3	1	2	2	3	0	4	4	7	23	22	5	6	3	6	9	10	18	13	16	16	15	4	15	11	5	21	22	23	2	28	25	16	27	29	32	1	1	1	1	1	2	1	1	2	3	1	1	1	2	2	1	2	1	1	2	1	1	1	2	2	2	3	2	2	1	3	1	2	1	1	1	2
20000	-166.585154714955564	-173.440642665914936	6.855487950959373	0.000080000000000	0.000020000000000	0.250000000000000	0.790046715279219	1	3	4	5	6	5	5	6	5	7	9	8	7	8	7	7	9	8	10	9	9	9	9	9	11	13	10	13	13	11	12	12	14	14	13	15	17	0	1	2	2	4	3	0	6	2	7	15	16	5	3	6	6	9	10	18	5	16	16	15	16	22	23	13	21	22	23	27	21	28	32	27	28	28	1	1	1	1	1	1	1	1	1	2	1	1	1	2	1	1	2	1	2	2	1	1	1	2	1	2	1	2	1	1	1	2	1	1	2	1	3
20500	-165.283516750483244	-172.139004701442616	6.855487950959373	0.000080000000000	0.000020000000000	0.250000000000000	0.778907165432329	1	2	3	6	5	7	4	5	7	6	8	9	7	9	7	7	10	8	9	9	10	9	10	11	10	12	10	12	12	10	12	14	14	15	14	14	17	0	1	2	2	2	8	0	3	4	7	15	16	5	8	8	8	9	10	18	5	22	16	11	22	22	23	20	21	22	11	27	24	21	29	31	21	36	1	1	1	2	2	1	1	1	1	1	1	1	1	2	1	1	2	2	1	2	1	1	1	1	1	1	1	1	1	1	1	3	2	1	1	2	2
21000	-181.726086157043284	-188.581574108002656	6.855487950959373	0.000080000000000	0.000020000000000	0.250000000000000	0.692967899032300	1	3	4	5	4	6	3	5	6	7	8	8	7	8	8	7	10	9	9	9	10	9	10	11	11	13	9	11	12	12	13	14	15	14	14	16	18	0	1	2	3	2	8	0	3	2	7	6	13	5	6	16	2	9	10	10	13	22	12	15	16	22	11	13	21	25	11	27	21	32	12	27	32	36	1	1	1	1	1	1	1	1	2	2	1	1	2	1	1	2	2	2	1	1	1	1	1	2	1	3	1	1	1	2	2	3	1	3	2	1	1
21500	-169.896909109791181	-176.752397060750553	6.855487950959373	0.000080000000000	0.000020000000000	0.250000000000000	0.766439390855552	0	3	4	5	6	7	2	6	7	7	9	7	7	9	6	8	8	8	9	9	9	9	9	11	11	11	9	11	12	11	12	12	14	14	14	16	18	0	1	2	2	4	8	0	3	4	7	15	8	5	6	2	12	5	10	18	5	16	16	15	16	22	23	5	21	22	11	27	21	32	28	31	32	36	1	1	1	1	1	1	1	1	1	2	1	1	1	1	1	1	1	1	1	2	1	1	1	1	1	1	2	2	2	1	1	2	1	2	1	2	1
22000	-187.194238542331817	-194.049726493291189	6.855487950959373	0.000080000000000	0.000020000000000	0.250000000000000	0.620426750577958	0	1	3	6	3	5	3	6	6	5	9	9	7	8	7	7	10	9	8	9	9	9	10	9	11	13	11	10	13	11	11	11	15	14	13	15	16	0	1	2	2	2	3	0	6	2	7	15	16	5	9	8	6	9	10	10	13	16	16	15	16	22	11	20	21	22	11	5	21	29	22	27	29	36	1	1	1	2	1	1	1	1	2	1	1	1	2	1	1	1	3	2	2	2	1	2	2	1	1	2	1	1	2	1	3	1	1	2	2	1	1
22500	-186.204927425152846	-193.060415376112218	6.855487950959373	0.000080000000000	0.000020000000000	0.250000000000000	0.666523032924442	0	3	4	5	6	6	3	7	8	5	8	9	7	8	8	7	10	8	10	9	10	8	10	9	11	12	10	12	14	10	13	13	15	14	13	16	17	0	1	2	3	4	3	0	6	2	7	8	22	5	6	6	6	9	7	18	5	22	16	15	16	22	15	13	24	25	15	27	24	32	32	13	28	29	1	2	1	1	1	1	1	1	2	1	1	1	1	1	1	1	1	3	2	2	1	1	2	1	2	2	2	1	2	1	2	2	1	1	3	2	2
23000	-196.892125881856231	-203.747613832815603	6.855487950959373	0.000080000000000	0.000020000000000	0.250000000000000	0.700200181743977	0	3	4	5	6	5	5	6	7	7	8	7	8	9	7	8	9	8	9	9	9	10	9	10	11	12	10	13	11	12	11	15	15	14	12	14	18	0	1	2	2	4	2	0	6	4	7	15	6	5	6	2	12	2	10	10	9	16	16	15	16	12	23	5	21	21	6	5	28	21	22	27	16	29	1	2	1	1	1	1	1	1	1	1	1	1	1	1	2	1	4	1	1	2	1	1	1	1	3	2	2	1	1	2	2	1	2	2	1	3	2
23500	-190.633511444170097	-197.488999395129468	6.855487950959373	0.000080000000000	0.000020000000000	0.250000000000000	0.749505798100914	1	3	3	5	5	7	4	7	7	5	8	8	7	7	8	6	10	9	9	9	8	10	10	10	11	11	11	12	11	9	13	13	15	14	14	15	17	0	1	1	2	2	3	0	16	4	7	13	16	5	3	6	4	9	10	10	5	16	16	15	16	22	20	20	21	21	11	27	21	32	25	27	32	36	1	1	1	1	1	2	1	1	1	1	1	1	2	1	1	1	2	2	2	2	1	2	2	2	1	1	1	2	1	1	1	1	1	1	2	1	1
24000	-169.712356748654855	-176.567844699614227	6.855487950959373	0.000080000000000	0.000020000000000	0.250000000000000	0.797581708780413	1	3	4	5	6	6	4	5	6	7	8	8	7	8	7	7	9	9	9	8	10	8	10	11	11	11	9	12	13	12	11	14	15	14	12	13	17	0	1	2	2	4	8	0	3	2	7	8	16	5	6	6	6	9	7	10	9	16	16	11	22	22	23	5	21	25	11	27	28	29	29	27	21	36	1	1	1	1	1	1	1	1	1	2	2	1	1	1	1	1	1	2	1	1	1	1	1	1	1	1	1	1	1	2	2	1	1	1	2	1	2
24500	-191.418360124890086	-198.273848075849457	6.855487950959373	0.000080000000000	0.000020000000000	0.250000000000000	0.556458102737759	0	3	3	5	6	6	4	5	7	6	8	9	7	8	7	7	10	9	9	10	10	8	9	10	11	11	11	13	14	11	13	13	15	15	13	15	17	0	1	1	3	4	2	0	2	3	7	15	22	5	6	6	8	9	7	10	13	16	16	1	22	22	15	20	21	12	6	13	21	32	29	20	32	36	1	2	1	1	1	1	1	2	2	1	1	1	1	1	1	1	1	2	2	2	1	1	4	1	2	3	1	2	3	3	2	1	1	1	2	1	1
25000	-168.091046474053428	-174.946534425012800	6.855487950959373	0.000080000000000	0.000020000000000	0.250000000000000	0.814160420091539	-1	3	4	4	6	6	4	7	7	8	9	8	7	9	7	8	8	9	10	9	10	9	9	11	11	12	10	13	13	11	11	12	14	13	13	15	17	0	1	2	2	4	3	0	6	4	7	15	6	5	8	6	6	4	10	10	13	16	16	9	22	22	23	5	21	22	11	9	21	28	25	27	28	36	1	1	1	1	1	1	1	1	2	2	1	1	1	2	1	1	1	1	1	1	1	1	1	1	1	1	2	2	1	1	2	1	1	1	2	1	1
25500	-181.958005502923072	-188.813493453882444	6.855487950959373	0.000080000000000	0.000020000000000	0.250000000000000	0.890336204200821	0	3	4	5	4	6	3	5	7	7	9	9	6	8	7	7	9	8	9	9	9	9	10	10	12	11	7	11	13	11	10	12	15	13	13	15	17	0	1	2	2	2	8	0	2	4	7	15	16	5	6	8	8	9	7	18	13	16	16	15	22	22	11	5	21	32	11	20	21	32	22	31	25	36	1	2	1	1	1	1	1	1	1	2	1	2	1	1	1	1	1	3	1	1	1	2	2	1	1	1	1	1	1	1	1	2	2	2	2	1	1
26000	-192.199847761524353	-199.055335712483725	6.855487950959373	0.000080000000000	0.000020000000000	0.250000000000000	0.890753090291469	0	3	4	6	6	5	4	6	7	8	9	7	7	9	7	8	10	7	9	8	9	9	10	10	11	13	9	12	12	12	13	12	14	14	13	13	18	0	1	2	2	2	3	0	6	2	18	15	6	5	8	6	12	9	7	18	8	16	16	15	22	22	23	13	21	22	15	27	21	16	22	27	32	33	1	1	1	2	1	1	1	1	1	1	1	1	1	2	1	1	2	2	1	1	1	1	2	1	1	2	1	1	2	2	2	1	2	1	1	1	1
26500	-216.646901938295230	-223.502389889254601	6.855487950959373	0.000080000000000	0.000020000000000	0.250000000000000	0.662584249324044	-2	2	3	4	6	4	4	6	6	6	8	9	8	7	7	8	9	7	8	10	10	10	9	9	11	11	10	13	12	11	11	15	15	15	13	15	16	0	1	2	2	2	3	0	6	2	7	15	16	5	8	6	4	9	10	18	5	4	16	11	4	16	11	5	21	22	11	15	29	28	22	26	28	28	1	1	1	1	2	1	1	1	2	1	1	1	1	1	2	2	2	1	1	2	2	1	1	2	2	2	2	2	1	2	2	2	1	2	1	2	2
27000	-177.581989789986210	-184.437477740945582	6.855487950959373	0.000080000000000	0.000020000000000	0.250000000000000	0.683270679697322	0	3	4	5	6	5	3	6	6	8	9	9	6	8	7	7	9	7	9	9	10	9	10	10	11	13	9	12	13	11	11	14	15	14	14	14	16	0	1	2	2	4	3	0	6	4	18	15	16	2	6	8	6	9	7	18	13	22	16	15	16	16	30	9	21	22	15	27	21	32	22	13	21	36	1	1	1	1	1	1	1	1	1	1	1	1	1	1	1	1	2	2	1	2	1	1	2	1	2	2	2	1	2	2	1	2	1	2	3	2	1
27500	-185.572412692984585	-192.427900643943957	6.855487950959373	0.000080000000000	0.000020000000000	0.250000000000000	0.651253543841607	0	2	3	5	6	6	4	5	7	7	9	8	8	8	7	7	9	8	8	10	9	9	6	9	11	13	10	12	13	12	12	14	15	13	13	14	16	0	1	2	2	4	8	0	3	2	7	15	16	5	6	23	4	9	7	10	13	16	16	4	16	16	15	5	21	22	23	9	21	28	25	31	28	29	1	1	1	2	1	1	1	1	2	1	1	1	1	1	1	1	1	4	1	1	1	1	1	1	2	3	2	2	3	2	2	1	2	1	1	2	2
28000	-185.473827567186703	-192.329315518146075	6.855487950959373	0.000080000000000	0.000020000000000	0.250000000000000	0.789247618151698	0	1	3	5	6	7	4	5	7	6	9	7	8	9	7	8	10	7	9	9	9	10	10	11	12	12	10	12	14	12	12	14	14	14	14	15	16	0	1	2	2	4	8	0	3	4	7	15	4	5	6	4	4	9	10	18	5	4	16	15	22	22	11	5	21	12	15	5	21	21	26	31	24	36	1	1	1	2	1	1	1	1	1	1	1	1	1	1	1	1	2	1	1	2	2	1	1	1	1	2	2	2	3	1	2	2	2	1	1	2	1
28500	-164.649325304323497	-171.504813255282869	6.855487950959373	0.000080000000000	0.000020000000000	0.250000000000000	0.771139157781854	1	3	4	5	5	7	5	6	7	7	9	8	6	8	7	7	10	9	8	9	9	9	8	11	11	13	10	13	13	11	13	13	13	14	14	15	17	0	1	2	2	2	8	0	3	2	7	15	16	5	6	8	4	20	7	10	5	16	16	15	16	16	11	20	21	22	15	27	21	21	32	27	28	36	1	1	1	1	1	1	1	1	2	1	1	1	1	1	1	1	1	2	1	2	1	1	1	2	1	2	1	2	2	2	2	2	2	1	2	1	1
29000	-183.433611541867180	-190.289099492826551	6.855487950959373	0.000080000000000	0.000020000000000	0.250000000000000	0.631745340760030	0	2	4	3	5	5	3	7	7	8	8	8	8	9	7	7	9	8	9	7	9	9	9	10	11	12	8	12	14	12	12	13	13	12	13	15	16	0	1	2	2	4	3	0	6	4	7	15	16	20	6	6	6	9	7	18	5	16	16	11	12	21	23	5	16	28	11	27	25	21	24	31	32	36	1	1	1	1	1	1	1	1	2	4	1	1	1	2	1	1	1	3	1	1	2	1	1	1	1	2	2	3	1	2	2	1	2	1	1	1	1
29500	-181.931666556471384	-188.787154507430756	6.855487950959373	0.000080000000000	0.000020000000000	0.250000000000000	0.692492750047272	0	2	4	5	5	5	5	6	7	8	9	9	7	9	7	7	9	9	9	8	9	9	9	10	9	11	10	12	11	11	12	13	15	13	12	14	18	0	1	2	2	2	3	0	6	2	7	15	16	5	15	8	6	9	10	10	5	16	16	15	16	16	15	5	21	22	11	27	21	28	29	20	24	36	1	1	1	1	2	1	1	1	2	2	2	1	2	1	1	1	1	1	1	2	1	1	1	2	1	2	2	2	2	1	1	1	1	1	2	1	2
30000	-176.145333776320058	-183.000821727279430	6.855487950959373	0.000080000000000	0.000020000000000	0.250000000000000	0.800600343025443	1	2	3	5	5	6	3	7	6	8	9	8	8	7	7	7	9	7	9	9	10	9	10	10	11	11	11	12	12	12	12	13	15	14	13	14	16	0	1	2	2	2	4	0	6	4	18	15	16	5	4	4	6	9	7	10	5	22	16	15	22	16	11	5	21	22	11	27	25	32	29	31	32	32	1	1	1	1	1	1	1	1	1	1	1	1	1	2	1	1	2	1	1	2	1	1	2	1	2	1	3	1	1	2	1	1	1	1	1	1	2
30500	-179.293073351310881	-186.148561302270252	6.855487950959373	0.000080000000000	0.000020000000000	0.250000000000000	0.693408944713444	0	2	3	4	4	5	4	6	6	6	6	8	7	8	8	7	8	8	9	9	10	9	9	10	11	12	10	12	13	11	13	14	14	15	13	15	17	0	1	2	2	2	3	0	6	4	7	6	16	5	6	3	6	9	7	10	5	16	16	11	16	22	20	13	24	22	11	27	21	28	29	23	29	36	1	1	1	1	1	1	1	1	1	1	1	1	2	1	3	1	1	2	2	2	2	1	2	2	1	2	2	2	2	2	2	2	1	1	2	1	1
31000	-185.330853623057891	-192.186341574017263	6.855487950959373	0.000080000000000	0.000020000000000	0.250000000000000	0.703443141738995	-2	2	4	6	6	7	5	5	8	6	9	9	7	9	7	8	8	9	9	8	9	9	9	10	11	12	10	11	14	12	12	13	13	14	13	16	17	0	1	2	3	3	8	0	2	4	7	15	16	8	6	3	8	4	10	10	13	16	3	15	16	22	23	20	21	22	23	20	21	28	25	31	21	32	1	2	1	1	1	1	1	1	1	1	1	1	1	1	1	1	1	2	1	1	1	2	1	1	1	2	2	1	2	2	2	2	1	1	1	4	2
31500	-169.159873616105386	-176.015361567064758	6.855487950959373	0.000080000000000	0.000020000000000	0.250000000000000	0.824690187650029	-1	3	4	6	5	5	3	7	8	7	8	9	8	9	7	7	9	9	9	9	9	9	8	10	11	12	10	12	14	11	12	13	14	14	12	14	16	0	1	2	2	2	2	0	6	4	7	15	16	5	6	6	6	2	10	10	5	16	16	15	22	22	11	13	21	22	11	27	21	32	24	27	28	36	1	2	1	2	1	1	1	1	1	2	1	1	2	2	1	1	3	1	1	2	1	1	1	1	2	2	1	1	2	2	1	2	1	2	2	1	1
32000	-194.989119776728813	-201.844607727688185	6.855487950959373	0.000080000000000	0.000020000000000	0.250000000000000	0.786953864269546	1	3	4	5	5	7	4	6	7	8	7	7	7	9	6	6	9	7	10	9	10	9	9	11	11	11	10	13	10	10	12	14	13	12	13	14	17	0	1	2	2	2	8	0	3	4	7	15	16	5	6	2	3	9	7	18	13	22	16	11	29	22	11	13	21	16	23	5	21	21	29	27	21	28	1	1	1	1	1	1	1	1	2	3	1	1	1	2	2	2	1	2	1	1	1	2	1	1	1	2	1	2	2	1	3	1	2	1	2	2	2
32500	-170.570125924406767	-177.425613875366139	6.855487950959373	0.000080000000000	0.000020000000000	0.250000000000000	0.681494672307044	1	3	4	5	6	7	3	5	7	7	8	8	5	7	7	7	9	9	10	8	9	10	8	11	11	10	10	12	12	11	12	13	14	13	14	15	17	0	1	2	2	13	8	0	3	2	7	15	16	2	8	8	8	9	7	18	5	16	6	15	16	22	9	20	21	16	11	27	28	28	22	27	32	36	1	1	1	1	1	2	1	1	2	2	1	1	1	1	1	1	1	3	1	1	1	1	1	2	1	2	1	2	2	2	1	1	1	1	2	1	1
33000	-183.902747878385327	-190.758235829344699	6.855487950959373	0.000080000000000	0.000020000000000	0.250000000000000	0.651168646003209	0	3	4	5	5	5	3	6	7	6	8	9	6	8	7	7	10	7	9	9	9	10	10	10	12	11	11	12	14	12	12	14	15	14	14	15	16	0	1	2	2	1	3	0	6	4	7	15	16	5	8	8	6	2	10	10	2	16	16	15	16	22	15	13	21	25	15	27	21	32	25	20	21	32	1	2	1	1	3	1	1	1	1	1	1	1	1	1	1	1	3	1	1	3	1	2	1	2	1	2	3	2	1	3	1	3	1	1	2	2	1
33500	-151.339395457440531	-158.194883408399903	6.855487950959373	0.000080000000000	0.000020000000000	0.250000000000000	0.943813776068293	0	3	2	6	5	6	5	5	8	7	9	8	7	8	7	7	10	9	9	9	9	9	9	10	10	12	10	12	12	11	12	11	14	13	13	14	17	0	3	1	2	2	8	0	3	4	7	15	16	5	6	8	8	20	10	10	13	16	16	15	22	22	11	20	21	22	23	27	21	32	32	27	28	36	1	1	1	1	1	1	1	1	1	1	1	1	1	1	1	1	1	1	1	1	1	1	1	1	1	2	1	1	1	1	1	2	2	1	1	1	2
34000	-186.115063420538718	-192.970551371498090	6.855487950959373	0.000080000000000	0.000020000000000	0.250000000000000	0.702555181866981	1	4	3	5	6	4	4	7	8	7	7	8	8	8	5	6	10	8	10	9	10	9	9	10	12	13	10	11	14	11	13	13	13	15	13	15	18	0	3	1	2	2	3	0	6	2	7	15	16	5	8	3	6	9	10	18	5	12	16	15	22	22	14	5	21	25	11	4	21	22	12	27	32	36	1	1	1	1	1	1	1	2	2	2	1	1	1	1	1	1	1	1	1	2	1	2	2	1	2	3	1	1	1	2	4	2	2	3	2	1	2
34500	-184.745891905906888	-191.601379856866259	6.855487950959373	0.000080000000000	0.000020000000000	0.250000000000000	0.585756878664322	0	3	3	6	5	6	5	6	7	7	9	7	7	9	7	6	9	8	10	9	9	10	8	11	12	13	11	13	13	12	13	13	14	15	13	15	17	0	1	1	2	3	2	0	3	2	7	23	16	4	12	8	3	9	10	18	13	16	16	15	16	22	2	13	21	24	11	20	21	28	26	5	32	36	1	1	2	2	1	2	1	1	2	1	1	1	1	1	1	1	1	1	2	1	1	2	1	2	1	4	2	2	1	1	2	2	1	1	4	1	1
35000	-157.275440648376190	-164.130928599335562	6.855487950959373	0.000080000000000	0.000020000000000	0.250000000000000	0.832207932675589	0	3	4	5	6	5	5	7	7	7	8	9	8	8	7	7	9	8	9	9	8	9	9	9	11	12	9	12	11	11	12	13	15	13	13	15	17	0	1	2	2	2	3	0	6	4	7	15	16	5	8	6	6	9	7	10	13	16	16	15	16	22	11	5	21	16	15	20	21	32	29	27	32	36	1	1	1	1	1	1	1	1	1	1	1	1	1	1	1	1	1	2	1	1	1	1	1	1	1	2	2	2	1	2	2	1	1	1	2	1	1
35500	-167.721832959577199	-174.577320910536571	6.855487950959373	0.000080000000000	0.000020000000000	0.250000000000000	0.715797040753641	-1	3	4	6	5	6	4	5	7	7	8	9	7	7	7	7	10	8	9	8	10	9	9	10	11	11	9	11	13	11	12	13	14	13	13	15	18	0	1	2	2	2	8	0	3	2	7	15	16	5	6	8	8	4	10	18	13	22	16	15	16	24	15	4	21	22	11	27	28	25	25	27	29	36	1	1	1	2	1	1	1	1	2	1	1	1	1	1	1	1	2	1	1	1	1	1	1	2	1	3	1	1	2	1	2	1	2	1	2	1	1
36000	-182.927470562635364	-189.782958513594735	6.855487950959373	0.000080000000000	0.000020000000000	0.250000000000000	0.696440399404668	-1	3	2	4	5	5	4	6	8	7	7	8	8	8	6	7	9	8	9	8	9	9	10	10	12	13	10	12	14	11	12	14	14	15	12	15	17	0	3	1	2	2	3	0	6	2	7	15	16	5	8	6	6	20	7	10	5	16	16	11	12	22	11	20	22	25	23	27	21	28	22	9	21	36	1	1	2	1	1	1	1	1	3	2	1	1	2	1	1	1	1	2	1	1	1	1	1	1	1	2	2	2	1	1	1	2	1	3	2	4	1
36500	-165.115111915984414	-171.970599866943786	6.855487950959373	0.000080000000000	0.000020000000000	0.250000000000000	0.776973405306294	0	4	3	5	6	7	4	5	7	7	8	9	8	9	8	7	9	8	10	10	10	9	9	10	10	11	10	11	13	11	11	12	14	15	12	15	17	0	3	1	2	4	8	0	3	4	7	8	16	5	6	8	8	9	7	18	5	22	16	11	22	16	23	5	21	22	15	27	21	28	29	13	32	36	1	1	1	1	1	1	1	1	1	1	2	1	1	1	2	1	1	2	1	2	1	1	1	1	2	1	2	1	1	1	1	1	1	1	2	1	1
37000	-157.635595057879016	-164.491083008838388	6.855487950959373	0.000080000000000	0.000020000000000	0.250000000000000	0.812368716775480	1	3	4	5	6	6	4	5	7	8	9	9	8	7	7	7	8	7	9	10	10	10	10	10	12	12	10	12	12	12	11	14	14	13	13	14	17	0	1	2	2	4	8	0	3	4	18	15	16	5	8	8	6	9	7	18	13	16	16	15	16	22	15	5	21	22	23	13	28	21	22	31	28	36	1	1	1	1	1	1	1	1	1	1	1	1	1	1	1	1	1	2	1	1	2	1	2	1	1	2	2	1	1	1	1	1	2	2	1	1	2
37500	-186.189542235752640	-193.045030186712012	6.855487950959373	0.000080000000000	0.000020000000000	0.250000000000000	0.652027693428459	1	3	4	5	5	6	4	7	6	8	8	8	8	8	7	8	10	7	10	9	9	7	9	11	12	12	9	12	10	12	11	14	14	15	14	15	17	0	1	2	2	2	3	0	6	4	7	15	22	5	9	6	22	9	7	10	5	22	6	15	16	16	15	2	24	8	11	20	28	21	25	31	28	36	1	1	1	1	1	1	1	1	1	2	1	1	1	1	1	1	2	1	1	2	2	1	1	2	2	2	3	1	2	2	1	2	2	1	2	1	1
38000	-172.096864959344373	-178.952352910303745	6.855487950959373	0.000080000000000	0.000020000000000	0.250000000000000	0.806142666269353	0	3	4	5	6	5	5	7	7	7	8	9	8	9	6	8	9	8	10	9	9	7	8	11	11	11	10	12	12	12	12	13	14	14	11	15	17	0	1	2	2	3	2	0	6	4	7	15	22	5	8	6	22	9	10	10	8	16	6	15	22	22	15	13	24	8	15	35	21	28	29	27	32	36	1	1	1	1	1	1	1	1	1	1	2	1	1	1	1	1	2	1	1	1	1	1	1	2	2	2	1	1	2	2	1	2	1	2	1	1	1
38500	-186.065336255557384	-192.920824206516755	6.855487950959373	0.000080000000000	0.000020000000000	0.250000000000000	0.764951320428925	0	3	2	5	6	6	5	7	6	7	6	7	8	9	7	8	7	9	10	9	10	10	10	11	11	11	9	13	12	10	10	14	14	14	13	15	17	0	3	1	3	2	3	0	4	4	7	4	4	5	6	11	12	4	10	10	13	12	16	11	16	22	15	4	22	16	15	13	28	29	29	31	28	36	1	1	1	1	1	1	1	1	1	1	1	1	1	2	1	1	1	1	2	1	2	1	1	2	1	2	2	2	2	2	1	1	2	1	2	1	1
39000	-165.673608045873806	-172.529095996833178	6.855487950959373	0.000080000000000	0.000020000000000	0.250000000000000	0.855675166919617	0	2	4	4	5	6	4	5	7	8	9	7	7	8	7	8	8	7	8	9	9	9	8	10	11	12	11	12	13	11	13	13	14	14	14	14	17	0	1	2	2	2	8	0	3	4	18	15	6	5	8	8	12	9	7	18	13	16	16	15	16	16	15	20	21	25	11	27	21	28	28	27	28	32	1	1	1	1	2	1	1	1	1	1	1	1	1	1	1	1	1	2	1	1	1	1	1	1	1	2	2	1	1	1	1	2	1	2	2	1	2
39500	-169.397545828021208	-176.253033778980580	6.855487950959373	0.000080000000000	0.000020000000000	0.250000000000000	0.861111355629117	-1	1	3	4	4	5	4	6	7	8	8	8	7	8	7	7	9	6	9	8	10	9	10	10	11	13	9	12	13	11	12	13	14	13	12	15	17	0	1	2	2	2	3	0	6	4	18	15	16	5	8	6	8	9	7	18	13	16	16	15	22	22	30	13	21	22	23	27	28	28	28	27	32	36	1	2	1	1	1	1	1	1	1	1	1	1	2	1	1	1	2	1	2	1	1	1	1	1	1	1	2	1	2	1	2	1	1	1	2	1	1
40000	-183.116000222580965	-189.971488173540337	6.855487950959373	0.000080000000000	0.000020000000000	0.250000000000000	0.919089995166636	-1	2	3	6	5	6	4	5	5	7	8	9	7	9	6	6	10	6	8	10	10	9	10	11	12	13	9	11	11	11	11	14	15	14	13	16	17	0	1	2	9	3	8	0	3	2	18	15	16	8	13	8	8	4	7	10	13	8	16	11	22	29	23	13	16	22	11	27	29	28	25	31	34	36	1	1	1	1	1	1	1	2	1	1	1	1	1	1	1	1	2	1	1	1	2	1	1	1	1	2	1	2	1	1	1	1	2	1	1	1	1
40500	-196.148712910819626	-203.004200861778997	6.855487950959373	0.000080000000000	0.000020000000000	0.250000000000000	0.759207322061624	1	3	4	5	6	5	4	6	7	7	8	7	8	7	6	8	9	9	9	9	9	9	10	11	12	12	9	11	12	10	12	14	14	14	13	15	18	0	1	2	2	4	3	0	6	4	7	14	8	5	6	6	12	9	10	10	4	16	16	15	21	22	30	5	21	22	11	9	28	21	31	30	33	36	1	1	1	1	1	1	1	1	1	2	1	1	1	1	1	1	2	1	2	1	1	1	2	1	1	1	2	1	2	2	3	2	3	1	2	1	1
41000	-163.531558024092476	-170.387045975051848	6.855487950959373	0.000080000000000	0.000020000000000	0.250000000000000	0.843065687209211	-1	2	4	5	4	7	4	6	8	8	9	6	6	8	8	8	9	8	9	9	10	10	9	11	11	11	11	12	13	11	13	14	14	14	13	15	17	0	1	2	3	2	8	0	3	6	7	15	4	5	6	6	12	9	7	18	13	16	16	15	22	16	11	20	21	25	11	27	28	28	16	27	28	32	1	1	1	1	1	1	1	1	1	2	1	1	1	1	1	2	1	2	1	2	1	1	1	1	1	1	1	1	1	1	1	1	1	2	1	2	1
41500	-218.199037909641333	-225.054525860600705	6.855487950959373	0.000080000000000	0.000020000000000	0.250000000000000	0.543592493832497	1	2	4	5	5	6	3	5	7	7	9	8	6	7	7	7	8	8	9	8	9	10	7	10	11	12	10	11	12	11	12	14	15	13	11	15	16	0	1	2	2	2	3	0	2	8	7	15	16	5	8	3	8	9	7	10	13	16	16	6	16	16	8	20	21	16	23	4	21	8	29	4	32	25	1	1	2	1	2	1	1	2	1	1	1	1	1	1	1	1	1	3	1	2	1	2	1	2	2	3	2	2	2	2	5	2	5	1	2	1	1
42000	-162.851421462914686	-169.706909413874058	6.855487950959373	0.000080000000000	0.000020000000000	0.250000000000000	0.847390536852877	0	3	4	5	5	5	4	7	8	7	9	9	7	8	7	7	10	8	10	9	10	10	10	11	12	11	10	13	14	12	12	14	14	12	13	15	17	0	1	2	2	2	3	0	6	4	7	15	16	5	6	6	6	9	10	10	5	16	16	15	22	22	11	13	21	22	26	27	25	28	21	27	32	36	1	1	1	1	1	1	1	1	1	1	1	1	2	1	1	1	1	1	2	2	2	1	2	1	2	1	1	2	2	1	1	1	1	1	2	1	1
42500	-186.950108277364762	-193.805596228324134	6.855487950959373	0.000080000000000	0.000020000000000	0.250000000000000	0.711092042160888	0	2	4	6	5	5	4	6	6	6	8	9	8	8	6	8	7	9	9	9	9	10	10	10	11	13	10	13	12	11	12	14	14	14	14	15	17	0	1	2	2	2	3	0	6	2	7	15	16	5	8	6	8	4	10	10	13	16	16	15	16	22	23	13	21	16	11	20	21	25	29	20	21	28	1	1	1	1	2	1	1	1	2	1	1	1	1	2	1	1	1	2	2	1	1	2	2	1	1	2	1	2	2	1	2	2	2	1	2	2	2
43000	-173.626348695194451	-180.481836646153823	6.855487950959373	0.000080000000000	0.000020000000000	0.250000000000000	0.827160955795839	1	2	4	6	5	5	4	6	7	5	9	8	8	8	7	7	9	7	9	9	9	9	8	11	12	12	11	11	14	11	10	12	13	14	14	15	16	0	1	2	3	2	3	0	6	2	7	15	16	5	8	6	6	9	10	18	5	16	16	15	22	22	15	31	21	22	11	13	21	28	32	20	32	36	1	1	1	1	2	1	1	1	2	1	1	1	2	2	1	1	1	1	1	2	1	1	1	1	1	2	1	1	2	2	1	2	1	1	3	2	1
43500	-178.876227641666901	-185.731715592626273	6.855487950959373	0.000080000000000	0.000020000000000	0.250000000000000	0.699460377632244	0	3	4	5	2	6	4	5	7	7	8	9	6	8	7	6	9	6	8	8	9	10	8	11	12	11	10	12	10	11	13	14	14	14	13	16	18	0	5	2	2	1	8	0	3	4	18	15	6	5	13	8	8	9	7	18	13	16	16	15	22	29	11	20	21	12	11	27	25	28	16	27	32	36	1	1	1	1	1	1	1	1	1	1	1	1	2	1	1	1	1	1	1	1	1	2	1	1	1	1	2	1	1	2	2	1	1	4	2	1	1
44000	-166.293146942459572	-173.148634893418944	6.855487950959373	0.000080000000000	0.000020000000000	0.250000000000000	0.793450161268637	1	3	4	5	6	6	4	5	7	7	9	8	8	9	8	7	9	8	9	9	8	9	9	11	12	12	9	12	13	11	12	14	14	15	11	15	17	0	1	2	2	3	8	0	3	4	7	15	16	5	6	6	8	9	7	10	5	16	16	15	22	16	23	5	21	22	23	13	25	28	25	27	29	34	1	1	1	1	1	1	1	1	1	2	1	1	1	1	1	1	1	2	1	1	1	2	1	1	3	1	2	2	2	1	2	1	1	1	1	1	1
44500	-168.335710750225388	-175.191198701184760	6.855487950959373	0.000080000000000	0.000020000000000	0.250000000000000	0.732434140473915	0	2	3	4	5	7	5	5	6	6	9	7	6	8	8	8	10	8	9	8	9	10	10	9	12	12	9	12	14	11	12	14	13	14	13	16	18	0	1	2	2	4	8	0	3	4	7	15	8	5	8	8	12	9	10	10	13	12	16	15	16	22	23	5	21	25	23	27	25	21	16	27	32	36	1	1	1	1	1	1	1	1	1	1	1	1	1	2	1	1	2	2	1	1	2	1	1	1	1	1	2	2	1	1	2	1	2	2	2	1	1
45000	-165.129406770421184	-171.984894721380556	6.855487950959373	0.000080000000000	0.000020000000000	0.250000000000000	0.773611734173807	-1	2	4	5	6	6	3	7	7	7	9	7	7	7	7	8	9	9	10	9	9	10	9	10	11	12	10	12	13	11	12	14	14	14	13	15	18	0	1	2	3	4	3	0	6	4	7	15	6	5	6	6	12	9	7	18	5	16	16	15	16	22	15	5	21	22	11	27	28	26	22	31	28	36	1	1	1	1	1	1	1	1	1	2	1	1	1	1	1	1	1	2	1	2	1	1	1	1	1	2	2	1	1	2	1	1	1	2	1	2	2
45500	-169.502661577593386	-176.358149528552758	6.855487950959373	0.000080000000000	0.000020000000000	0.250000000000000	0.690618286804146	0	2	4	5	5	7	4	6	8	8	9	7	7	8	7	8	10	8	9	9	10	10	9	11	10	11	10	12	13	9	12	15	14	15	14	15	18	0	1	2	2	2	8	0	3	2	7	15	8	5	8	4	12	4	7	18	5	16	16	6	16	16	11	13	21	22	15	27	28	28	29	31	28	36	1	1	1	2	1	1	1	1	2	2	1	1	1	2	1	1	2	2	1	1	1	1	1	1	1	1	2	1	2	1	1	2	1	2	1	1	2
46000	-177.819574831433385	-184.675062782392757	6.855487950959373	0.000080000000000	0.000020000000000	0.250000000000000	0.750232196236991	0	2	4	5	5	5	5	7	8	8	8	9	6	7	7	7	9	7	9	9	9	9	9	11	11	12	9	12	14	11	12	13	15	13	14	15	17	0	1	2	2	2	3	0	6	2	18	15	16	5	6	6	6	15	7	18	3	16	15	15	22	22	11	13	21	32	11	20	21	32	22	31	32	36	1	1	1	2	1	1	1	1	2	1	1	1	1	1	2	2	1	2	1	2	1	1	1	1	1	2	2	1	1	1	2	2	1	2	1	1	1
46500	-192.035846168008732	-198.891334118968103	6.855487950959373	0.000080000000000	0.000020000000000	0.250000000000000	0.766903355511057	1	3	4	6	4	5	4	6	7	6	9	8	8	8	6	7	9	9	10	9	9	9	10	10	12	13	10	12	11	12	12	15	13	15	14	16	18	0	1	2	6	2	3	0	6	4	7	15	16	5	8	3	6	9	10	18	5	16	16	15	22	16	11	13	21	16	9	27	21	29	16	20	32	36	1	1	1	1	1	1	1	1	1	1	2	1	2	1	1	1	2	2	1	2	1	2	2	1	2	2	1	2	2	2	2	2	2	3	2	1	1
47000	-180.275939961380516	-187.131427912339888	6.855487950959373	0.000080000000000	0.000020000000000	0.250000000000000	0.849138000123723	-1	2	4	5	6	7	4	5	7	7	8	7	8	8	7	8	9	9	10	9	10	10	9	10	11	12	11	12	13	10	11	14	14	13	13	15	17	0	1	2	2	3	8	0	3	4	7	15	4	5	8	8	12	9	10	10	5	16	16	15	16	16	11	20	21	22	15	5	21	34	24	20	34	29	1	1	1	2	1	1	1	1	1	2	1	1	1	1	1	1	1	2	2	2	1	1	2	1	2	3	1	1	2	1	3	2	1	2	2	1	1
47500	-183.205665980942911	-190.061153931902282	6.855487950959373	0.000080000000000	0.000020000000000	0.250000000000000	0.660986866564111	0	2	4	5	4	5	4	7	6	6	9	9	7	8	7	7	8	8	8	9	9	9	8	11	12	12	10	12	12	12	10	13	15	13	13	15	17	0	1	2	2	2	3	0	6	4	7	23	16	5	4	6	6	9	7	10	13	16	16	15	16	22	23	20	21	22	15	13	21	28	22	31	30	36	1	1	1	2	1	1	1	1	1	1	1	1	2	1	1	2	1	3	1	1	1	1	1	1	2	2	1	2	1	3	1	2	2	2	1	2	1
48000	-163.982996372279899	-170.838484323239271	6.855487950959373	0.000080000000000	0.000020000000000	0.250000000000000	0.652985495633117	0	2	4	4	5	5	5	6	6	6	8	8	7	8	7	7	9	8	10	9	9	10	9	9	11	12	10	13	14	11	12	15	14	12	13	15	18	0	1	2	2	4	3	0	6	4	7	15	16	5	6	8	6	9	10	10	5	16	16	15	16	16	23	13	21	24	11	27	21	28	25	31	28	28	1	1	1	1	1	1	1	1	1	1	1	1	1	2	1	1	2	1	2	2	1	2	1	1	2	1	2	2	2	2	1	2	1	1	1	1	2
48500	-160.951859124448134	-167.807347075407506	6.855487950959373	0.000080000000000	0.000020000000000	0.250000000000000	0.811470151799392	0	3	2	5	5	6	5	5	4	7	7	9	7	7	8	7	9	9	9	9	10	9	9	10	11	11	11	13	14	11	10	13	14	14	13	14	17	0	3	1	2	2	8	0	3	2	7	8	16	8	8	11	8	9	10	10	13	16	16	11	22	22	15	31	21	22	15	13	25	21	28	27	28	36	1	1	1	1	1	1	1	1	1	1	1	1	1	1	1	1	2	1	1	1	1	1	1	1	1	1	1	2	2	2	1	1	2	1	1	1	1
49000	-178.132338254400736	-184.987826205360108	6.855487950959373	0.000080000000000	0.000020000000000	0.250000000000000	0.852002315703002	0	3	2	5	5	5	4	7	7	8	6	7	7	9	7	7	9	7	9	9	10	9	10	11	11	12	10	12	13	11	12	14	14	15	12	16	18	0	3	1	2	2	3	0	2	2	18	6	6	5	4	11	6	9	7	10	13	16	16	8	22	22	11	20	21	22	15	27	21	29	29	27	28	36	1	1	1	1	1	1	1	1	2	1	1	1	1	2	1	1	1	2	1	1	1	1	1	1	1	3	1	2	3	2	2	1	1	1	2	1	1
49500	-166.400160693268248	-173.255648644227620	6.855487950959373	0.000080000000000	0.000020000000000	0.250000000000000	0.775717226081691	0	3	1	4	5	6	4	7	6	6	8	9	7	7	7	8	10	8	9	9	10	10	10	10	12	12	8	12	13	11	12	14	14	15	13	15	17	0	3	1	2	2	3	0	6	2	7	15	8	5	6	9	8	9	10	10	13	16	16	15	16	24	15	13	21	22	23	27	28	28	29	20	28	36	1	1	1	1	1	2	1	1	2	1	1	1	1	1	1	1	2	2	1	1	1	1	1	1	1	3	1	1	1	1	2	1	1	1	2	2	2
50000	-192.244597531984965	-199.100085482944337	6.855487950959373	0.000080000000000	0.000020000000000	0.250000000000000	0.731766562138581	1	3	3	5	5	4	3	5	6	8	8	9	8	7	7	7	9	5	9	8	10	9	9	11	11	11	11	13	14	10	13	12	15	14	14	15	17	0	1	1	2	2	3	0	6	2	7	15	16	5	8	6	6	9	7	18	5	16	16	11	22	12	15	13	21	22	11	27	21	21	22	27	28	22	1	1	1	1	1	1	1	1	2	2	1	1	2	1	2	2	2	1	2	1	2	1	1	2	1	2	1	2	2	1	1	1	2	2	2	1	3
50500	-167.802605474089034	-174.658093425048406	6.855487950959373	0.000080000000000	0.000020000000000	0.250000000000000	0.726364941383003	0	3	2	5	5	6	5	5	7	6	7	8	8	7	8	8	10	7	9	9	9	10	9	10	11	10	10	12	13	11	13	14	13	14	14	14	16	0	3	1	2	2	8	0	3	4	7	8	8	5	8	11	8	9	10	10	13	16	16	11	16	22	23	13	21	28	26	13	21	28	29	27	28	32	1	1	1	1	1	1	1	2	1	1	1	1	2	1	1	2	2	1	1	1	1	1	1	1	1	1	1	2	1	1	3	2	1	1	2	1	1
51000	-173.143675984041749	-179.999163935001121	6.855487950959373	0.000080000000000	0.000020000000000	0.250000000000000	0.755564759775106	0	3	2	5	6	6	3	6	6	5	8	8	7	8	7	7	8	8	9	8	8	9	10	10	12	11	10	13	12	11	13	14	14	14	14	15	17	0	3	1	2	2	3	0	3	2	7	15	6	5	6	6	8	9	10	10	13	16	16	15	12	24	23	20	21	22	23	27	25	28	29	13	24	32	1	1	1	1	2	2	1	2	1	1	1	1	1	1	1	1	1	2	2	1	1	1	1	2	1	1	1	2	1	1	2	1	1	1	3	2	1
51500	-189.141598325418983	-195.997086276378354	6.855487950959373	0.000080000000000	0.000020000000000	0.250000000000000	0.731037747396740	1	4	2	6	5	6	4	5	7	7	7	8	7	7	6	8	10	8	10	9	9	9	9	10	11	11	9	12	13	10	11	13	14	13	13	16	17	0	3	1	2	2	2	0	3	3	7	15	6	5	8	2	6	9	10	10	5	6	16	11	16	16	11	5	21	22	11	27	21	32	16	27	29	28	1	1	1	1	1	1	1	1	3	2	1	1	1	1	1	2	1	1	1	1	2	1	1	1	2	2	2	2	2	2	1	2	1	2	2	2	2
52000	-180.410424735332128	-187.265912686291500	6.855487950959373	0.000080000000000	0.000020000000000	0.250000000000000	0.687598036140757	1	3	4	5	4	6	5	5	6	7	9	9	8	8	7	7	9	6	8	9	9	9	9	10	11	12	11	13	14	10	11	14	15	14	13	14	18	0	1	2	2	2	3	0	3	2	7	9	13	5	8	8	6	9	7	18	13	16	16	15	16	16	23	13	21	22	11	13	21	21	25	31	28	36	1	1	1	1	1	1	1	1	2	1	1	1	2	2	1	1	1	1	1	1	1	1	1	2	2	2	2	2	2	1	2	2	3	2	1	1	3
52500	-187.435858925784800	-194.291346876744171	6.855487950959373	0.000080000000000	0.000020000000000	0.250000000000000	0.703513759885056	0	3	4	5	5	7	5	5	7	6	7	9	8	6	8	7	9	9	8	9	10	9	9	11	10	12	7	11	12	11	13	13	15	14	11	15	17	0	1	2	2	2	8	0	3	2	7	8	16	4	8	11	8	2	10	10	5	22	16	11	16	22	23	5	21	24	15	5	28	21	29	4	21	36	1	1	1	1	1	1	1	1	2	1	1	1	1	1	1	2	3	2	1	2	1	1	1	2	1	2	1	1	1	1	3	1	2	1	2	2	1
53000	-157.084795650849031	-163.940283601808403	6.855487950959373	0.000080000000000	0.000020000000000	0.250000000000000	0.809515641794224	0	3	4	5	5	6	4	5	7	7	7	9	7	8	8	7	9	9	9	8	9	8	10	11	10	12	10	13	11	12	11	13	14	13	13	15	17	0	1	2	2	2	8	0	3	4	7	6	16	5	6	11	8	9	10	10	13	16	16	15	22	22	11	20	21	16	23	5	21	28	24	27	28	36	1	1	1	1	1	1	1	1	1	2	1	1	1	1	1	1	1	1	2	1	1	1	1	1	1	2	1	2	2	1	2	2	1	1	1	1	1
53500	-172.588600790731107	-179.444088741690479	6.855487950959373	0.000080000000000	0.000020000000000	0.250000000000000	0.732065202130170	0	2	3	3	5	6	5	5	5	7	8	8	7	8	6	7	9	9	10	9	9	10	9	10	12	12	10	12	13	10	13	14	14	15	13	16	17	0	1	2	2	4	8	0	3	4	7	15	16	5	6	8	8	9	10	10	5	16	16	11	16	16	23	20	21	22	15	27	21	22	32	27	32	36	1	1	1	1	1	1	1	1	1	1	1	1	1	1	1	1	2	1	2	2	2	1	1	1	2	1	1	2	2	1	2	3	3	1	2	1	1
54000	-179.061512859159052	-185.917000810118424	6.855487950959373	0.000080000000000	0.000020000000000	0.250000000000000	0.648163164147899	0	2	3	5	4	6	3	6	7	7	8	9	7	9	8	7	9	8	9	9	9	9	9	11	11	13	8	12	12	11	11	13	14	13	13	15	17	0	1	2	2	2	3	0	3	4	7	8	16	5	8	8	8	9	7	18	5	16	16	15	22	16	15	5	21	22	11	5	21	32	25	13	28	36	1	1	1	1	1	1	1	1	1	3	1	1	2	1	1	1	1	2	1	2	1	2	1	1	2	3	1	2	2	1	3	2	1	1	2	1	1
54500	-186.063580984750814	-192.919068935710186	6.855487950959373	0.000080000000000	0.000020000000000	0.250000000000000	0.771499552282552	0	2	3	4	5	7	5	5	7	7	8	9	8	9	6	7	10	8	10	10	9	9	9	11	12	13	9	11	13	11	12	14	14	15	12	15	17	0	1	2	2	2	8	0	3	4	7	15	16	5	6	8	8	9	10	10	13	16	16	15	16	24	8	13	21	25	11	13	29	21	29	11	16	32	1	1	1	1	1	1	1	1	1	1	1	1	2	1	1	1	1	1	2	1	1	1	2	2	1	4	1	1	1	1	3	1	2	1	3	4	1
55000	-181.512268860205353	-188.367756811164725	6.855487950959373	0.000080000000000	0.000020000000000	0.250000000000000	0.764207901099064	0	2	3	4	5	6	4	5	7	8	8	9	7	8	7	8	9	7	9	7	10	10	10	11	11	13	10	12	14	9	11	14	15	13	13	15	16	0	1	2	2	4	8	0	3	5	18	15	16	5	6	6	6	9	7	18	5	16	16	11	16	16	23	5	21	24	15	13	21	21	16	31	32	36	1	1	1	1	1	1	1	1	2	1	1	1	1	1	1	2	1	2	1	1	1	1	2	2	2	2	2	2	2	1	1	2	2	2	1	1	1
55500	-189.586192717402980	-196.441680668362352	6.855487950959373	0.000080000000000	0.000020000000000	0.250000000000000	0.531104250214208	1	2	4	6	5	6	3	6	6	7	9	8	8	9	7	7	9	9	9	9	9	9	10	11	12	12	10	12	14	12	13	14	14	15	13	15	16	0	1	2	2	2	3	0	3	5	7	15	4	4	8	4	6	4	7	10	5	16	16	15	12	22	15	20	21	25	15	27	28	28	22	20	32	34	1	1	1	2	2	2	1	1	1	2	2	1	1	2	1	1	3	2	1	1	1	1	2	1	1	2	1	2	1	2	2	1	1	3	2	1	1
56000	-185.900576312803338	-192.756064263762710	6.855487950959373	0.000080000000000	0.000020000000000	0.250000000000000	0.735019216308383	1	4	3	6	5	7	3	5	8	5	9	6	7	9	6	7	10	8	8	8	10	9	10	9	12	11	10	10	12	12	12	14	13	15	13	15	17	0	3	1	2	3	8	0	3	4	7	12	3	5	6	3	12	9	10	10	13	12	16	11	16	21	11	20	22	22	26	27	28	21	22	31	28	36	1	1	1	1	1	1	1	1	1	2	1	1	1	1	1	1	2	2	1	1	1	1	1	1	1	1	1	1	2	1	1	2	2	4	1	2	1
56500	-170.953675023533890	-177.809162974493262	6.855487950959373	0.000080000000000	0.000020000000000	0.250000000000000	0.769231429248699	-1	4	3	6	5	6	4	6	7	8	9	9	7	8	8	7	8	6	9	9	8	8	9	10	12	13	10	12	13	11	13	14	14	15	13	14	17	0	3	1	2	2	3	0	2	4	18	15	22	5	8	6	8	6	7	18	13	6	16	15	22	22	11	20	21	22	11	27	21	28	29	27	28	32	1	1	2	1	1	2	1	1	1	1	1	1	2	1	1	1	1	1	1	1	1	1	1	1	2	2	1	3	2	1	2	3	1	1	2	1	2
57000	-157.317404667134440	-164.172892618093812	6.855487950959373	0.000080000000000	0.000020000000000	0.250000000000000	0.711331254592706	0	3	4	5	6	6	4	6	6	7	9	9	7	8	7	7	10	8	9	9	10	9	10	11	12	11	10	12	12	12	13	14	13	13	12	15	17	0	1	2	2	2	3	0	3	2	7	15	16	5	8	8	6	9	10	10	13	16	16	15	22	22	15	13	21	16	23	27	25	28	29	27	32	36	1	1	1	1	1	1	1	1	1	1	2	1	1	1	1	1	2	1	1	1	1	1	1	1	2	2	1	1	2	1	2	1	1	1	1	1	1
57500	-169.291134728895514	-176.146622679854886	6.855487950959373	0.000080000000000	0.000020000000000	0.250000000000000	0.755687495462797	0	3	4	5	5	5	5	6	7	7	9	9	8	9	8	8	9	9	9	8	10	9	7	10	11	12	11	12	14	11	11	13	15	14	12	15	17	0	1	2	2	2	2	0	6	2	7	23	16	5	6	23	8	9	10	10	5	16	16	6	16	22	23	13	21	16	11	20	21	32	32	5	32	32	1	2	1	1	1	1	1	1	2	1	1	1	2	1	1	1	1	1	1	1	1	1	1	1	1	2	2	1	2	2	2	2	1	1	3	1	2
58000	-179.540867398689130	-186.396355349648502	6.855487950959373	0.000080000000000	0.000020000000000	0.250000000000000	0.652955189600631	1	3	4	5	5	5	4	6	7	8	7	6	7	8	8	8	10	6	9	7	10	9	10	10	12	13	10	12	12	12	12	15	15	13	13	16	16	0	1	2	2	2	3	0	6	2	18	6	6	5	8	11	12	9	7	18	5	22	16	11	16	22	23	13	21	24	15	27	21	28	22	13	29	28	1	1	1	2	1	1	1	1	2	1	1	1	1	1	1	2	2	1	1	1	1	1	1	1	2	1	1	1	1	2	1	2	2	2	3	1	2
58500	-174.689539394836714	-181.545027345796086	6.855487950959373	0.000080000000000	0.000020000000000	0.250000000000000	0.703427020638436	1	2	3	4	5	5	4	6	7	8	8	7	8	8	7	8	9	8	9	10	10	9	10	10	12	12	9	11	12	11	12	15	14	15	14	16	18	0	1	2	2	4	3	0	3	4	7	15	6	8	6	3	12	9	7	18	5	22	16	11	16	16	11	5	21	22	15	20	28	25	25	31	29	36	1	1	1	1	1	2	1	1	2	2	1	1	1	2	2	1	1	2	1	2	1	1	1	1	2	2	2	1	1	1	1	2	1	2	1	2	1
59000	-169.634909984196554	-176.490397935155926	6.855487950959373	0.000080000000000	0.000020000000000	0.250000000000000	0.694821361441801	0	2	3	5	6	5	3	7	7	6	7	9	8	8	8	7	9	7	9	9	9	9	9	10	11	12	9	12	10	11	12	14	14	14	13	16	18	0	1	2	3	6	3	0	6	2	7	6	16	5	8	6	6	9	10	18	13	16	9	11	22	22	11	13	21	16	11	27	28	21	22	27	28	36	1	1	1	1	1	1	1	1	2	2	1	1	1	1	2	1	1	1	1	1	1	1	1	1	1	2	1	1	2	2	2	1	1	2	2	2	1
59500	-175.797632394839297	-182.653120345798669	6.855487950959373	0.000080000000000	0.000020000000000	0.250000000000000	0.699132587443721	1	2	4	5	4	5	3	6	8	8	9	6	6	9	6	8	9	6	9	8	9	10	10	10	12	13	10	12	12	11	12	12	13	14	14	15	18	0	1	2	2	2	3	0	6	8	18	15	6	5	8	6	12	9	7	18	5	16	16	15	16	22	11	20	21	22	23	20	21	21	22	27	33	36	1	1	1	1	1	1	1	1	1	1	1	1	1	2	1	1	1	1	1	2	1	1	2	1	1	2	1	2	1	1	2	2	2	2	1	1	1
60000	-197.857207396757246	-204.712695347716618	6.855487950959373	0.000080000000000	0.000020000000000	0.250000000000000	0.614706284169800	0	3	4	2	5	6	4	6	7	8	9	8	8	8	7	8	10	9	9	10	9	9	10	10	11	12	9	12	14	12	11	13	14	14	12	16	17	0	4	4	1	4	4	0	3	2	7	15	6	6	6	6	6	9	7	10	13	12	6	15	22	22	15	5	21	25	6	13	21	21	30	5	32	36	1	1	1	1	1	4	1	1	2	2	2	2	1	1	1	1	1	2	1	1	1	2	1	1	1	2	2	2	2	3	1	2	2	1	3	2	1
60500	-180.323896533996674	-187.179384484956046	6.855487950959373	0.000080000000000	0.000020000000000	0.250000000000000	0.615730775708571	0	3	2	5	6	5	4	6	8	7	9	9	8	7	7	7	10	8	10	8	9	8	10	10	11	12	9	12	13	11	11	13	14	13	14	16	17	0	3	1	2	4	3	0	6	4	7	15	16	5	6	8	6	4	7	10	5	22	16	15	22	22	11	20	21	22	23	27	16	28	16	27	32	36	1	1	1	1	1	1	1	1	2	2	1	1	1	2	1	1	3	3	2	1	1	1	2	1	1	2	1	1	2	1	1	3	1	3	2	1	1
61000	-180.248138523328976	-187.103626474288347	6.855487950959373	0.000080000000000	0.000020000000000	0.250000000000000	0.698492357209552	0	2	3	5	5	5	4	6	6	8	8	9	8	8	6	7	8	6	10	10	10	9	9	10	11	12	10	12	13	12	12	14	13	15	10	14	16	0	1	2	2	2	3	0	6	2	18	15	16	5	8	6	6	9	7	18	5	22	16	15	16	16	23	5	21	16	11	35	21	25	25	13	29	36	1	1	1	2	1	1	1	1	1	1	1	1	2	1	1	1	2	1	2	3	1	1	2	2	2	2	2	1	2	2	1	2	2	2	1	1	1
61500	-193.084845274334157	-199.940333225293529	6.855487950959373	0.000080000000000	0.000020000000000	0.250000000000000	0.603648279480831	0	2	3	6	6	5	3	6	7	7	7	8	8	9	8	6	9	5	9	9	10	9	9	10	11	12	11	12	14	11	13	14	14	15	13	16	18	0	1	2	2	3	3	0	6	5	18	8	16	5	8	8	3	13	7	18	13	22	16	11	22	16	23	20	21	12	11	5	21	28	22	20	21	32	1	1	1	2	1	1	1	1	1	2	1	1	1	2	1	2	1	1	2	1	1	1	1	1	2	2	1	2	3	2	3	2	1	2	2	4	1
62000	-188.890566403908736	-195.746054354868107	6.855487950959373	0.000080000000000	0.000020000000000	0.250000000000000	0.723706283734268	0	3	4	5	5	7	4	5	6	7	7	7	7	7	8	8	9	8	10	9	9	9	10	11	12	13	10	12	13	11	11	15	11	15	12	15	17	0	1	2	2	2	8	0	2	2	7	8	2	5	8	11	11	2	10	18	5	6	6	15	22	22	11	13	21	22	23	20	21	21	29	13	28	36	1	1	1	1	1	2	1	1	1	2	1	1	1	1	1	1	2	1	1	2	1	1	1	1	2	3	2	2	1	1	1	4	1	1	2	2	1
62500	-158.143539105378665	-164.999027056338036	6.855487950959373	0.000080000000000	0.000020000000000	0.250000000000000	0.839747874263318	0	2	4	4	3	6	3	7	7	6	8	8	6	8	7	7	8	9	9	9	9	8	8	10	11	12	10	11	13	10	12	14	15	15	13	15	17	0	1	2	2	2	3	0	6	4	7	15	16	5	6	6	6	9	10	10	13	16	16	15	16	22	11	13	21	22	11	27	28	32	29	31	32	36	1	1	1	1	1	1	1	1	1	2	1	1	2	1	1	1	1	1	1	1	1	1	1	1	1	2	2	1	2	1	1	2	1	1	1	1	1
63000	-160.997416313059745	-167.852904264019116	6.855487950959373	0.000080000000000	0.000020000000000	0.250000000000000	0.789506506869711	0	2	4	5	5	6	4	7	7	7	8	9	8	8	7	7	9	9	8	9	9	9	9	10	11	12	10	11	12	9	12	15	14	15	14	14	18	0	1	2	2	2	3	0	6	4	7	15	16	5	6	4	6	9	10	10	13	16	16	15	22	22	30	13	21	22	11	27	28	28	16	31	28	34	1	1	1	2	1	1	1	1	1	1	1	1	1	1	1	1	1	1	1	1	1	1	1	1	1	1	1	1	2	1	1	2	1	2	2	2	2
63500	-187.198158682841495	-194.053646633800867	6.855487950959373	0.000080000000000	0.000020000000000	0.250000000000000	0.598111455359650	-1	1	3	5	4	6	4	5	7	7	8	8	6	8	7	8	9	8	9	6	10	9	9	10	10	12	10	13	12	12	12	14	14	14	13	15	16	0	1	2	2	2	4	0	3	4	7	15	4	5	8	8	6	9	7	18	5	12	12	15	22	16	11	5	21	22	11	20	16	28	29	13	21	36	1	1	1	1	1	1	1	1	1	2	1	2	1	1	1	2	1	2	1	1	1	1	1	1	1	3	3	2	2	2	3	3	1	1	3	2	1
64000	-171.965946257527065	-178.821434208486437	6.855487950959373	0.000080000000000	0.000020000000000	0.250000000000000	0.708969524693125	1	3	4	6	6	6	4	5	7	8	8	9	6	8	7	7	10	7	9	8	9	9	10	10	11	11	10	12	12	9	12	13	14	14	13	15	17	0	1	2	2	3	8	0	3	4	18	15	16	2	6	8	8	9	7	18	13	16	16	11	16	22	30	3	12	22	11	27	21	29	29	27	32	36	1	1	1	1	1	1	1	1	1	1	1	1	2	1	1	1	2	2	2	2	1	1	1	2	1	1	2	1	2	1	1	2	1	1	2	1	1
64500	-175.176351158622566	-182.031839109581938	6.855487950959373	0.000080000000000	0.000020000000000	0.250000000000000	0.667254070770550	0	3	1	5	5	5	4	5	7	7	8	9	7	8	6	8	10	8	8	9	9	7	10	11	12	11	10	11	13	12	9	13	14	14	13	15	16	0	3	1	2	2	3	0	3	4	7	15	8	5	8	8	6	9	10	10	13	22	8	15	16	21	15	31	12	25	11	13	21	32	29	27	32	36	1	1	1	1	1	2	1	2	1	2	1	2	1	1	1	1	1	1	1	1	1	1	2	2	2	2	1	1	1	2	1	2	1	1	2	1	1
65000	-162.358536847435118	-169.214024798394490	6.855487950959373	0.000080000000000	0.000020000000000	0.250000000000000	0.874929734009824	0	4	3	5	6	5	4	6	8	7	9	8	7	9	7	7	10	6	10	8	9	9	8	10	11	11	9	12	12	10	11	14	14	13	12	14	18	0	3	1	2	2	3	0	6	4	18	15	16	5	6	8	6	9	7	10	5	16	16	15	16	22	23	20	24	22	23	27	28	29	24	27	29	36	1	1	1	1	1	1	1	1	1	1	1	1	1	2	1	1	2	1	2	1	1	1	1	2	1	1	1	1	1	1	1	1	1	1	1	1	2
65500	-167.816944332062349	-174.672432283021720	6.855487950959373	0.000080000000000	0.000020000000000	0.250000000000000	0.742956759562800	1	4	3	5	6	5	4	6	7	7	8	9	8	8	7	7	9	6	8	10	9	9	9	11	11	11	10	11	12	11	13	15	14	15	14	15	18	0	3	1	2	2	2	0	6	4	18	15	16	5	8	6	6	9	7	18	5	16	16	11	22	16	15	5	21	22	11	27	28	29	33	31	28	32	1	1	1	1	1	1	1	1	1	1	1	1	1	1	1	1	1	1	2	2	1	1	1	1	2	2	1	1	1	2	1	2	1	1	1	2	2
66000	-187.164399277381563	-194.019887228340934	6.855487950959373	0.000080000000000	0.000020000000000	0.250000000000000	0.808436274607819	0	3	3	5	5	6	2	5	8	5	8	9	7	9	7	7	10	7	9	10	10	9	10	9	11	11	9	12	13	12	13	12	14	14	13	15	16	0	1	1	2	2	8	0	2	2	7	6	16	5	8	3	6	3	10	18	13	16	16	11	16	12	6	13	21	25	23	27	12	28	21	27	29	36	1	1	1	1	1	1	1	1	1	2	1	1	1	2	2	1	2	1	2	2	1	1	1	1	1	2	1	1	1	1	2	2	1	2	2	1	1
66500	-174.573209097124987	-181.428697048084359	6.855487950959373	0.000080000000000	0.000020000000000	0.250000000000000	0.737668904669732	0	4	3	6	5	6	5	5	7	7	7	9	7	8	8	7	10	7	8	9	9	9	8	11	12	13	10	13	11	10	11	13	15	14	13	14	17	0	3	1	2	3	8	0	3	4	7	8	16	5	6	11	8	9	7	10	13	16	16	11	16	29	11	5	21	22	23	20	21	32	25	27	32	36	1	1	2	1	1	1	1	1	1	1	1	1	1	1	1	1	2	1	1	1	2	1	1	2	1	2	2	2	1	1	2	2	2	1	2	1	1
67000	-163.508584982198073	-170.364072933157445	6.855487950959373	0.000080000000000	0.000020000000000	0.250000000000000	0.771368313453602	0	2	3	5	4	4	4	5	7	7	8	8	8	8	6	7	10	8	9	8	9	9	9	9	11	13	10	12	11	11	13	14	14	13	13	15	17	0	1	2	2	2	3	0	6	8	7	15	16	5	6	8	8	13	10	10	5	16	16	15	16	22	11	20	21	16	11	27	28	28	29	27	32	36	1	1	1	2	1	1	1	1	1	2	1	1	2	2	1	1	1	1	1	2	2	1	1	1	1	3	1	1	1	1	1	1	1	1	1	1	1
67500	-176.867900828837975	-183.723388779797347	6.855487950959373	0.000080000000000	0.000020000000000	0.250000000000000	0.721404467548037	1	2	4	5	5	5	4	6	7	6	7	8	8	8	6	6	9	8	8	10	10	9	9	11	11	12	10	12	13	12	13	13	14	15	13	15	17	0	1	2	2	2	3	0	6	2	7	15	16	5	3	6	6	4	10	10	14	12	16	15	12	12	15	13	21	22	15	20	21	21	29	27	32	36	1	1	1	2	2	1	1	1	2	1	1	2	1	3	1	1	2	1	1	1	1	1	1	1	1	3	1	1	2	2	2	2	2	1	2	1	1
68000	-152.790516623073273	-159.646004574032645	6.855487950959373	0.000080000000000	0.000020000000000	0.250000000000000	0.889588230943481	0	2	3	6	5	5	4	6	8	7	9	9	7	8	7	7	10	8	10	9	10	9	9	11	11	11	10	13	12	11	12	15	13	14	13	15	16	0	1	2	2	2	3	0	6	4	7	15	16	5	8	6	8	9	10	10	5	16	16	15	22	21	23	13	29	21	23	27	28	12	29	31	28	36	1	1	1	2	1	1	1	1	1	1	1	1	1	1	1	1	1	1	1	1	2	1	1	1	1	1	2	1	1	1	1	1	2	1	1	1	1
68500	-166.616467016088961	-173.471954967048333	6.855487950959373	0.000080000000000	0.000020000000000	0.250000000000000	0.765328856357562	1	4	3	6	6	4	4	6	8	7	8	7	7	8	7	8	10	8	9	9	10	10	9	11	12	12	9	13	13	10	11	14	15	15	13	16	17	0	3	1	2	2	3	0	6	4	7	15	8	5	8	4	12	9	10	18	13	16	12	15	16	22	8	4	21	21	11	13	21	28	29	27	28	36	1	1	1	1	1	1	1	1	1	1	1	1	1	1	1	1	1	1	1	1	1	1	1	2	1	3	1	2	1	1	2	2	1	2	2	2	1
69000	-180.576255946496104	-187.431743897455476	6.855487950959373	0.000080000000000	0.000020000000000	0.250000000000000	0.757846929816593	0	3	2	5	5	5	4	7	7	6	7	7	8	8	6	8	10	8	9	9	10	10	10	10	12	10	10	12	13	11	12	14	15	15	13	15	18	0	3	1	2	2	3	0	4	4	7	15	15	5	8	6	6	9	10	18	5	16	16	15	16	22	11	13	21	22	11	4	28	29	32	27	29	36	1	1	1	1	1	1	1	1	1	2	1	1	2	1	1	2	1	2	1	2	1	1	2	1	1	1	1	1	2	2	3	1	2	1	1	1	2
69500	-173.025333863676224	-179.880821814635596	6.855487950959373	0.000080000000000	0.000020000000000	0.250000000000000	0.745740629926294	0	2	3	6	5	5	4	6	8	7	8	8	7	8	7	7	10	8	9	9	10	9	8	11	11	13	11	13	13	11	13	14	15	14	13	16	18	0	1	2	3	3	3	0	6	2	7	15	16	5	8	4	6	9	10	10	5	22	16	15	16	22	11	20	21	16	15	4	21	32	21	27	34	21	1	1	1	1	1	1	1	1	3	1	1	1	1	1	1	1	2	1	1	2	1	1	1	2	1	3	1	2	3	2	3	2	1	2	1	1	4
70000	-177.904038931243718	-184.759526882203090	6.855487950959373	0.000080000000000	0.000020000000000	0.250000000000000	0.832933911119919	0	3	2	5	6	6	4	5	7	6	8	6	7	8	7	8	10	9	8	10	9	9	9	9	11	13	9	11	13	11	12	13	12	15	12	15	18	0	3	1	2	8	3	0	3	8	7	9	3	5	6	6	12	4	10	10	5	16	16	11	16	16	11	4	21	25	23	27	28	21	29	20	32	36	1	1	1	1	1	1	1	2	2	1	1	2	1	1	1	1	3	1	1	2	1	1	1	1	2	2	1	1	1	1	1	1	1	1	1	1	2
70500	-201.756955719375128	-208.612443670334500	6.855487950959373	0.000080000000000	0.000020000000000	0.250000000000000	0.695468212262974	0	2	3	4	4	6	4	5	6	6	8	9	7	8	7	8	9	8	9	8	9	7	9	9	12	13	8	12	14	10	11	12	14	11	14	15	18	0	1	2	2	2	8	0	3	2	7	15	22	5	9	2	22	3	10	18	5	16	8	11	22	16	11	9	21	25	11	13	21	28	22	13	21	36	1	1	1	2	1	1	1	1	2	1	1	1	2	1	3	1	3	1	1	2	1	1	1	2	2	2	2	2	1	1	2	2	1	1	2	3	2
71000	-172.296956413646058	-179.152444364605429	6.855487950959373	0.000080000000000	0.000020000000000	0.250000000000000	0.718555250798397	0	4	2	5	4	6	3	7	6	8	8	9	7	8	7	7	9	5	10	9	9	9	9	11	12	13	10	12	12	11	12	15	14	13	13	16	17	0	3	1	2	1	3	0	6	2	18	2	16	4	8	4	6	9	7	10	13	16	16	11	16	22	23	20	21	22	23	20	34	28	22	27	28	36	1	1	1	1	2	2	1	1	1	2	1	1	1	1	1	1	1	1	1	1	1	1	1	2	2	2	1	2	1	1	1	1	1	1	2	2	1
71500	-180.114812698806418	-186.970300649765790	6.855487950959373	0.000080000000000	0.000020000000000	0.250000000000000	0.648745011652525	1	3	2	5	5	5	4	6	7	7	8	8	8	7	7	7	10	8	10	8	8	10	9	11	9	12	10	11	13	10	12	13	13	15	13	15	16	0	3	1	2	2	3	0	6	4	7	15	16	5	6	6	6	9	10	10	5	16	16	15	22	16	23	5	21	22	23	13	21	28	29	27	21	32	1	1	1	1	1	1	1	1	1	2	1	1	2	1	1	1	2	1	2	2	1	1	1	1	1	2	2	2	1	1	3	2	2	1	2	3	2
72000	-185.860706434532148	-192.716194385491519	6.855487950959373	0.000080000000000	0.000020000000000	0.250000000000000	0.700568542435693	1	3	2	6	5	4	3	6	7	7	8	9	7	8	7	7	9	8	9	7	9	10	9	9	11	12	10	12	12	12	12	15	12	13	14	15	17	0	3	1	2	2	3	0	6	4	7	3	16	5	16	6	8	9	10	18	5	16	6	15	16	24	15	13	21	22	23	27	28	21	29	31	21	32	1	1	1	1	1	1	1	1	1	2	3	2	2	1	1	1	1	1	1	1	1	3	1	1	1	2	2	1	1	2	1	2	2	1	1	3	1
72500	-185.314631985210980	-192.170119936170352	6.855487950959373	0.000080000000000	0.000020000000000	0.250000000000000	0.824638543183079	0	3	4	5	5	5	4	7	7	7	9	9	7	9	7	8	10	6	10	8	9	9	9	10	11	11	11	12	14	12	12	14	15	15	13	16	17	0	1	2	2	3	3	0	6	4	7	15	20	5	8	6	6	9	7	10	13	16	16	15	22	22	23	20	21	24	2	13	21	28	29	27	32	32	1	2	1	1	1	1	1	1	1	2	1	1	1	1	1	2	1	1	2	1	1	1	1	1	2	2	1	2	1	3	2	2	2	1	1	1	1
73000	-174.928553521055107	-181.784041472014479	6.855487950959373	0.000080000000000	0.000020000000000	0.250000000000000	0.694319286407861	0	2	4	6	4	5	4	6	7	6	8	9	7	9	8	7	10	9	9	9	9	9	10	11	12	13	8	12	13	10	11	14	14	14	13	15	17	0	1	2	2	1	3	0	6	6	7	8	16	5	6	6	6	9	10	10	5	16	16	11	21	22	23	4	21	28	15	20	28	28	21	31	32	36	1	1	1	2	1	1	1	1	2	1	1	1	2	2	2	1	1	2	1	2	2	1	1	1	1	1	1	2	1	1	1	1	1	2	1	1	1
73500	-184.682061914934508	-191.537549865893880	6.855487950959373	0.000080000000000	0.000020000000000	0.250000000000000	0.692836875616417	1	3	4	5	5	6	3	5	6	7	8	8	7	8	7	8	8	5	10	10	10	10	9	10	11	12	8	12	11	10	11	14	14	14	12	15	17	0	1	2	2	2	8	0	3	2	18	6	8	5	9	8	6	9	7	10	5	16	16	15	16	22	11	5	22	16	11	27	28	29	29	27	16	32	1	1	1	1	1	1	1	1	3	1	1	1	1	1	1	1	1	1	1	2	2	2	1	1	1	2	2	1	2	1	2	1	1	1	2	4	1
74000	-171.789246512454952	-178.644734463414323	6.855487950959373	0.000080000000000	0.000020000000000	0.250000000000000	0.799722477179780	-1	1	3	5	5	6	5	5	7	8	7	8	7	8	8	7	9	9	10	9	9	10	10	9	10	11	10	11	14	10	11	15	14	13	14	15	17	0	1	2	2	2	8	0	3	4	7	8	16	5	6	11	8	9	10	10	13	16	12	15	16	12	11	5	21	22	11	20	21	28	25	31	28	36	1	1	1	2	2	1	1	1	1	2	1	1	1	1	1	2	1	1	1	1	1	1	1	1	1	1	2	2	2	1	1	2	2	1	1	2	1
74500	-165.130538422385257	-171.986026373344629	6.855487950959373	0.000080000000000	0.000020000000000	0.250000000000000	0.840754174138047	1	3	4	5	6	5	4	7	7	8	9	9	5	9	7	7	9	9	10	9	10	9	10	11	11	10	10	12	11	11	13	15	13	12	13	14	17	0	1	2	2	13	3	0	6	4	7	15	16	2	8	6	6	9	10	18	5	22	16	15	22	22	11	20	25	16	11	27	28	29	22	20	29	36	1	1	1	1	1	1	1	1	1	2	1	1	1	1	1	1	1	1	1	2	1	1	1	1	1	1	1	1	2	1	2	2	1	2	1	1	2
75000	-167.776666504524542	-174.632154455483914	6.855487950959373	0.000080000000000	0.000020000000000	0.250000000000000	0.610257522360218	0	2	3	4	5	6	4	7	7	7	9	9	8	8	7	7	10	8	10	8	9	9	9	11	11	12	10	12	12	12	12	14	13	14	13	15	18	0	1	2	2	2	3	0	6	4	7	15	16	5	6	6	6	13	10	18	5	16	16	15	22	22	23	20	21	16	13	27	21	28	29	27	28	36	1	1	1	1	1	2	1	1	2	2	1	2	2	1	1	1	1	1	1	1	1	1	1	1	1	2	1	2	1	2	1	2	1	1	2	2	2
75500	-166.694814623619976	-173.550302574579348	6.855487950959373	0.000080000000000	0.000020000000000	0.250000000000000	0.838755438305554	1	3	4	5	4	5	3	6	6	7	8	8	7	8	7	7	10	9	9	9	9	9	9	11	11	11	10	13	13	11	12	14	14	13	13	15	18	0	1	2	2	2	3	0	6	2	7	15	16	5	8	4	8	9	10	10	13	16	16	11	16	22	11	13	24	25	23	27	28	29	22	5	29	36	1	1	1	1	1	1	1	1	2	2	1	1	1	1	1	1	1	2	2	1	1	1	1	2	1	1	1	1	2	1	1	1	1	2	4	1	1
76000	-192.579698712108041	-199.435186663067412	6.855487950959373	0.000080000000000	0.000020000000000	0.250000000000000	0.652002147625625	0	3	1	5	6	5	4	7	8	5	8	8	8	9	6	7	9	8	8	9	9	10	10	10	11	11	11	12	14	11	12	14	15	13	13	15	17	0	3	1	2	2	2	0	6	4	7	15	16	5	8	6	6	9	10	10	5	16	4	11	16	22	15	20	21	34	11	5	21	28	22	26	21	36	1	1	1	1	1	1	1	1	1	1	1	1	1	1	1	1	1	2	1	2	1	3	1	2	1	2	2	1	1	2	4	2	2	2	2	3	1
76500	-188.417842275258295	-195.273330226217666	6.855487950959373	0.000080000000000	0.000020000000000	0.250000000000000	0.744209774102183	0	3	1	5	5	6	4	5	7	8	8	8	7	9	7	7	9	9	9	9	9	9	10	11	11	11	10	12	13	11	12	15	14	15	13	15	18	0	3	1	2	2	8	0	2	6	7	3	4	5	15	3	8	15	10	10	13	16	16	11	12	12	23	13	21	22	23	20	21	21	12	31	29	32	1	1	1	1	1	1	1	1	1	2	3	1	1	1	3	2	1	1	1	1	1	1	1	1	1	1	2	2	2	1	2	2	2	2	1	1	1
77000	-159.070724764701282	-165.926212715660654	6.855487950959373	0.000080000000000	0.000020000000000	0.250000000000000	0.813473183529362	-1	3	1	5	6	6	2	5	7	8	8	9	5	8	7	7	9	7	9	8	10	9	8	11	12	11	10	12	13	11	11	13	15	14	13	15	17	0	3	1	2	13	8	0	3	4	18	15	16	2	6	6	8	9	7	10	13	22	16	15	22	22	15	20	21	22	11	27	28	32	29	31	32	36	1	1	1	1	1	1	1	1	1	1	1	1	1	2	1	1	1	2	1	1	1	1	1	1	1	2	1	1	2	1	1	1	1	1	1	1	1
77500	-180.898979200549320	-187.754467151508692	6.855487950959373	0.000080000000000	0.000020000000000	0.250000000000000	0.867540250782061	0	4	3	6	5	6	4	5	8	6	8	9	8	8	7	7	10	9	9	8	10	9	9	10	10	12	9	13	12	11	12	14	15	13	13	14	16	0	3	1	2	2	8	0	3	4	7	15	16	5	6	8	8	9	10	10	5	22	8	15	22	12	22	5	21	12	15	27	34	32	12	31	21	32	1	1	2	1	1	1	1	1	1	1	1	1	1	1	1	1	1	2	2	2	1	3	1	1	1	2	2	1	1	2	1	1	1	2	1	2	1
78000	-161.016446561464619	-167.871934512423991	6.855487950959373	0.000080000000000	0.000020000000000	0.250000000000000	0.864401603933209	0	3	2	4	5	6	4	4	8	6	6	8	6	8	8	7	9	8	9	9	9	8	9	10	11	11	10	12	12	11	12	14	14	14	14	15	18	0	3	1	2	4	8	0	3	4	7	8	16	5	6	11	6	9	10	10	5	16	16	11	22	16	23	13	21	22	15	27	21	28	28	31	32	32	1	1	1	1	1	1	1	1	2	1	1	1	1	1	1	1	1	1	2	2	1	1	2	1	1	1	2	1	1	1	1	2	1	1	1	1	1
78500	-187.849248530042445	-194.704736481001817	6.855487950959373	0.000080000000000	0.000020000000000	0.250000000000000	0.645045384839178	0	4	3	5	5	6	5	7	7	7	8	9	7	8	7	7	9	9	8	9	10	10	6	9	11	13	10	12	13	10	11	15	14	14	13	15	17	0	3	1	2	2	3	0	6	4	7	3	16	5	8	23	6	5	10	10	5	16	16	3	16	24	11	9	21	16	23	5	28	29	22	13	29	36	1	1	2	1	1	1	1	1	1	1	3	1	1	1	1	1	2	1	1	2	2	2	1	1	1	2	2	1	2	2	4	2	1	2	2	1	1
79000	-188.902977728635278	-195.758465679594650	6.855487950959373	0.000080000000000	0.000020000000000	0.250000000000000	0.655833426793218	0	3	4	5	5	5	4	6	6	7	8	9	7	8	7	6	8	7	9	10	10	8	10	10	12	13	9	13	14	11	12	13	14	15	13	15	17	0	1	2	1	2	3	0	6	3	7	15	16	5	6	6	6	9	7	18	13	22	16	11	16	12	23	5	21	24	5	27	21	28	32	27	28	36	1	1	1	3	1	1	1	1	1	3	1	2	1	1	1	1	2	1	1	1	1	1	1	2	1	2	2	2	3	2	1	2	1	1	3	1	1
79500	-190.487283295876466	-197.342771246835838	6.855487950959373	0.000080000000000	0.000020000000000	0.250000000000000	0.620061791777820	0	2	4	5	5	6	4	5	7	6	8	8	7	7	7	8	10	8	9	8	10	9	10	10	11	12	9	12	11	11	12	15	13	14	14	15	18	0	1	2	2	2	8	0	3	4	7	15	8	5	8	8	8	20	7	18	5	22	12	15	22	16	11	13	22	22	15	20	22	24	25	27	28	29	1	1	1	1	2	1	1	1	1	1	1	2	1	1	1	2	1	2	1	2	1	1	1	1	2	2	1	1	1	2	3	3	1	1	3	2	3
80000	-177.375941143147259	-184.231429094106630	6.855487950959373	0.000080000000000	0.000020000000000	0.250000000000000	0.803841148991784	0	2	4	5	5	5	4	6	7	7	9	8	7	8	7	7	9	5	8	9	9	10	9	11	9	13	9	11	13	12	13	14	14	13	13	15	16	0	1	2	2	2	2	0	3	4	18	15	4	4	6	4	6	5	7	18	5	16	16	15	22	16	30	13	21	12	11	20	25	34	21	27	32	36	1	1	1	2	2	1	1	1	1	1	1	1	1	2	1	1	2	1	2	2	1	1	1	1	1	1	1	1	3	1	2	2	1	2	2	1	1
80500	-194.258263344939451	-201.113751295898822	6.855487950959373	0.000080000000000	0.000020000000000	0.250000000000000	0.653888821349635	0	2	4	5	6	7	3	6	7	7	9	8	8	9	7	7	9	8	9	8	9	10	10	11	12	13	11	12	13	11	13	14	14	15	13	16	16	0	1	2	2	3	3	0	4	2	7	15	16	5	6	8	8	9	10	10	9	8	16	11	21	22	11	6	21	22	15	27	28	22	22	20	34	29	1	1	1	2	1	1	1	1	2	2	1	1	2	1	1	1	2	1	1	1	2	1	1	1	1	1	2	1	2	1	2	1	2	3	3	1	2
81000	-174.894997738519692	-181.750485689479063	6.855487950959373	0.000080000000000	0.000020000000000	0.250000000000000	0.920010659902192	0	4	2	5	5	4	5	6	7	8	7	9	7	8	8	8	10	7	10	10	9	10	9	10	11	9	10	12	12	11	12	13	14	13	14	14	18	0	3	1	2	2	3	0	6	4	18	8	16	5	8	11	8	9	7	10	5	16	16	15	16	21	11	5	21	16	26	27	21	32	22	27	25	36	1	1	1	1	1	1	1	1	1	1	1	1	1	1	1	1	2	1	2	1	1	1	1	1	1	1	2	2	2	1	1	2	1	1	2	1	2
81500	-189.578507650311707	-196.433995601271079	6.855487950959373	0.000080000000000	0.000020000000000	0.250000000000000	0.548994589764320	0	4	2	6	5	5	4	7	7	8	9	9	7	9	7	7	9	7	10	9	10	8	10	11	12	13	9	12	14	11	12	14	14	14	13	14	17	0	3	1	2	2	3	0	6	5	18	8	22	5	6	6	6	4	7	18	13	22	16	2	12	16	11	5	21	16	23	13	21	28	25	4	21	36	1	1	1	1	1	2	1	1	1	1	1	1	1	2	2	1	1	2	1	1	1	1	3	1	3	2	2	1	2	1	3	2	1	1	3	2	2
82000	-176.361100582972398	-183.216588533931770	6.855487950959373	0.000080000000000	0.000020000000000	0.250000000000000	0.696591340826113	-1	1	3	3	6	5	5	6	7	8	9	8	5	8	7	7	9	7	10	10	9	9	10	11	12	13	9	12	11	11	13	15	12	13	13	15	18	0	1	2	2	13	3	0	3	13	18	15	16	4	8	6	8	9	7	10	13	16	16	15	16	22	30	13	21	22	11	27	28	21	29	27	28	36	1	1	1	1	1	2	1	2	1	1	1	1	1	2	1	1	1	1	1	2	1	1	1	2	1	1	2	2	1	1	2	1	1	1	2	2	1
82500	-178.138908734505662	-184.994396685465034	6.855487950959373	0.000080000000000	0.000020000000000	0.250000000000000	0.671132719803409	0	2	3	5	5	6	4	5	7	6	8	8	8	7	7	7	9	8	10	9	10	10	10	10	11	12	10	11	12	11	13	14	14	14	12	14	16	0	1	2	2	2	8	0	3	4	7	15	16	5	6	8	8	9	10	10	5	16	4	11	16	16	22	13	21	22	15	27	21	21	22	20	29	28	1	1	1	2	2	1	1	1	1	1	1	1	1	1	1	1	1	1	2	2	1	3	1	1	2	1	1	1	1	2	2	2	2	2	2	1	3
83000	-176.124464903946119	-182.979952854905491	6.855487950959373	0.000080000000000	0.000020000000000	0.250000000000000	0.689068704214630	0	3	4	6	5	6	4	5	4	8	7	9	8	8	8	8	9	8	9	10	10	7	9	10	12	11	10	13	13	12	12	15	14	15	13	15	17	0	1	2	9	2	8	0	3	2	7	8	22	4	6	11	22	4	7	10	4	16	8	11	12	21	11	5	21	24	26	13	28	21	29	5	28	36	1	1	1	1	1	1	1	1	1	2	1	1	1	1	1	1	1	2	1	2	1	1	1	1	1	2	2	2	1	1	2	1	2	1	3	1	1
83500	-179.354283438122508	-186.209771389081880	6.855487950959373	0.000080000000000	0.000020000000000	0.250000000000000	0.769602361705596	0	1	3	3	5	7	4	5	7	6	6	8	6	7	8	7	9	8	10	9	9	6	8	11	11	13	10	12	13	10	12	14	12	15	13	15	17	0	1	2	2	2	8	0	3	13	7	8	22	5	8	11	22	9	10	10	5	22	8	11	16	16	23	5	21	25	23	20	21	24	25	31	32	36	1	1	1	1	1	1	1	1	1	1	1	1	1	1	1	1	1	1	2	3	1	1	1	2	2	2	2	1	1	2	2	2	1	2	1	1	1
84000	-170.664726538986145	-177.520214489945516	6.855487950959373	0.000080000000000	0.000020000000000	0.250000000000000	0.736400159478004	-1	2	3	4	4	6	5	4	6	7	8	6	7	8	7	8	10	8	10	9	9	9	9	11	12	12	9	13	13	11	12	14	15	15	12	15	18	0	1	2	3	2	8	0	3	4	7	15	4	5	6	6	13	20	10	10	5	16	16	11	22	22	15	13	21	16	23	27	28	28	32	27	32	36	1	1	1	1	1	1	1	1	1	1	1	1	2	1	1	1	1	1	1	2	1	1	1	1	1	2	1	2	2	1	2	1	1	1	2	1	1
84500	-185.163342845006042	-192.018830795965414	6.855487950959373	0.000080000000000	0.000020000000000	0.250000000000000	0.626879297495619	0	2	4	5	4	5	4	7	7	6	8	8	7	8	6	7	9	8	10	9	9	9	9	10	12	12	9	13	13	12	13	14	13	14	13	15	17	0	1	2	2	2	3	0	6	2	7	15	16	5	6	6	6	9	10	10	5	9	16	15	22	16	15	13	24	12	23	27	21	21	29	27	28	36	1	1	1	1	1	1	1	1	2	1	2	1	2	1	1	1	1	2	2	2	1	1	2	1	1	3	2	1	3	2	2	2	2	1	2	1	2
85000	-170.305244181571453	-177.160732132530825	6.855487950959373	0.000080000000000	0.000020000000000	0.250000000000000	0.722640573839332	0	3	4	5	5	5	4	6	7	6	8	9	7	8	7	7	10	6	9	9	9	9	10	10	11	12	9	12	13	12	12	14	14	14	13	15	18	0	1	2	2	2	3	0	6	2	7	15	16	5	8	8	6	9	7	18	5	16	15	11	22	22	11	13	21	22	15	27	21	28	22	27	32	36	1	2	1	1	1	1	1	1	2	1	1	1	1	1	1	2	1	1	1	2	1	1	1	1	1	2	1	2	2	3	2	3	2	2	2	1	2
85500	-155.557600577814043	-162.413088528773415	6.855487950959373	0.000080000000000	0.000020000000000	0.250000000000000	0.735984905082662	1	3	4	5	6	6	3	5	8	5	8	7	7	7	7	8	9	8	8	9	9	10	9	10	11	11	9	11	12	11	11	14	15	13	13	15	17	0	1	2	2	4	8	0	3	4	7	15	8	5	6	8	12	9	10	10	13	16	16	15	21	22	11	5	21	25	15	27	21	32	25	31	32	36	1	1	1	1	1	1	1	1	2	1	1	1	1	1	1	1	1	2	1	1	1	1	1	1	1	2	1	1	1	2	1	2	1	1	1	1	1
86000	-176.964350520754891	-183.819838471714263	6.855487950959373	0.000080000000000	0.000020000000000	0.250000000000000	0.751395992800492	-3	3	4	5	5	7	4	5	7	7	9	9	8	8	7	7	8	7	10	9	9	8	9	10	11	13	10	13	12	11	12	13	14	14	14	15	18	0	1	2	2	2	8	0	2	4	7	15	22	5	6	3	8	9	7	10	5	22	16	15	22	22	15	20	21	22	23	20	21	28	32	31	28	32	1	2	1	1	1	1	1	1	1	2	1	1	2	1	1	1	1	2	2	2	1	1	1	1	1	2	1	2	1	1	2	2	1	1	2	1	2
86500	-165.950667814833025	-172.806155765792397	6.855487950959373	0.000080000000000	0.000020000000000	0.250000000000000	0.750740669417205	1	3	4	6	5	5	5	6	7	7	8	8	7	8	7	7	9	8	10	9	9	8	9	10	10	12	9	12	12	11	13	13	14	14	14	15	18	0	1	2	3	2	3	0	6	2	7	13	16	5	8	6	8	13	7	10	5	22	16	15	22	22	15	13	21	21	15	20	21	29	29	20	32	36	1	1	1	1	1	1	1	1	2	1	1	1	2	1	1	1	1	2	1	2	1	1	1	1	1	3	1	2	2	2	2	2	1	1	2	1	1
87000	-191.622537944383794	-198.478025895343166	6.855487950959373	0.000080000000000	0.000020000000000	0.250000000000000	0.717899970485629	0	2	3	5	6	7	4	5	6	7	8	9	4	8	6	7	10	8	9	9	9	10	9	11	11	12	10	12	11	9	12	13	14	14	13	15	17	0	1	2	2	13	8	0	3	2	7	15	16	2	15	8	8	4	10	18	13	16	16	6	20	16	11	20	21	16	15	27	21	26	22	27	22	36	1	1	1	1	1	2	1	1	2	2	1	1	1	1	1	1	3	1	1	2	1	2	1	1	2	2	1	2	2	1	1	2	1	3	2	3	1
87500	-170.609246622062756	-177.464734573022128	6.855487950959373	0.000080000000000	0.000020000000000	0.250000000000000	0.777464878259066	1	4	3	5	5	6	4	4	6	6	8	8	8	7	7	6	9	8	10	8	10	9	10	10	11	11	10	12	13	11	13	14	15	15	13	15	16	0	3	1	2	3	8	0	3	2	7	15	16	5	6	6	8	9	10	18	4	22	16	15	22	22	15	20	21	16	23	27	21	28	29	27	32	36	1	1	1	1	2	1	1	1	1	1	1	1	1	1	1	1	2	1	1	2	1	2	2	1	1	2	1	2	3	1	2	2	1	1	2	1	1
88000	-163.702942765204881	-170.558430716164253	6.855487950959373	0.000080000000000	0.000020000000000	0.250000000000000	0.807215092511083	1	4	3	6	5	7	4	5	7	8	9	8	7	9	7	7	9	7	9	9	9	9	9	8	12	12	10	12	13	11	12	14	15	14	12	15	17	0	3	1	2	2	8	0	3	4	7	15	16	5	6	8	8	9	7	18	5	16	16	15	16	21	11	20	21	16	23	27	22	28	22	27	32	32	1	1	1	1	1	1	1	1	1	2	1	1	1	1	1	1	1	2	1	2	1	1	1	1	1	1	1	2	2	1	2	3	1	1	1	1	2
88500	-161.866571189385155	-168.722059140344527	6.855487950959373	0.000080000000000	0.000020000000000	0.250000000000000	0.742351456485791	1	3	4	4	5	6	4	7	6	8	9	9	8	8	8	8	8	9	10	9	10	9	9	10	11	12	10	11	13	11	12	14	15	12	13	13	17	0	1	2	2	2	3	0	6	3	7	15	16	5	6	8	6	9	10	10	5	22	16	15	22	22	23	13	21	22	11	27	28	34	16	27	28	36	1	1	1	1	1	1	1	1	1	2	1	1	2	1	1	1	1	1	1	2	1	1	1	1	1	2	1	1	2	1	1	2	2	2	2	1	2
89000	-183.578350622759558	-190.433838573718930	6.855487950959373	0.000080000000000	0.000020000000000	0.250000000000000	0.813539560794612	1	3	4	5	5	6	3	7	7	7	9	8	7	8	8	8	8	9	9	9	10	10	7	9	10	13	9	12	12	12	12	14	13	15	13	16	18	0	1	2	2	1	3	0	6	4	7	15	8	5	3	23	6	9	10	10	13	16	16	3	6	24	11	5	21	16	15	6	28	21	29	31	29	36	1	1	1	1	1	1	1	1	1	2	1	1	1	2	1	1	1	2	1	1	1	1	1	2	1	2	2	1	2	2	2	1	1	1	1	2	1
89500	-177.931657582287585	-184.787145533246957	6.855487950959373	0.000080000000000	0.000020000000000	0.250000000000000	0.841387188360842	-1	2	4	5	5	6	3	7	7	7	9	9	7	9	8	6	10	9	9	8	10	8	9	10	11	11	11	12	14	12	13	12	14	15	14	14	18	0	1	2	2	2	3	0	6	4	7	15	4	5	6	8	3	4	10	10	13	22	16	15	16	12	23	13	21	12	11	27	21	32	29	31	21	36	1	1	1	1	1	1	1	1	1	2	1	1	1	1	1	1	3	1	1	1	1	1	1	2	1	1	2	1	2	1	1	1	2	1	1	2	2
90000	-187.151062241052415	-194.006550192011787	6.855487950959373	0.000080000000000	0.000020000000000	0.250000000000000	0.759275125086357	0	3	4	3	5	7	5	6	6	6	8	8	7	8	7	6	9	7	9	9	8	10	9	11	12	12	10	12	13	11	11	14	14	14	14	15	17	0	1	2	1	3	8	0	3	4	7	15	16	5	8	8	3	9	10	18	5	16	16	15	16	22	11	13	21	22	23	27	24	28	12	27	29	32	1	1	1	1	1	1	1	1	1	1	1	2	2	2	1	1	2	1	1	2	1	2	1	3	1	3	2	2	2	1	1	1	1	2	2	2	2
90500	-199.703124845904711	-206.558612796864082	6.855487950959373	0.000080000000000	0.000020000000000	0.250000000000000	0.838134128913800	0	2	3	5	6	7	5	6	7	7	9	8	7	8	7	5	10	8	10	8	8	9	9	9	10	11	10	12	12	11	12	13	15	14	12	15	18	0	1	2	2	3	8	0	3	4	7	15	8	4	8	4	2	9	10	10	16	16	16	15	12	16	25	20	21	12	23	27	21	32	24	27	21	36	1	1	1	2	1	1	1	1	1	2	1	1	1	1	1	1	2	1	2	1	1	2	2	1	2	1	1	1	1	1	2	2	1	2	1	2	1
91000	-173.020033013954844	-179.875520964914216	6.855487950959373	0.000080000000000	0.000020000000000	0.250000000000000	0.681383326682518	1	3	4	5	6	5	3	6	6	7	8	8	5	7	6	7	9	7	9	9	10	9	10	11	10	12	11	12	12	11	12	15	14	13	14	15	17	0	1	2	2	13	3	0	6	2	7	15	16	2	8	6	8	9	7	18	5	16	16	15	22	22	11	13	21	25	23	20	21	21	22	31	28	36	1	1	1	1	1	1	1	1	1	2	1	1	1	1	1	1	2	2	1	2	1	1	2	1	1	1	2	2	1	1	1	2	2	2	1	2	1
91500	-168.347916938504170	-175.203404889463542	6.855487950959373	0.000080000000000	0.000020000000000	0.250000000000000	0.763906796228604	0	2	4	4	4	5	4	6	8	7	8	8	7	8	6	7	9	8	10	9	10	9	9	11	9	11	10	12	12	11	13	14	14	13	13	15	17	0	1	2	2	2	3	0	6	13	7	8	16	5	6	5	6	13	10	10	5	16	16	11	22	16	15	13	21	16	23	20	28	29	28	20	28	36	1	1	1	1	1	1	1	1	1	1	1	1	2	1	1	1	1	1	2	2	2	1	1	1	1	2	1	1	2	1	3	1	1	1	2	1	1
92000	-181.819429856068922	-188.674917807028294	6.855487950959373	0.000080000000000	0.000020000000000	0.250000000000000	0.721592646658967	1	2	4	4	5	6	4	5	8	8	8	9	6	7	7	7	10	9	10	9	10	8	9	9	12	12	10	13	12	11	12	14	14	14	13	15	18	0	1	2	2	4	8	0	3	4	7	15	16	5	8	8	8	9	10	10	13	24	16	11	16	22	23	13	21	16	15	27	21	21	21	27	33	36	1	1	1	1	1	1	1	1	2	2	1	1	1	1	1	1	1	1	2	2	1	1	1	2	3	2	2	2	2	2	1	2	2	3	2	1	2
92500	-156.239116964676015	-163.094604915635387	6.855487950959373	0.000080000000000	0.000020000000000	0.250000000000000	0.875403867473060	0	3	4	5	5	6	5	5	7	6	9	8	8	8	7	7	9	9	10	9	10	9	9	10	11	12	10	12	13	11	11	14	14	14	12	14	17	0	1	2	2	2	8	0	3	4	7	15	16	5	6	6	8	2	10	10	13	22	16	15	22	22	15	20	21	22	11	27	21	28	22	31	29	36	1	2	1	1	1	1	1	1	1	1	1	1	1	1	1	1	2	2	2	1	1	1	1	1	1	2	1	1	2	1	1	2	1	2	1	1	2
93000	-164.140487620368560	-170.995975571327932	6.855487950959373	0.000080000000000	0.000020000000000	0.250000000000000	0.835603253753956	0	3	4	5	5	6	3	5	6	8	8	9	8	8	7	8	9	7	9	10	10	10	9	10	12	12	10	12	13	11	12	15	14	15	13	15	17	0	1	2	2	2	8	0	3	2	18	15	16	5	6	6	8	9	7	10	5	16	16	11	16	22	11	13	21	22	23	20	21	21	29	31	28	36	1	1	1	2	1	1	1	1	1	1	1	1	1	1	1	1	2	2	1	2	1	1	1	1	1	2	1	2	1	2	1	2	2	1	1	2	1
93500	-184.196798919942296	-191.052286870901668	6.855487950959373	0.000080000000000	0.000020000000000	0.250000000000000	0.839356558155810	0	3	4	4	6	6	4	5	7	7	8	8	8	7	7	7	10	8	9	9	10	10	9	10	12	11	9	13	13	11	11	14	13	13	12	15	18	0	1	2	2	4	8	0	3	4	7	15	16	5	8	6	6	9	10	10	5	16	16	11	16	16	15	5	21	16	15	5	28	21	22	31	29	36	1	2	1	1	1	1	1	1	2	1	1	1	1	2	1	1	2	1	1	1	2	2	1	2	2	2	2	2	2	2	1	1	1	2	1	1	2
94000	-182.628947480500443	-189.484435431459815	6.855487950959373	0.000080000000000	0.000020000000000	0.250000000000000	0.777780501858476	0	3	3	4	6	6	5	5	7	7	9	9	7	9	7	7	9	8	9	10	9	9	9	11	11	11	8	12	13	10	11	13	14	15	13	15	16	0	1	1	2	2	3	0	3	2	7	15	16	5	8	8	2	9	10	18	5	16	16	15	22	16	15	5	21	22	15	20	21	32	25	31	28	36	1	2	1	1	1	2	1	1	1	1	2	2	1	2	1	2	2	1	1	2	1	1	1	2	2	2	1	2	1	1	1	2	1	2	1	1	1
94500	-182.818903179648743	-189.674391130608115	6.855487950959373	0.000080000000000	0.000020000000000	0.250000000000000	0.771077192458951	-1	3	2	6	5	4	5	5	6	8	9	8	7	8	7	7	10	7	9	10	9	9	9	11	11	12	10	13	12	10	12	12	15	15	14	15	17	0	3	1	2	2	3	0	6	2	18	15	16	5	8	6	8	9	7	18	5	16	16	15	22	21	11	13	21	16	23	4	21	32	25	31	21	32	1	1	2	2	1	1	1	1	1	1	1	1	1	2	2	1	2	1	1	2	1	1	1	1	1	1	2	2	2	1	3	2	1	2	1	2	2
95000	-182.801918359162187	-189.657406310121559	6.855487950959373	0.000080000000000	0.000020000000000	0.250000000000000	0.767115396181384	0	4	2	6	6	6	4	7	7	7	7	8	7	9	8	7	7	9	9	8	10	9	8	10	11	10	10	12	13	10	12	14	14	15	13	16	17	0	3	1	2	2	2	0	6	4	7	6	6	5	6	11	6	4	7	10	5	16	16	11	16	6	11	5	22	22	23	27	21	28	32	27	28	32	1	1	1	1	1	1	1	1	1	2	1	1	1	1	1	1	1	2	1	1	1	1	1	2	2	2	2	2	2	1	2	2	1	1	2	2	2
95500	-148.648686738881509	-155.504174689840880	6.855487950959373	0.000080000000000	0.000020000000000	0.250000000000000	0.837627138330870	1	3	4	5	5	6	4	5	7	6	6	8	7	8	7	7	9	8	10	9	10	9	10	11	11	12	10	12	12	11	12	14	14	13	13	15	17	0	1	2	2	2	8	0	3	2	7	8	16	5	6	11	8	9	10	10	13	22	16	11	22	22	23	5	21	21	23	27	28	21	29	20	32	36	1	1	1	1	1	1	1	1	2	1	1	1	1	1	1	1	1	1	3	1	1	1	2	1	1	1	2	1	1	1	1	1	2	1	2	1	1
96000	-178.618085133498141	-185.473573084457513	6.855487950959373	0.000080000000000	0.000020000000000	0.250000000000000	0.815723853831760	1	4	2	5	6	6	4	7	6	7	8	8	8	9	6	7	8	8	9	9	10	9	10	10	11	13	10	11	12	11	12	14	15	14	13	15	16	0	3	1	2	2	3	0	3	4	7	15	15	5	6	3	6	9	7	10	5	22	12	11	12	16	23	13	12	22	23	27	21	21	29	27	32	36	1	1	1	1	1	2	1	2	1	2	1	1	1	2	2	1	1	2	1	1	1	1	1	2	1	1	1	2	2	1	1	3	3	1	2	1	1
96500	-159.121798869251734	-165.977286820211106	6.855487950959373	0.000080000000000	0.000020000000000	0.250000000000000	0.818483269824444	0	3	2	5	6	6	5	5	7	7	9	8	8	7	7	7	9	9	10	10	9	9	10	11	11	12	10	12	12	10	12	14	15	13	13	15	16	0	3	1	2	4	8	0	2	4	7	15	8	5	8	8	8	9	10	10	13	16	16	15	22	16	23	5	21	22	15	13	21	28	28	31	32	32	1	1	1	1	1	1	1	1	1	1	1	1	1	1	1	1	1	1	1	1	1	1	2	1	2	1	2	1	1	2	2	2	2	1	1	1	1
97000	-172.756238770027721	-179.611726720987093	6.855487950959373	0.000080000000000	0.000020000000000	0.250000000000000	0.746234325559565	1	3	4	5	5	6	4	7	8	6	8	5	7	9	7	7	9	9	9	8	9	9	8	11	11	13	10	13	12	11	13	13	14	14	13	16	17	0	1	2	2	2	3	0	6	4	7	15	3	5	8	6	12	9	10	10	5	16	16	15	22	22	23	20	21	16	23	27	21	29	28	27	28	29	1	1	1	1	1	1	1	1	2	2	1	1	1	1	1	1	1	2	1	2	1	1	1	1	1	2	2	2	2	2	1	2	1	1	2	2	2
97500	-173.314300937997245	-180.169788888956617	6.855487950959373	0.000080000000000	0.000020000000000	0.250000000000000	0.859028028004061	-1	2	4	4	6	5	5	7	7	7	9	9	8	8	7	7	10	9	10	9	10	9	10	10	9	12	10	12	13	11	12	14	14	13	13	15	18	0	1	2	2	2	3	0	6	4	7	15	16	5	6	6	5	9	10	18	5	22	16	15	16	16	23	13	21	22	11	20	28	28	25	27	28	36	1	1	1	1	2	1	1	1	1	1	1	1	1	1	1	1	1	1	1	2	1	1	1	1	1	2	2	1	2	1	3	1	1	3	1	1	1
98000	-172.429315319749350	-179.284803270708721	6.855487950959373	0.000080000000000	0.000020000000000	0.250000000000000	0.730286746286521	0	2	4	5	5	5	4	6	8	7	9	9	8	7	7	7	9	8	9	8	9	10	8	10	11	12	9	12	12	11	12	13	14	14	14	14	17	0	1	2	2	2	3	0	6	2	7	15	16	8	3	4	6	9	10	10	5	16	16	15	16	22	15	5	21	22	11	27	21	29	22	31	21	32	1	1	1	2	1	1	1	1	2	1	1	1	1	1	1	1	1	1	1	2	1	1	1	2	1	2	2	1	1	1	1	2	1	2	2	3	1
98500	-168.127832721981548	-174.983320672940920	6.855487950959373	0.000080000000000	0.000020000000000	0.250000000000000	0.898466501244582	0	2	3	4	5	6	5	5	6	7	9	8	8	8	7	7	10	8	9	8	8	9	10	10	11	11	9	12	13	11	12	14	14	15	14	15	16	0	1	2	3	2	8	0	3	2	7	15	16	5	4	8	4	9	10	10	5	16	16	15	22	22	23	4	21	22	23	20	28	28	29	31	28	36	1	1	1	1	1	1	1	1	2	1	1	1	2	1	1	2	2	1	1	2	1	1	1	1	1	1	2	2	1	1	1	1	1	1	1	1	1
99000	-177.829035471741719	-184.684523422701091	6.855487950959373	0.000080000000000	0.000020000000000	0.250000000000000	0.697713498550300	0	3	4	5	5	6	4	7	7	8	8	8	7	8	6	7	9	9	9	9	9	10	10	10	12	13	10	12	12	11	12	13	14	14	14	15	18	0	1	2	2	2	3	0	3	4	7	15	16	5	6	3	6	9	10	10	5	8	16	11	16	22	30	13	21	16	23	27	22	32	25	31	22	36	1	1	1	1	1	1	1	2	1	2	2	1	1	2	2	1	1	1	1	2	1	2	1	1	1	2	2	2	3	1	1	1	1	1	2	2	1
99500	-159.832763809421266	-166.688251760380638	6.855487950959373	0.000080000000000	0.000020000000000	0.250000000000000	0.855401123728270	0	3	2	5	5	6	4	7	7	6	9	9	7	7	7	7	9	8	10	9	9	10	9	11	11	12	10	12	13	11	12	14	13	14	14	14	16	0	3	1	2	2	3	0	6	4	7	15	16	5	6	6	6	9	10	18	13	16	16	15	16	21	6	20	21	22	23	27	28	21	29	27	21	36	1	1	1	1	2	2	1	1	1	1	1	1	1	1	1	1	1	1	1	1	1	1	2	2	1	3	1	1	1	1	1	1	1	1	2	2	1
100000	-169.693086924031377	-176.548574874990749	6.855487950959373	0.000080000000000	0.000020000000000	0.250000000000000	0.711474790835545	0	3	2	5	5	4	5	6	7	7	8	8	8	9	7	7	10	8	10	9	9	8	9	9	12	12	9	13	13	11	12	13	14	15	11	15	17	0	3	1	2	2	3	0	6	4	7	15	16	5	6	8	8	9	10	18	5	22	8	15	16	22	23	9	21	12	15	27	21	28	25	5	28	36	1	1	1	1	1	1	1	1	1	1	1	1	2	2	1	1	1	1	1	1	1	1	1	1	2	2	1	2	3	2	1	2	1	1	2	1	1