step	post	like	prior	mu1	mu2	gamma	pi	Tinf_1	Tinf_2	Tinf_3	Tinf_4	Tinf_5	Tinf_6	Tinf_7	Tinf_8	Tinf_9	Tinf_10	Tinf_11	Tinf_12	Tinf_13	Tinf_14	Tinf_15	Tinf_16	Tinf_17	Tinf_18	Tinf_19	alpha_1	alpha_2	alpha_3	alpha_4	alpha_5	alpha_6	alpha_7	alpha_8	alpha_9	alpha_10	alpha_11	alpha_12	alpha_13	alpha_14	alpha_15	alpha_16	alpha_17	alpha_18	alpha_19	kappa_1	kappa_2	kappa_3	kappa_4	kappa_5	kappa_6	kappa_7	kappa_8	kappa_9	kappa_10	kappa_11	kappa_12	kappa_13	kappa_14	kappa_15	kappa_16	kappa_17	kappa_18	kappa_19
1	-573.053039928396970	-571.590957843878073	-1.462082084518882	0.000010000000000	0.000010000000000	1.000000000000000	0.858725588808109	-1	2	2	4	6	7	5	7	7	8	9	8	12	12	14	15	15	17	20	0	1	1	1	1	1	1	1	1	1	1	1	1	1	1	1	1	1	1	1	2	2	3	4	4	3	4	4	5	5	5	7	7	8	8	8	9	11
500	-141.543471031572579	-138.442776915467078	-3.100694116105489	0.000010027942289	0.000058828576881	5.866465440650587	0.529110070815686	0	3	2	3	5	8	6	7	8	8	8	8	12	11	14	15	16	17	21	0	3	1	3	1	7	3	3	8	5	4	7	11	9	5	10	0	17	17	1	1	1	1	3	1	3	3	1	2	3	1	2	1	5	4	1	1	2
1000	-144.333650603386559	-140.642889083614818	-3.690761519771753	0.000010076358881	0.000085287700882	8.464138870666018	0.517460817742782	0	2	2	4	6	8	6	6	8	7	9	8	13	11	13	15	14	17	18	0	1	1	3	2	7	2	2	8	2	4	7	11	8	5	5	0	17	18	1	1	1	1	2	1	2	2	1	2	3	1	2	3	2	4	1	2	1
1500	-147.403877544625630	-145.276093165409037	-2.127784379216594	0.000010139908493	0.000027170049549	2.679516246981265	0.568480947471139	-3	2	3	4	6	8	4	7	8	9	10	8	11	12	15	14	15	18	19	0	1	2	2	3	7	2	2	8	5	4	7	11	9	5	10	0	17	17	1	2	1	1	2	2	1	2	1	3	4	2	1	2	3	3	1	1	2
2000	-139.185441984527984	-136.813605506215822	-2.371836478312165	0.000010264481544	0.000034593177627	3.370182651646726	0.666137348883629	-1	3	2	5	7	8	6	5	7	8	8	9	12	12	14	15	14	18	20	0	1	1	3	2	7	1	2	8	3	4	7	11	9	5	5	0	17	18	1	1	1	1	2	1	4	1	1	3	2	2	2	3	3	4	1	2	1
2500	-145.026228278335367	-142.573116057462499	-2.453112220872876	0.000010397718721	0.000037585512918	3.614784543209139	0.584517330034943	0	1	3	4	6	8	4	7	8	8	9	8	13	12	14	14	15	17	21	0	1	2	2	1	5	3	5	8	5	4	7	11	9	10	10	0	17	18	1	1	1	1	2	1	1	1	1	1	2	2	2	3	3	2	1	2	2
3000	-147.725636852779076	-145.231566540475256	-2.494070312303816	0.000010624290424	0.000039745459030	3.740998922746573	0.541083938851610	-1	1	2	4	6	6	3	6	8	9	9	7	12	12	12	15	14	18	20	0	1	2	2	1	7	2	2	8	5	4	7	11	9	5	5	0	17	18	1	1	1	1	4	2	1	3	1	2	2	2	1	2	4	4	1	3	1
3500	-139.725026460256174	-137.348902791370705	-2.376123668885456	0.000011105262571	0.000037567929751	3.382894327082689	0.389148114913313	-1	1	3	4	4	7	5	7	8	8	9	8	13	12	14	14	15	17	20	0	1	1	1	2	7	2	1	8	2	4	7	11	9	5	10	0	17	18	1	1	2	2	2	1	2	4	1	4	2	1	2	2	5	4	1	1	1
4000	-146.766920888292162	-144.357100747432497	-2.409820140859675	0.000010995541490	0.000038303407850	3.483539931723035	0.419320616417026	0	3	3	4	5	5	5	7	8	8	9	9	12	12	13	15	15	18	20	0	1	1	2	2	2	2	2	8	5	4	7	11	8	10	1	0	17	18	1	2	2	1	1	1	1	2	1	1	3	2	2	3	2	8	1	2	2
4500	-137.210368449846584	-135.074508149428880	-2.135860300417699	0.000011249259284	0.000030388615983	2.701388172730363	0.604975073726060	-1	1	3	4	5	7	6	6	8	8	9	7	13	12	13	13	15	17	19	0	1	2	3	2	7	2	2	8	3	4	7	11	9	10	10	0	17	18	1	2	1	1	2	1	3	3	1	2	2	1	2	2	3	3	1	2	1
5000	-139.931118739507781	-137.709111335518543	-2.222007403989232	0.000012970612173	0.000038117201409	2.938735728280232	0.686659273104051	0	3	3	4	5	7	6	7	8	9	9	9	11	12	14	16	14	16	21	0	1	1	3	1	5	2	5	8	3	4	7	11	9	10	10	0	17	18	1	1	1	1	3	1	1	1	1	3	2	2	1	3	2	2	1	1	3
5500	-129.919154932403700	-127.423980471839315	-2.495174460564388	0.000015381194816	0.000057593796635	3.744429306259136	0.457202136377037	-1	2	0	3	6	7	5	6	8	7	9	8	12	11	14	15	15	18	19	0	3	1	3	2	7	2	2	8	5	4	7	11	9	5	15	0	17	18	1	1	1	1	2	1	2	2	1	1	3	2	2	1	3	1	1	2	1
6000	-121.926376571185870	-120.351517186891044	-1.574859384294822	0.000021690553785	0.000027999884285	1.290879180083798	0.844502402804196	0	3	2	4	6	7	5	7	8	8	9	8	12	11	12	14	15	17	20	0	3	1	3	2	7	2	2	8	5	4	7	11	9	10	15	0	17	18	1	1	1	1	1	1	1	2	1	1	2	2	1	1	1	1	1	1	1
6500	-128.358148478650918	-126.977840311354569	-1.380308167296356	0.000059002825543	0.000026268790092	0.445212408901997	0.667834801935960	-1	3	2	4	5	8	5	7	8	8	9	9	10	12	15	16	15	17	20	0	3	1	1	3	4	2	5	8	8	8	7	11	9	3	15	0	17	18	1	1	1	3	1	2	1	2	1	1	2	2	1	2	6	1	1	1	3
7000	-127.655964696815630	-126.250622812254761	-1.405341884560867	0.000061364860133	0.000050769169364	0.827332927235887	0.572901908322491	-1	2	2	4	3	6	5	8	5	8	9	8	12	12	14	15	15	17	19	0	1	1	3	2	1	2	9	5	3	4	7	11	10	3	15	0	17	17	1	2	1	1	1	2	1	2	1	2	3	2	2	2	5	1	1	1	2
7500	-117.342454356062760	-115.854325832621015	-1.488128523441747	0.000154180150794	0.000046754324796	0.303244772786467	0.788654113608543	0	3	2	5	7	7	5	6	8	9	10	8	12	11	13	14	15	18	19	0	3	1	2	1	1	2	3	8	9	4	7	11	8	10	10	0	17	18	1	1	1	1	3	3	1	1	1	1	2	2	1	2	2	2	1	2	1
8000	-120.808556052908045	-119.418033533585742	-1.390522519322298	0.000079560422746	0.000033428685858	0.420167272923567	0.545191219943134	0	2	3	4	6	7	5	5	7	8	9	7	13	12	12	15	14	16	20	0	1	2	2	1	7	2	3	3	2	5	7	11	9	5	15	0	17	17	1	1	1	2	4	1	2	1	2	2	2	1	2	2	3	2	1	1	2
8500	-130.526168867737908	-129.022269161288250	-1.503899706449671	0.000145236163845	0.000042402867819	0.291958054362322	0.376456344938567	-1	3	1	5	5	7	6	7	5	9	9	8	12	11	15	14	15	18	21	0	3	1	1	2	7	4	9	3	8	1	1	11	8	2	11	0	17	15	1	1	1	3	1	1	1	1	2	1	4	4	2	3	7	2	1	2	3
9000	-111.216894063377026	-109.854997507008562	-1.361896556368469	0.000111584020306	0.000060015463566	0.537849984268811	0.731463777942422	0	2	3	4	6	6	5	7	8	9	8	7	12	13	13	12	15	18	20	0	1	2	2	4	2	3	5	8	5	3	7	11	9	16	10	0	17	18	1	1	1	1	1	2	2	1	1	1	3	1	2	2	1	1	1	2	1
9500	-135.571760759989104	-134.184818706579165	-1.386942053409947	0.000160986645482	0.000068935782798	0.428208082672465	0.633196485399285	-1	2	3	4	5	7	6	8	7	8	7	8	10	11	14	16	15	17	21	0	1	1	3	3	5	3	7	5	11	3	7	4	3	11	7	0	17	17	1	1	2	1	1	1	1	1	1	1	1	1	2	3	2	5	1	1	4
10000	-126.314507456076399	-123.901190517457380	-2.413316938619022	0.000247796528564	0.000023024151797	0.092915554266534	0.685017456557408	0	2	2	3	6	7	5	6	7	9	8	8	13	12	15	14	16	18	20	0	1	1	1	7	5	2	4	3	5	5	1	11	10	10	14	0	17	18	1	1	1	2	1	1	2	1	2	1	1	3	3	2	3	1	1	2	1
10500	-133.745159341024873	-132.017980655217656	-1.727178685807215	0.000163391230191	0.000031934239054	0.195446469289822	0.447414656515154	-1	2	3	5	5	7	5	6	7	7	10	9	13	12	14	15	15	17	19	0	1	2	2	3	8	1	2	3	1	3	10	8	11	4	4	0	17	18	1	2	1	1	1	1	2	3	3	3	3	1	4	1	5	7	1	1	1
11000	-117.013930365739668	-115.639729843267389	-1.374200522472272	0.000126294788598	0.000058658124113	0.464454034594190	0.790776489401469	0	3	2	4	5	7	5	7	8	8	6	8	12	12	14	15	15	17	20	0	3	1	1	2	7	4	11	8	2	3	7	10	9	10	15	0	17	18	1	1	1	2	1	1	1	1	1	1	2	2	1	1	3	1	1	1	2
11500	-130.191347425446736	-128.788963163886649	-1.402384261560077	0.000190228976239	0.000075594283259	0.397385744032543	0.632828148773224	0	1	3	3	6	7	6	8	6	7	9	9	12	13	13	14	15	18	20	0	1	2	2	2	5	1	2	3	3	8	5	8	10	5	11	0	17	18	1	1	1	1	2	1	3	3	1	2	1	2	2	4	4	1	1	1	1
12000	-125.875480269752103	-124.395999514100936	-1.479480755651174	0.000138326295096	0.000042871216788	0.309928179300208	0.473342031571639	0	3	2	5	5	7	5	7	6	8	9	8	12	12	14	15	14	17	19	0	1	1	2	3	3	2	3	2	6	3	2	5	8	14	4	0	17	18	1	2	1	2	2	2	1	2	1	1	3	2	2	2	1	6	1	2	1
12500	-133.492085727675175	-132.112184259624513	-1.379901468050651	0.000116321373010	0.000051921992694	0.446366745431469	0.367415742142792	-1	3	2	5	6	5	4	7	8	8	9	7	13	12	14	15	15	18	19	0	3	1	2	3	7	2	3	8	3	3	7	10	9	3	8	0	17	17	1	1	2	1	2	1	1	2	1	3	4	1	4	2	6	5	1	2	3
13000	-125.791930354852909	-124.386655879998045	-1.405274474854868	0.000106308992494	0.000041728339119	0.392519373383502	0.616190678298110	-1	2	1	4	6	8	4	7	8	7	9	8	11	11	14	16	14	18	21	0	1	1	2	4	10	2	5	8	4	2	5	10	8	5	14	0	17	18	1	1	1	1	1	1	1	1	1	1	4	2	2	2	4	2	1	2	2
13500	-130.117612992896341	-128.741105806282548	-1.376507186613784	0.000120434548341	0.000054997161630	0.456656020950599	0.341317374409483	0	3	2	5	6	7	4	8	8	9	9	8	12	12	14	15	12	16	20	0	3	1	3	1	5	3	7	2	1	4	5	5	5	11	3	0	17	17	1	1	1	1	3	1	1	2	3	4	2	1	3	2	2	6	1	3	4
14000	-137.060301054731724	-135.683058938747592	-1.377242115984142	0.000119449314077	0.000054268192220	0.454319831296391	0.569053046123466	0	2	3	4	4	8	6	7	7	9	8	9	12	10	13	14	15	18	21	0	1	1	1	1	2	1	7	3	4	1	2	11	7	10	15	0	17	18	1	2	2	1	2	2	2	1	2	1	4	3	3	2	2	1	1	2	2
14500	-114.214440630963878	-112.817052905607582	-1.397387725356299	0.000130540375519	0.000053047823971	0.406371007897575	0.700668378077044	0	2	3	5	6	8	5	8	7	8	9	7	12	11	14	16	16	18	20	0	1	1	3	3	7	2	9	3	5	4	7	5	9	5	15	0	17	18	1	1	1	1	1	2	1	1	2	1	2	1	3	2	4	1	1	1	1
15000	-118.999373552910086	-117.527824679486628	-1.471548873423454	0.000235581352018	0.000074540841305	0.316412316452850	0.691263037274638	0	3	2	5	6	8	5	7	8	9	10	8	11	13	11	15	15	17	20	0	3	1	3	1	3	2	2	8	12	10	7	11	9	10	14	0	17	17	1	1	1	2	3	3	1	2	1	1	1	2	1	2	1	1	1	1	2
15500	-130.237209160335652	-128.719798922986001	-1.517410237349653	0.000109664817213	0.000031044571665	0.283085974644286	0.557457207871412	0	2	2	4	7	8	5	7	8	9	9	8	11	12	15	14	14	17	20	0	1	1	2	7	3	1	2	8	5	4	7	10	9	13	10	0	17	18	1	1	1	1	1	2	3	2	1	1	2	1	1	2	2	2	1	3	2
16000	-138.462381473479155	-136.912662979372783	-1.549718494106367	0.000176554544922	0.000046657772935	0.264268319771446	0.529923431041506	-1	2	3	5	7	6	5	7	7	9	9	9	11	12	12	15	14	16	20	0	1	1	2	3	3	1	7	1	6	4	9	5	13	5	11	0	17	17	1	2	2	1	1	1	3	1	4	2	2	1	2	1	2	2	1	2	3
16500	-115.245836808794337	-113.876519138589529	-1.369317670204810	0.000095879137746	0.000064291679848	0.670549207672912	0.725657231396135	-1	2	1	3	6	7	5	6	8	9	10	8	12	13	13	14	15	18	20	0	3	1	3	2	8	2	2	8	5	4	7	11	9	5	11	0	17	18	1	1	1	1	2	1	1	1	1	1	3	2	1	2	3	2	1	1	1
17000	-119.688603941169802	-118.307039280339495	-1.381564660830312	0.000078174007356	0.000057453425658	0.734942823086959	0.528709226120602	-1	3	2	4	4	7	5	8	7	9	9	8	12	12	14	15	15	17	21	0	3	1	3	3	3	2	9	3	3	4	7	11	9	10	10	0	17	18	1	1	1	1	2	2	2	1	3	3	2	1	1	2	3	3	1	1	2
17500	-131.693629205520949	-130.145900964552794	-1.547728240968146	0.000206448938237	0.000054779780080	0.265342997390547	0.650357765398167	0	2	1	4	6	7	4	8	7	8	8	9	13	12	14	15	15	17	19	0	1	1	3	2	5	3	2	3	4	2	8	7	9	14	11	0	17	18	1	1	1	1	2	1	1	2	2	2	3	1	5	3	2	3	1	1	1
18000	-130.013207639173743	-128.592845200153192	-1.420362439020562	0.000106557894535	0.000039443677281	0.370161942979069	0.518858502199989	0	2	3	5	6	7	5	7	7	8	9	7	13	11	15	15	14	17	21	0	1	2	3	2	7	2	5	2	5	2	5	11	10	3	14	0	17	18	1	1	1	1	3	2	1	1	2	1	3	1	2	2	4	2	1	1	3
18500	-105.896500895292263	-104.413690511897997	-1.482810383394265	0.000210764383433	0.000064769920763	0.307309611366471	0.821115141098890	0	3	2	4	5	8	6	7	8	7	9	7	12	13	13	15	14	17	20	0	3	1	3	2	7	5	5	8	5	10	7	11	9	10	14	0	17	18	1	1	1	1	1	1	1	1	1	1	1	1	1	2	3	1	1	1	1
19000	-125.072264140000755	-123.297298417571284	-1.774965722429467	0.000142474418351	0.000026024738901	0.182662538312141	0.463545881763434	-1	2	2	5	6	7	6	7	7	9	8	8	12	13	14	15	14	18	20	0	1	1	2	4	7	1	5	2	5	4	5	11	10	11	11	0	17	17	1	1	2	1	1	1	4	1	2	2	2	1	2	2	2	4	1	3	2
19500	-131.703697518767513	-130.248200800129666	-1.455496718637859	0.000145139675655	0.000048004596613	0.330747580880901	0.533623353486955	-2	3	2	4	6	6	5	7	6	7	9	9	13	10	13	15	14	17	21	0	1	1	3	3	3	3	9	4	7	5	3	5	5	2	10	0	17	17	1	3	2	1	2	2	1	1	1	1	1	3	3	2	6	4	1	2	3
20000	-119.388579076020221	-117.812598374576822	-1.575980701443398	0.000117514996587	0.000029491523734	0.250959661240743	0.524944791770532	0	2	3	4	5	8	6	7	7	9	8	8	12	13	13	15	13	17	20	0	1	2	3	2	8	2	2	5	8	3	7	11	10	10	11	0	17	17	1	1	1	1	1	1	1	2	1	1	3	1	2	2	2	3	1	2	3
20500	-132.507039009274479	-131.129780558643688	-1.377258450630796	0.000136205422458	0.000097342018315	0.714670653770312	0.523526749760462	0	3	2	4	7	6	6	7	7	8	8	8	12	12	14	14	14	18	21	0	3	1	3	4	2	1	3	7	6	3	5	5	9	8	3	0	17	18	1	1	1	1	1	2	3	2	1	2	2	1	2	3	3	6	1	2	2
21000	-118.894457639907330	-117.457445660128769	-1.437011979778558	0.000149170428347	0.000052178645094	0.349792151646904	0.631599732297221	0	2	2	5	6	7	5	7	7	9	9	8	13	12	14	15	14	17	20	0	1	1	2	2	7	3	3	4	3	4	7	11	10	5	8	0	17	18	1	1	1	1	2	1	1	3	1	2	2	2	2	2	4	3	1	2	2
21500	-126.437063152044104	-125.029515684801908	-1.407547467242192	0.000139029937024	0.000054060765578	0.388842624368115	0.671905765164136	0	2	2	3	5	8	4	7	7	8	9	8	12	10	14	15	14	18	21	0	1	1	2	2	2	2	5	5	9	3	2	11	9	2	15	0	17	17	1	1	1	1	1	3	1	2	1	1	4	3	2	1	4	1	1	2	3
22000	-121.383329176088864	-119.708507957029269	-1.674821219059593	0.000171612792594	0.000036313051941	0.211598747343182	0.572170382737273	0	3	2	4	4	8	5	7	7	8	9	8	11	13	13	15	16	18	19	0	1	1	3	3	7	1	2	5	5	4	7	8	10	7	15	0	17	17	1	2	1	1	1	2	2	2	1	2	2	2	2	2	4	1	1	1	1
22500	-113.740463627151996	-112.211220187559292	-1.529243439592708	0.000157619548695	0.000043476860153	0.275834187529409	0.696593998025687	0	2	3	4	6	6	5	7	5	8	9	8	12	12	12	14	15	18	21	0	1	2	2	3	3	3	9	3	5	4	5	11	9	10	15	0	17	18	1	1	1	1	1	1	1	1	1	1	1	1	2	3	1	1	1	2	1
23000	-119.075675336619227	-117.566629070260547	-1.509046266358682	0.000096093629331	0.000027722866598	0.288498486227361	0.480889392424402	-2	1	3	4	6	6	5	7	7	9	9	8	12	12	13	15	15	18	21	0	1	1	3	1	3	3	3	5	9	4	5	11	9	8	3	0	17	18	1	1	2	1	4	2	1	2	1	1	2	2	1	3	3	6	1	2	1
23500	-120.378055106663822	-119.000858740299037	-1.377196366364788	0.000067027985939	0.000030461764198	0.454463367380327	0.500533514102512	-2	2	2	4	5	7	5	5	7	8	7	9	11	12	13	15	15	18	20	0	1	1	3	1	3	2	3	2	1	4	5	10	9	11	15	0	17	18	1	2	2	1	4	3	2	2	2	4	2	2	2	2	3	1	1	2	1
24000	-118.548185879725366	-117.092396920326010	-1.455788959399350	0.000107542538945	0.000035539608122	0.330470235038934	0.617644755936077	-2	2	3	5	6	8	5	7	8	8	8	9	11	12	14	15	15	17	20	0	1	1	3	3	2	3	2	8	4	8	8	11	9	8	15	0	17	18	1	3	2	1	2	2	1	2	1	2	1	1	1	2	3	1	1	1	2
24500	-133.792215511192921	-132.179168494993320	-1.613047016199604	0.000120384045663	0.000028230323109	0.234502196315026	0.540349494514907	-1	2	2	5	7	7	5	5	7	8	9	8	10	12	14	16	15	18	21	0	1	1	2	8	7	1	2	4	6	10	7	8	9	2	15	0	17	18	1	2	1	2	1	2	2	1	1	1	1	1	2	2	5	1	1	2	3
25000	-121.979386185947831	-120.412950891192466	-1.566435294755370	0.000154492921598	0.000039491325711	0.255618997313628	0.549781828477157	-1	3	3	5	4	8	5	7	7	8	9	7	12	12	14	16	16	18	20	0	1	1	5	1	12	3	2	2	5	4	5	9	10	10	15	0	17	18	1	2	2	1	2	1	1	1	2	2	1	1	2	2	3	1	1	1	1
25500	-131.994273330773467	-130.621914286961555	-1.372359043811918	0.000186689475184	0.000087983800708	0.471284204001633	0.493046675403325	-1	3	3	4	5	7	5	8	6	8	10	7	12	13	13	13	15	17	20	0	1	1	2	2	7	3	5	2	5	5	7	11	11	5	1	0	17	18	1	1	1	1	1	1	1	1	2	1	2	1	1	3	4	5	1	2	2
26000	-135.822632932040591	-134.450688501991323	-1.371944430049280	0.000150226059436	0.000071043465066	0.472910394727879	0.517887456450561	0	2	2	3	6	8	5	7	4	8	9	9	12	11	12	16	13	16	20	0	1	1	1	7	7	2	7	3	1	3	7	11	7	6	14	0	17	18	1	2	1	1	1	2	2	1	1	4	3	1	1	2	2	3	1	2	3
26500	-126.102357048366315	-124.738217251351074	-1.364139797015242	0.000117713397939	0.000060587206711	0.514701026150852	0.566569217160014	0	2	2	5	6	7	3	7	5	6	8	8	12	12	14	13	15	17	20	0	1	1	2	1	10	2	5	1	3	4	10	5	8	10	2	0	17	17	1	1	1	1	3	1	1	1	2	2	1	1	2	3	4	5	1	2	2
27000	-115.732632669845614	-114.309211966962849	-1.423420702882762	0.000171548855832	0.000062809928568	0.366134348515293	0.716585630495387	-1	3	2	5	6	6	5	7	7	9	8	8	12	11	13	16	16	17	21	0	3	1	2	4	2	2	3	5	5	4	8	4	8	10	15	0	17	17	1	1	1	1	1	1	1	2	1	1	2	1	3	2	2	2	1	1	2
27500	-112.721383880688990	-111.122998098287738	-1.598385782401252	0.000152657910941	0.000036748562492	0.240724914063269	0.676835206096154	0	3	2	4	7	7	4	5	8	9	9	9	11	12	15	15	15	18	20	0	3	1	3	8	7	3	2	3	5	4	7	11	8	14	14	0	17	18	1	1	1	1	1	1	1	1	3	1	2	2	1	3	1	2	1	2	1
28000	-124.912258770575576	-123.396368771902416	-1.515889998673162	0.000166392301683	0.000047263943412	0.284051262790713	0.480479088310515	0	2	2	4	6	7	5	6	5	9	7	8	11	13	12	15	15	17	21	0	1	1	3	2	5	2	2	3	2	4	5	10	10	11	14	0	17	18	1	1	1	1	2	1	1	2	1	2	2	1	1	1	3	2	1	1	2
28500	-113.414614116696271	-112.014714918683111	-1.399899198013165	0.000152231715779	0.000061160255152	0.401757641886250	0.855213670572865	0	2	2	4	5	7	6	7	8	8	10	9	11	12	13	16	15	16	20	0	1	1	2	4	2	3	7	8	7	10	6	10	8	11	15	0	17	18	1	1	1	1	1	1	2	1	1	1	1	1	1	2	1	1	1	1	2
29000	-130.879946173207230	-129.450648435862433	-1.429297737344808	0.000106463568705	0.000038196732320	0.358777493415727	0.459505757284702	0	2	2	3	6	7	4	8	7	7	9	7	12	13	13	15	14	17	19	0	1	1	2	1	1	2	10	2	2	6	7	10	8	3	2	0	17	18	1	1	1	1	2	3	1	1	2	2	1	2	2	2	6	5	1	3	1
29500	-133.569117937702714	-132.165435720307869	-1.403682217394850	0.000191919719499	0.000075841418407	0.395172620121816	0.740047048216121	0	3	2	4	6	6	4	7	7	7	9	8	13	11	13	15	14	16	19	0	1	1	1	2	7	3	2	3	5	6	2	4	9	10	13	0	17	17	1	1	1	1	1	1	1	2	2	1	1	1	4	2	3	1	1	2	2
30000	-124.731393090642499	-123.164196479273983	-1.567196611368519	0.000126291564377	0.000032234694258	0.255240280042020	0.787312680062388	0	3	2	4	6	7	5	8	6	9	10	9	12	11	14	16	15	18	19	0	1	1	3	3	5	3	5	3	6	4	6	11	9	12	15	0	17	18	1	1	2	1	2	1	1	1	2	1	2	2	1	2	2	1	1	2	1
30500	-121.437697162151750	-119.992288521730458	-1.445408640421292	0.000162032092177	0.000055212621006	0.340751145433483	0.703806475385036	0	3	1	4	6	6	4	6	7	8	10	8	11	12	14	15	14	18	20	0	3	1	1	3	7	1	7	8	5	5	7	4	9	10	15	0	17	18	1	2	1	2	2	1	2	1	1	1	2	2	3	2	3	1	1	2	2
31000	-113.066219470692474	-111.588263968175369	-1.477955502517106	0.000194610058407	0.000060552435359	0.311147511359107	0.767886614321104	-1	1	2	5	6	8	4	7	7	8	10	8	12	12	14	15	15	18	20	0	1	1	7	7	5	3	5	7	5	9	5	11	11	14	14	0	17	18	1	1	1	1	1	1	1	1	1	1	1	1	1	1	1	1	1	2	1
31500	-120.444545233663774	-118.935301357280423	-1.509243876383348	0.000133029069394	0.000038361282869	0.288367670645039	0.741220171715983	0	2	1	4	6	7	5	7	5	6	8	8	12	12	11	14	14	17	20	0	3	1	3	7	7	3	9	2	4	5	7	11	8	5	15	0	17	18	1	1	1	1	1	1	3	1	1	1	1	2	1	2	2	1	1	2	2
32000	-137.434225512743154	-135.369576835637304	-2.064648677105847	0.000220640370657	0.000028530897343	0.129309506042935	0.413253148841248	-1	3	2	4	7	6	5	7	8	8	9	8	13	13	12	15	15	17	20	0	3	1	3	1	2	3	3	2	7	1	3	15	12	3	14	0	17	18	1	1	2	1	5	2	1	2	2	2	4	2	1	2	4	1	1	2	2
32500	-119.935331187603623	-118.428826090086886	-1.506505097516739	0.000133908740008	0.000038859498503	0.290193892503254	0.456532070790505	0	3	2	5	6	7	5	5	7	8	10	8	12	11	14	14	14	18	20	0	1	1	3	1	7	3	2	5	8	2	7	5	9	10	11	0	17	17	1	1	1	1	3	1	1	1	1	1	3	2	3	2	4	2	1	2	3
33000	-126.367222941354200	-124.846272291397582	-1.520950649956617	0.000120265285923	0.000033778729208	0.280868489598188	0.571729229774782	0	2	3	4	6	7	5	8	7	5	10	7	13	11	15	13	15	18	20	0	1	1	3	3	3	3	9	5	1	1	7	11	8	16	10	0	17	18	1	1	2	1	2	2	1	1	1	2	6	2	3	1	1	4	1	1	1
33500	-129.001196480907964	-127.406565358445732	-1.594631122462228	0.000124466605357	0.000030167740516	0.242376181382952	0.533165788663595	-1	2	3	5	5	8	6	6	8	8	8	9	12	13	15	14	15	17	21	0	1	1	3	2	5	5	3	3	8	4	7	5	8	1	9	0	17	18	1	2	2	1	2	2	1	1	3	1	2	2	3	4	6	3	1	2	2
34000	-135.808333164782766	-134.402360545659803	-1.405972619122975	0.000129702425555	0.000050762489595	0.391376563525913	0.331681453383591	-1	2	3	4	6	7	5	5	8	6	9	7	11	11	13	16	14	17	21	0	1	1	3	1	8	1	3	5	1	1	7	11	10	3	14	0	17	17	1	2	2	1	3	1	2	1	1	3	5	1	1	2	5	3	1	2	5
34500	-123.565692941060846	-122.136880375942567	-1.428812565118283	0.000171389493026	0.000061591732387	0.359367025942625	0.517542799373427	-1	2	3	4	6	8	6	8	8	6	9	7	12	12	14	15	15	18	20	0	1	2	1	4	10	3	5	5	2	12	4	11	8	14	10	0	17	17	1	1	1	2	1	1	2	1	1	2	1	3	2	3	1	5	1	2	3
35000	-120.741273249340580	-119.368267243079387	-1.373006006261190	0.000146190445398	0.000068536246283	0.468814812735445	0.683008646558647	0	2	2	4	6	7	5	6	6	9	10	8	11	13	14	13	15	17	19	0	1	1	2	2	5	1	4	1	4	8	5	11	10	11	10	0	17	18	1	1	2	1	2	1	1	1	3	2	2	1	1	2	3	2	1	1	1
35500	-128.966157935217012	-127.308004261315176	-1.658153673901839	0.000194989462433	0.000042373858994	0.217313584360490	0.557856155842890	0	2	3	4	7	7	5	8	7	8	9	7	12	13	13	16	15	17	20	0	1	2	2	1	4	3	9	2	5	10	7	11	9	11	14	0	17	18	1	1	1	2	4	2	1	1	2	1	1	1	2	3	2	2	1	2	2
36000	-108.279722034526415	-106.918665965570952	-1.361056068955464	0.000105095824125	0.000061487207108	0.585058517971018	0.782160122921709	-1	1	2	4	6	7	4	5	8	8	10	8	12	13	14	15	15	17	20	0	1	2	3	3	7	3	3	8	5	10	7	11	9	11	15	0	17	18	1	1	1	1	2	1	1	2	1	1	1	2	1	2	2	1	1	1	1
36500	-123.337034607378683	-121.969681137988516	-1.367353469390169	0.000120794393965	0.000059670257329	0.493982008359183	0.549960737030022	-1	3	1	4	5	8	5	8	6	8	10	9	13	10	13	15	14	17	19	0	3	1	3	2	7	3	9	5	9	1	6	11	8	8	15	0	17	18	1	1	1	1	1	2	2	1	1	1	4	1	1	1	4	1	1	2	2
37000	-133.352204977704446	-131.709141459510676	-1.643063518193773	0.000143409203698	0.000031946665520	0.222765796728494	0.643160756770955	0	2	1	3	6	6	4	7	5	7	9	7	12	11	13	13	15	17	20	0	1	1	3	2	7	3	5	2	3	12	7	12	8	14	14	0	17	18	1	1	1	1	2	1	1	1	1	3	1	3	4	3	1	1	1	2	1
37500	-123.717051166971473	-122.353364068436889	-1.363687098534588	0.000096908909459	0.000060686870236	0.626225912301378	0.533686501814766	-1	3	3	5	6	8	5	8	7	6	9	8	11	13	14	15	15	17	21	0	1	1	3	1	5	2	7	10	1	4	7	11	8	10	15	0	17	18	1	1	2	1	2	1	2	2	1	3	2	2	1	2	2	1	1	2	2
38000	-112.122896880099390	-110.737386377135266	-1.385510502964130	0.000121274315032	0.000052344667149	0.431622039134688	0.586663052103541	0	2	3	5	5	6	5	7	8	9	10	8	12	13	14	14	16	18	20	0	1	2	3	3	3	2	5	8	3	4	7	10	9	10	14	0	17	17	1	1	1	1	1	1	1	1	1	2	2	2	1	3	3	1	1	1	2
38500	-113.435287563409162	-112.051563023701419	-1.383724539707745	0.000088022054518	0.000038383197260	0.436063410132785	0.700311653185783	-1	3	2	5	6	7	6	7	7	9	8	7	12	13	12	15	15	17	20	0	3	1	3	1	5	2	2	5	2	4	5	10	8	10	15	0	17	18	1	1	1	1	4	1	1	2	1	3	2	1	1	3	2	2	1	1	1
39000	-121.292866150065933	-119.612820186834014	-1.680045963231916	0.000240315377037	0.000050434789334	0.209869172566070	0.654917624620377	-1	2	2	4	5	7	5	8	7	9	8	8	12	12	15	14	15	18	20	0	1	1	3	3	5	3	5	5	9	4	5	10	8	14	10	0	17	18	1	2	2	1	2	1	1	1	1	1	2	1	1	2	1	2	1	2	1
39500	-132.861968832029760	-131.279582422014528	-1.582386410015235	0.000137611030471	0.000034118883556	0.247937127130720	0.583000168745385	0	3	2	4	6	7	5	5	8	9	10	9	11	13	13	15	15	17	20	0	1	1	1	3	8	3	4	8	1	5	5	11	8	10	11	0	17	18	1	1	1	2	3	1	2	1	1	3	1	1	1	4	2	1	1	2	2
40000	-127.409245918130964	-125.468869912472655	-1.940376005658308	0.000179331035758	0.000026601608535	0.148338007544246	0.726671291840193	-1	2	3	4	5	7	4	7	6	8	10	9	13	10	13	15	14	17	18	0	1	2	3	3	9	2	2	3	9	8	3	14	8	11	15	0	17	17	1	1	1	1	1	1	1	2	2	1	1	4	1	2	1	1	1	2	1
40500	-130.274777194530742	-128.893064327503367	-1.381712867027363	0.000114889583359	0.000050705071768	0.441337415332869	0.471824578923105	-1	3	2	4	6	7	5	7	6	8	9	7	12	11	14	13	15	17	21	0	1	1	2	4	4	3	2	2	4	1	7	10	9	8	11	0	17	18	1	2	1	1	1	2	1	2	1	1	5	1	1	2	3	2	1	2	2
41000	-134.586977635354799	-133.072098443263116	-1.514879192091688	0.000175220077816	0.000049884724355	0.284697535673812	0.553681779959471	-1	2	1	5	5	7	5	5	7	7	9	8	10	12	15	13	15	18	20	0	3	1	1	3	5	2	1	8	7	5	3	4	5	9	13	0	17	18	1	1	1	3	2	1	2	2	2	1	2	4	2	4	3	2	1	2	1
41500	-118.417005614371476	-116.993546993353959	-1.423458621017520	0.000107613283539	0.000039395642233	0.366085309705133	0.602453112449017	-1	2	3	5	6	6	5	6	8	9	9	9	12	13	14	16	14	18	21	0	1	1	3	3	3	3	3	5	5	4	2	11	9	7	15	0	17	18	1	2	2	1	1	2	1	1	1	1	2	3	2	2	4	1	1	2	2
42000	-122.677938345554566	-121.270405840572479	-1.407532504982091	0.000077690416521	0.000064861310113	0.834868868222908	0.574133379943848	-2	3	2	5	6	7	5	7	8	8	9	7	11	13	15	14	15	17	19	0	1	1	2	3	2	2	7	8	3	4	7	11	11	16	4	0	17	18	1	2	1	1	1	1	1	1	1	2	2	1	1	2	1	4	1	1	1
42500	-119.578634117519215	-118.198526569882233	-1.380107547636980	0.000150614127053	0.000067140755476	0.445779933065855	0.725717714037558	-1	1	2	3	7	7	6	5	8	9	8	8	13	12	15	15	16	18	20	0	1	1	3	4	7	8	2	8	11	4	7	5	11	13	10	0	17	18	1	1	2	1	2	1	1	2	1	1	2	1	3	2	1	3	1	1	1
43000	-135.500064170971314	-134.105863491897537	-1.394200679073775	0.000172747453801	0.000071265436521	0.412541168931372	0.545919672380448	-1	2	3	3	6	8	5	8	5	7	9	8	13	12	13	16	14	17	20	0	1	1	1	1	4	4	3	3	7	7	5	14	3	10	15	0	17	17	1	2	2	2	3	1	1	2	1	1	3	1	1	5	3	3	1	2	2
43500	-124.746701911649026	-123.377083744075975	-1.369618167573047	0.000075541952002	0.000050799586590	0.672468545544081	0.461530011904764	0	3	3	5	5	6	4	6	8	6	9	8	11	12	14	16	15	18	21	0	1	1	3	2	7	3	2	8	2	5	7	11	8	10	14	0	17	17	1	1	2	1	1	1	1	1	1	1	2	2	1	2	5	2	1	1	3
44000	-123.811138650700201	-122.238493708230791	-1.572644942469409	0.000137333891064	0.000034685905495	0.252566247310920	0.393416357320718	-1	2	2	4	5	6	4	8	8	8	9	9	11	13	15	14	13	18	20	0	1	1	3	1	2	2	5	5	4	4	6	10	9	11	10	0	17	18	1	2	1	1	3	2	1	1	1	2	2	2	2	2	3	2	1	2	1
44500	-120.027415129006826	-118.505599711960244	-1.521815417046581	0.000152917146835	0.000042867755336	0.280333214576477	0.696011180188454	-1	3	2	4	4	8	5	5	7	9	9	8	13	12	13	15	15	18	21	0	3	1	2	3	8	2	3	8	12	4	2	11	11	10	11	0	17	18	1	1	1	1	1	2	1	2	1	1	2	2	2	1	1	3	1	2	2
45000	-116.800874118623256	-115.427232222009863	-1.373641896613391	0.000159394235264	0.000074351508226	0.466462969016480	0.551952901459281	0	3	3	5	6	6	5	7	7	9	9	8	12	12	14	15	15	18	19	0	1	1	1	2	2	3	5	4	7	8	6	11	9	14	15	0	17	17	1	2	1	2	2	2	1	1	1	2	1	1	2	2	1	1	1	2	2
45500	-123.761222723945437	-122.382889054630894	-1.378333669314543	0.000086040193415	0.000061940777545	0.719905140681674	0.772733795729717	-1	2	0	4	4	6	5	6	8	8	7	7	12	13	14	16	15	18	20	0	3	1	2	2	5	2	5	8	8	4	7	10	9	11	10	0	17	18	1	1	1	1	1	1	1	1	1	1	1	1	2	3	3	2	1	2	1
46000	-136.769362011618398	-135.367891473789712	-1.401470537828699	0.000112487157403	0.000044879236390	0.398972090912562	0.524741333005437	-1	2	2	5	6	7	5	6	7	8	8	9	12	12	14	15	12	16	20	0	1	1	3	1	3	2	2	1	2	4	6	5	10	5	5	0	17	18	1	1	2	1	3	1	1	2	3	3	1	2	3	2	2	3	1	2	1
46500	-128.041663983316312	-126.348245727529928	-1.693418255786382	0.000130066704357	0.000026737610267	0.205568445819093	0.446416810407445	-1	3	2	5	6	7	5	7	5	8	9	9	11	12	14	15	13	17	19	0	1	1	2	4	3	2	9	3	9	4	7	2	8	11	5	0	17	18	1	3	2	1	1	4	2	1	2	1	2	2	4	4	3	4	1	2	1
47000	-117.750107432154806	-116.283942774804032	-1.466164657350774	0.000176030379397	0.000056510597046	0.321027525134605	0.530241614351830	-1	2	2	5	6	8	5	7	8	8	9	8	12	12	14	16	15	17	20	0	1	1	3	4	3	2	4	3	5	8	3	11	9	10	15	0	17	18	1	1	2	1	1	3	1	1	2	1	2	2	2	1	3	1	1	1	2
47500	-117.405429933347634	-115.852015035079887	-1.553414898267747	0.000128695690932	0.000033756710074	0.262298681715655	0.588131687789974	0	2	3	5	6	8	5	6	8	7	9	8	13	12	13	15	16	18	20	0	1	2	3	4	3	3	2	8	2	3	2	11	9	10	11	0	17	18	1	1	1	1	1	2	1	2	1	2	4	3	2	2	3	3	1	2	1
48000	-120.328149019143140	-118.912697476569690	-1.415451542573446	0.000118579386232	0.000044698559464	0.376950504508215	0.670961513671454	-1	2	1	4	3	8	6	6	8	8	10	8	12	12	13	15	14	16	21	0	3	1	5	3	7	3	5	8	7	10	7	1	9	10	15	0	17	17	1	1	1	1	1	1	2	1	1	1	1	1	5	2	2	2	1	1	2
48500	-118.827991757982446	-117.458389234048184	-1.369602523934267	0.000155403779217	0.000075036471223	0.482848432652969	0.639428129171487	0	2	2	4	6	7	4	8	7	7	9	8	13	12	14	15	15	17	20	0	1	1	2	1	3	2	2	1	4	9	5	11	3	14	13	0	17	18	1	1	1	1	2	2	1	3	3	1	1	1	3	4	1	1	1	1	2
49000	-119.675657276009574	-118.202145963094409	-1.473511312915166	0.000139601297796	0.000043942910605	0.314774370287536	0.520654102574448	-1	2	3	4	6	7	5	7	6	9	9	9	13	12	13	15	14	18	21	0	1	2	3	3	7	3	9	3	5	8	7	11	11	10	10	0	17	18	1	1	1	1	1	2	1	1	1	2	2	2	2	2	2	3	1	2	2
49500	-119.002612028454692	-117.553073455656474	-1.449538572798219	0.000105415060179	0.000035477555750	0.336551112235305	0.630318621261644	-1	3	1	3	5	8	6	7	8	9	8	9	12	11	13	15	14	17	20	0	3	1	3	2	8	5	3	2	7	4	8	11	9	8	15	0	17	18	1	1	1	1	1	1	1	3	2	1	2	1	1	2	3	1	1	3	1
50000	-130.285827101915856	-128.607689361542100	-1.678137740373748	0.000112345475704	0.000023648449205	0.210497566165383	0.487004116031498	-1	2	1	4	5	7	6	8	6	5	10	9	12	12	14	16	15	17	20	0	3	1	3	1	5	5	3	10	3	4	2	11	9	10	12	0	17	18	1	1	1	1	2	1	1	2	1	3	2	5	1	2	4	2	1	1	1
50500	-119.784564921877205	-118.408830338127828	-1.375734583749379	0.000122817055497	0.000056395780502	0.459185251374934	0.735509365778798	0	2	2	4	5	8	4	6	8	9	9	8	12	12	14	16	16	17	20	0	1	1	2	4	7	2	3	8	8	4	5	11	5	10	11	0	17	17	1	1	1	1	1	2	1	2	1	1	2	2	1	3	1	4	1	1	2
51000	-130.221713329281670	-128.702676464586574	-1.519036864695108	0.000114615298526	0.000032328610501	0.282061914223122	0.593174649435155	0	2	2	4	5	5	5	5	7	7	10	8	13	11	12	16	15	18	20	0	1	1	1	3	3	3	3	8	8	4	6	10	9	11	15	0	17	17	1	1	1	2	2	1	1	2	1	2	2	1	2	2	1	2	1	2	2
51500	-121.947319513680938	-120.522048149351889	-1.425271364329051	0.000162433165441	0.000059087587452	0.363765535762656	0.629488059165835	0	1	3	4	6	8	5	7	8	8	6	8	13	12	15	16	14	17	20	0	1	2	3	4	2	4	5	5	5	4	7	6	6	10	5	0	17	18	1	1	1	1	1	3	1	1	1	1	1	2	2	2	3	5	1	2	1
52000	-114.847558446283230	-113.359382941292708	-1.488175504990515	0.000138922277043	0.000042122551876	0.303209483554731	0.837280914034888	0	2	3	3	7	7	6	6	8	5	10	9	12	11	13	15	15	17	21	0	1	1	2	10	10	10	3	8	3	5	7	11	8	14	14	0	17	18	1	1	1	1	1	1	1	1	1	1	1	1	1	2	1	2	1	2	1
52500	-126.595429083418821	-125.214540217980982	-1.380888865437836	0.000173539651070	0.000076980448997	0.443589972218717	0.550995559964153	0	3	2	5	5	7	5	6	7	7	9	7	12	12	14	15	14	18	21	0	3	1	2	3	8	2	3	7	5	10	5	11	9	2	2	0	17	17	1	1	1	1	1	1	1	2	1	1	1	2	1	1	5	7	1	2	4
53000	-131.397826324666767	-130.030556954207668	-1.367269370459094	0.000089800910819	0.000058964043818	0.656608527463104	0.593668513941161	-1	1	2	4	6	6	4	7	8	8	6	9	13	11	14	15	15	18	20	0	1	1	2	2	3	3	4	8	5	4	6	11	1	14	10	0	17	18	1	1	1	1	2	2	1	1	1	1	1	1	3	5	2	3	1	2	2
53500	-121.322464753034097	-119.728181571526733	-1.594283181507365	0.000271082758173	0.000065745822499	0.242530446945315	0.758864730877164	-1	2	2	4	7	7	6	8	6	9	9	8	13	10	15	15	15	17	20	0	1	1	3	7	9	2	2	4	5	5	7	4	8	13	10	0	17	18	1	1	1	1	1	1	2	2	1	1	1	1	3	1	1	3	1	1	2
54000	-110.249926822964667	-108.855725350849070	-1.394201472115599	0.000108488755898	0.000044755906435	0.412539585912724	0.718009077816001	0	2	3	4	6	7	5	7	7	8	8	8	12	11	14	15	15	17	20	0	1	1	2	3	7	1	2	5	5	4	7	11	8	5	15	0	17	18	1	1	1	1	2	2	2	2	1	1	3	2	2	2	3	1	1	1	1
54500	-119.398223289471360	-117.788057872464904	-1.610165417006461	0.000095931866968	0.000022610944149	0.235697947552064	0.501271581040630	0	2	3	5	6	8	5	7	7	6	9	8	12	10	15	15	14	17	20	0	1	2	2	2	10	2	5	5	1	10	7	11	9	10	10	0	17	18	1	1	1	2	2	1	2	1	1	3	3	2	1	2	3	5	1	2	1
55000	-126.020838455736282	-124.658883774919403	-1.361954680816876	0.000135059864763	0.000081650459900	0.604550138145193	0.595127934027340	-1	2	2	5	6	7	4	7	6	9	9	8	12	12	15	14	14	17	20	0	1	1	2	3	4	2	9	2	5	9	7	4	9	10	2	0	17	18	1	2	1	2	2	1	1	1	1	1	2	2	3	3	3	5	1	2	2
55500	-115.823111796548645	-114.343269388605393	-1.479842407943258	0.000124360588049	0.000038507126085	0.309640913482898	0.569398401396600	0	2	3	5	7	7	4	6	8	8	9	9	12	13	14	15	16	17	20	0	1	1	1	3	3	2	4	8	8	4	5	11	9	10	14	0	17	17	1	1	1	2	2	2	1	1	1	2	2	1	2	3	4	1	1	1	1
56000	-113.004609847638079	-111.569891519705678	-1.434718327932407	0.000107173149509	0.000037766818781	0.352390677643927	0.647014624682509	-1	2	1	4	3	8	6	7	8	9	10	8	12	10	14	16	15	17	19	0	3	1	3	3	7	5	5	2	8	4	7	11	9	11	15	0	17	18	1	1	1	1	1	1	1	2	2	1	3	1	1	2	2	1	1	1	1
56500	-114.261784682572994	-112.891717021296373	-1.370067661276628	0.000091024758705	0.000043761120606	0.480760632912485	0.500064672094242	0	2	2	5	6	7	6	4	7	8	9	9	12	10	13	15	15	17	20	0	1	1	3	3	5	3	2	8	7	4	7	11	9	10	15	0	17	18	1	1	1	1	3	1	3	1	1	2	2	1	1	1	2	1	1	2	2
57000	-120.407914082212031	-119.047048857870024	-1.360865224342001	0.000125586900177	0.000070832746261	0.564013811640094	0.547190825109115	0	2	2	5	4	7	5	8	6	8	8	7	11	12	14	15	15	17	19	0	1	1	3	3	9	3	3	1	9	4	7	11	9	3	15	0	17	18	1	1	1	1	1	1	2	2	2	1	2	1	2	2	5	1	1	1	1
57500	-113.872574928820399	-112.343219781434527	-1.529355147385874	0.000120052859529	0.000033106717907	0.275767841236765	0.567475734025952	-1	3	2	5	5	6	5	7	7	8	10	8	12	12	13	14	15	18	20	0	1	1	3	2	2	2	3	2	5	4	7	11	11	11	15	0	17	18	1	2	2	1	1	2	1	2	1	2	2	1	1	1	1	1	1	2	1
58000	-124.325857688743866	-122.377226745519224	-1.948630943224637	0.000151133429755	0.000022205739385	0.146928045111631	0.414002711454092	-1	3	1	5	7	7	6	7	6	8	10	8	11	12	14	16	16	18	20	0	3	1	1	3	1	3	4	1	2	10	9	4	10	5	10	0	17	18	1	1	1	3	3	4	2	1	4	2	2	1	3	2	3	4	1	1	1
58500	-121.030368824166104	-119.666730473042833	-1.363638351123277	0.000139206359527	0.000087104059103	0.625718964268222	0.643649138888656	-1	3	2	4	6	7	5	8	8	8	10	7	10	12	13	14	15	17	19	0	1	1	3	4	5	2	5	2	12	4	2	4	8	10	10	0	17	17	1	2	1	1	1	1	1	1	2	1	2	2	3	2	2	4	1	1	2
59000	-136.519158290459558	-134.963716736487811	-1.555441553971743	0.000197853081959	0.000051685747867	0.261232968195492	0.521175728078840	-1	2	3	5	5	6	6	7	7	9	9	8	12	11	13	16	14	17	20	0	1	1	1	3	3	3	7	3	5	8	7	11	2	5	4	0	17	16	1	2	2	2	1	2	1	1	2	2	1	1	1	4	5	4	1	2	2
59500	-123.203004997894439	-121.830220819900461	-1.372784177993985	0.000139522022002	0.000065526865312	0.469652491925003	0.692107033640265	0	2	3	4	7	7	5	7	8	8	8	9	12	12	14	14	14	17	21	0	1	1	2	4	2	2	2	6	5	6	8	11	8	6	14	0	17	18	1	1	2	1	1	3	1	3	1	1	1	1	2	3	4	1	1	2	1
60000	-122.708604020974946	-121.332053363792085	-1.376550657182863	0.000132172931239	0.000060339057284	0.456515995505863	0.721655432182136	0	3	1	4	6	6	5	5	7	8	7	6	12	13	14	14	15	18	21	0	1	1	2	2	7	2	2	8	5	4	1	11	8	14	13	0	17	18	1	1	1	1	1	1	1	1	1	1	2	3	2	4	1	1	1	2	1
60500	-128.164948320280160	-126.783910716461975	-1.381037603818179	0.000113666081122	0.000050374436020	0.443179139483536	0.682899339634606	-1	2	3	5	6	7	5	7	8	7	9	8	13	12	15	14	16	18	18	0	1	2	2	2	3	2	7	3	2	1	7	11	9	11	10	0	17	17	1	1	1	2	2	2	2	1	3	2	4	2	2	2	3	4	1	2	1
61000	-133.959146076492630	-132.533426010960767	-1.425720065531862	0.000067840736169	0.000060640817896	0.893870280905835	0.457235705285890	0	3	2	4	6	5	5	7	7	8	10	8	12	13	15	15	14	18	21	0	1	1	3	3	3	2	3	2	4	3	7	11	9	10	10	0	17	17	1	1	1	1	3	1	1	2	3	3	5	2	1	3	2	3	1	3	3
61500	-122.437999156189747	-121.012972546234707	-1.425026609955042	0.000126699837188	0.000046128366150	0.364075970211548	0.536133831846028	-1	3	2	5	6	7	5	8	7	9	9	7	12	11	15	15	15	17	21	0	1	1	1	2	4	2	3	4	6	3	7	11	9	10	11	0	17	18	1	3	1	3	1	1	1	3	1	1	2	1	2	1	3	2	1	1	2
62000	-114.480582314247286	-113.078003399382951	-1.402578914864338	0.000184478225581	0.000073247239972	0.397050870050067	0.725158931639140	0	2	3	4	5	8	5	8	7	8	10	7	12	11	14	15	14	17	19	0	1	1	1	3	12	3	5	5	5	9	3	11	8	10	15	0	17	18	1	1	1	2	1	1	1	1	1	1	1	2	1	1	2	1	1	2	2
62500	-124.424572510194452	-123.055543456093901	-1.369029054100552	0.000121988325351	0.000059226958754	0.485513335672717	0.727564939821520	0	2	2	4	4	8	4	7	7	9	9	8	12	11	14	15	15	17	19	0	1	1	2	2	7	2	2	5	2	4	5	11	9	14	10	0	17	18	1	1	1	1	2	2	1	1	1	4	1	2	2	2	1	2	1	1	1
63000	-124.032463676231416	-122.663137256921701	-1.369326419309713	0.000137605499340	0.000066617356551	0.484118417292341	0.463052967038159	-1	2	2	5	7	7	4	6	7	9	9	9	13	12	15	14	15	18	20	0	1	1	3	4	4	3	3	8	5	5	6	10	9	14	3	0	17	18	1	1	1	2	1	1	1	2	1	1	2	1	3	3	2	5	1	2	1
63500	-121.228212574311172	-119.813192297732655	-1.415020276578520	0.000209349168279	0.000079043348034	0.377567050704106	0.644277724976890	0	2	2	3	6	7	5	7	8	7	9	8	11	12	13	15	15	18	20	0	1	1	2	7	7	1	7	8	3	7	3	5	9	11	15	0	17	18	1	2	1	1	1	1	2	1	1	2	2	3	2	2	2	1	1	2	1
64000	-123.135502444814449	-121.690330098429285	-1.445172346385169	0.000102414073729	0.000034922801707	0.340996119337871	0.656435398252245	0	3	2	4	6	7	6	7	6	8	10	8	12	12	14	15	15	18	20	0	3	1	3	4	4	3	9	2	2	2	7	4	9	10	15	0	17	17	1	1	1	1	1	1	1	1	1	3	3	1	5	3	4	1	1	2	2
64500	-122.485896591793946	-121.119536415306399	-1.366360176487540	0.000139720651299	0.000090792852812	0.649816988172503	0.777355090721286	0	2	3	4	6	7	5	5	6	8	9	8	12	11	14	15	15	18	21	0	1	1	3	4	7	3	2	2	5	4	7	11	9	11	13	0	17	17	1	1	2	1	1	1	1	1	2	1	2	2	2	1	2	1	1	2	3
65000	-118.705813173617983	-117.331185884390976	-1.374627289227013	0.000122781060041	0.000086101969241	0.701264260240378	0.665895345368822	0	2	1	4	5	7	5	6	8	7	9	9	12	11	13	14	16	17	21	0	1	1	2	2	7	3	7	8	7	10	7	11	9	14	12	0	17	18	1	1	1	1	1	1	2	1	2	1	1	2	2	2	1	2	1	1	2
65500	-121.458306168338382	-120.084934559535625	-1.373371608802761	0.000104704347836	0.000048944454309	0.467453886299773	0.694474124668452	0	1	3	4	4	8	6	7	8	7	9	8	11	12	14	16	14	17	20	0	1	1	3	3	10	5	2	10	3	4	7	11	9	9	15	0	17	18	1	1	2	1	1	1	1	3	1	2	2	1	1	2	2	2	1	2	2
66000	-122.101622259119779	-120.416694861692676	-1.684927397427102	0.000189677173611	0.000039505699695	0.208278618573011	0.577825188943878	0	2	3	4	5	8	4	6	8	9	8	8	10	12	14	16	15	17	19	0	1	1	2	4	8	2	7	8	5	1	7	11	9	14	15	0	17	17	1	1	2	1	1	1	1	1	1	2	4	2	2	1	1	1	1	1	2
66500	-113.127525981799039	-111.765610020564623	-1.361915961234414	0.000114288260417	0.000061437778636	0.537568586763942	0.605019045094612	0	2	3	4	5	8	6	7	8	9	10	8	12	11	14	16	15	18	21	0	1	2	2	3	7	4	5	8	8	4	7	11	9	10	10	0	17	17	1	1	1	1	2	1	1	1	1	1	2	1	1	2	2	2	1	1	3
67000	-119.053225825677998	-117.594519239597901	-1.458706586080103	0.000181460618774	0.000059471340057	0.327736896627121	0.688733072338604	0	2	2	4	5	7	6	8	6	8	9	7	12	12	12	13	15	18	21	0	1	1	2	3	5	5	5	2	7	9	5	11	11	10	15	0	17	17	1	1	1	1	1	1	1	1	2	1	2	1	2	2	3	1	1	2	3
67500	-125.613012432916875	-124.163130579052776	-1.449881853864099	0.000139684106147	0.000046963019625	0.336208756458593	0.662859545668497	-1	2	3	4	7	8	5	8	5	9	10	8	12	11	14	15	15	18	20	0	1	1	2	1	9	2	3	3	3	8	7	5	10	5	15	0	17	18	1	1	1	1	3	1	2	1	1	3	1	2	2	1	2	1	1	2	1
68000	-129.553089676517857	-128.153002890871107	-1.400086785646757	0.000166958937416	0.000067020851147	0.401421164890260	0.476125971466202	-1	3	1	5	6	6	5	7	7	8	8	9	12	11	13	15	15	18	20	0	3	1	2	3	2	1	5	2	5	4	10	4	1	7	11	0	17	18	1	1	1	1	2	1	3	1	3	1	1	1	3	5	4	3	1	2	1
68500	-120.437389009828067	-119.076187417997161	-1.361201591830903	0.000108005762743	0.000059483773148	0.550746290178342	0.491969323090646	0	2	2	4	6	7	6	7	7	8	10	9	12	11	14	15	15	17	20	0	1	1	1	3	5	4	2	2	8	3	7	5	8	2	14	0	17	18	1	2	1	2	3	1	1	2	2	1	3	1	3	3	6	2	1	1	2
69000	-120.858049101944147	-119.492504605750142	-1.365544496194002	0.000143464876324	0.000092290586913	0.643297434725794	0.594099910265068	0	2	3	4	6	7	5	8	8	8	9	8	12	13	11	15	15	17	20	0	1	2	2	2	7	3	5	5	5	4	7	11	8	10	8	0	17	17	1	1	1	2	1	1	1	1	1	1	2	1	2	2	1	2	1	2	2
69500	-129.035636964797277	-127.611452138878150	-1.424184825919131	0.000181602326944	0.000066312131506	0.365150230294955	0.852941652617651	-1	2	3	5	6	6	4	7	6	8	8	7	13	12	14	15	15	18	18	0	1	2	3	3	7	3	5	7	4	4	7	4	11	11	14	0	17	17	1	1	1	1	1	1	1	1	1	1	2	2	2	1	2	1	1	2	1
70000	-122.874697281191615	-121.448239946010730	-1.426457335180889	0.000103798577571	0.000037603452910	0.362273296900853	0.654168002543688	0	3	1	5	6	7	5	7	6	5	8	8	11	12	13	16	14	17	19	0	1	1	2	1	5	2	10	3	3	4	5	5	8	11	15	0	17	18	1	2	1	1	4	1	1	1	2	1	2	1	3	2	1	2	1	2	1
70500	-124.823351840591712	-123.449247173597769	-1.374104666993942	0.000155072953169	0.000072077150811	0.464795113124543	0.524107854859915	-1	2	3	5	4	8	6	8	7	9	9	9	12	11	14	15	15	18	21	0	1	1	5	3	2	5	3	7	7	4	7	6	10	10	15	0	17	18	1	2	2	1	1	3	1	2	1	1	2	1	1	1	2	1	1	1	2
71000	-124.000380855151491	-122.236746390415433	-1.763634464736056	0.000151276386251	0.000028068976794	0.185547642229605	0.853373103191811	-1	3	1	5	6	7	5	5	7	8	9	7	12	13	13	12	15	17	19	0	3	1	1	8	4	2	2	8	5	10	8	4	10	8	10	0	17	17	1	1	1	3	1	1	1	1	1	1	1	1	2	2	2	2	1	1	2
71500	-130.683399679436093	-129.197737926441818	-1.485661752994283	0.000160734279451	0.000049042071771	0.305112711107294	0.713121121252993	0	3	1	4	6	7	5	7	7	9	8	7	13	11	13	15	16	18	19	0	3	1	1	4	2	3	2	1	8	4	3	8	5	10	9	0	17	18	1	1	1	2	1	2	2	2	2	1	1	2	3	2	2	3	1	1	1
72000	-132.893727396043317	-131.429650757125330	-1.464076638917985	0.000155239102394	0.000050121653269	0.322867450894935	0.455473870649302	-1	1	1	4	6	8	4	8	6	7	9	8	12	11	15	14	13	17	20	0	1	1	1	2	5	3	10	3	4	3	1	12	5	10	7	0	17	17	1	1	1	2	2	1	2	1	3	1	4	5	1	2	3	4	1	2	4
72500	-130.571583346772428	-129.031266456782305	-1.540316889990136	0.000100645125885	0.000027117379047	0.269435591722147	0.472260678799994	-1	2	3	4	6	7	6	6	7	8	9	8	12	13	15	14	14	17	20	0	1	2	2	2	7	1	3	5	3	3	2	4	10	16	9	0	17	17	1	1	1	1	2	1	3	2	1	2	3	3	5	3	1	4	1	2	3
73000	-125.198395308599515	-123.817474697950999	-1.380920610648522	0.000109194194632	0.000079932343978	0.732020088131790	0.532784561460195	0	3	2	2	6	6	4	6	7	6	9	6	12	12	14	15	14	17	18	0	1	1	1	3	7	2	2	8	1	2	7	11	9	10	11	0	17	17	1	1	1	1	2	1	1	1	1	2	3	1	2	2	3	3	1	2	3
73500	-124.058771563103164	-122.288692047807800	-1.770079515295362	0.000115742320436	0.000021284572651	0.183896197786950	0.548142341149976	0	1	2	4	6	7	5	7	7	8	9	8	10	13	14	16	15	17	20	0	1	2	1	1	3	4	1	5	1	5	7	8	10	14	15	0	17	18	1	1	1	2	3	3	1	4	1	3	1	2	2	3	1	1	1	2	1
74000	-134.738673569846526	-133.317143893672636	-1.421529676173900	0.000093176328189	0.000034345501709	0.368607589253342	0.735573827935162	-1	2	3	4	5	7	6	4	6	6	9	6	12	11	12	15	16	18	20	0	1	1	1	8	5	2	2	8	4	4	3	11	9	5	15	0	17	17	1	1	1	3	1	1	2	2	1	1	2	1	2	2	3	2	1	1	1
74500	-115.742155508844419	-114.320807532239186	-1.421347976605232	0.000127459810829	0.000047013313287	0.368848133239537	0.594186301942902	0	2	2	3	5	7	5	6	7	7	9	8	13	11	15	16	15	18	20	0	1	1	2	2	5	2	2	8	5	10	7	11	9	5	8	0	17	18	1	1	1	1	2	1	1	2	1	1	1	2	2	1	5	4	1	2	1
75000	-116.708293180488468	-115.239782441970874	-1.468510738517588	0.000090663360938	0.000028921080023	0.318994130855911	0.516921178618499	-1	2	2	3	6	8	4	8	8	8	8	8	11	10	14	16	14	18	20	0	1	1	1	1	5	2	2	5	7	5	5	5	9	10	15	0	17	18	1	1	1	2	3	1	2	2	1	2	1	1	3	1	3	1	1	2	2
75500	-119.531546144029136	-117.907493240328137	-1.624052903701005	0.000151607866001	0.000034877559672	0.230051121961370	0.548964340587284	-1	3	1	4	6	7	5	7	8	9	9	7	13	12	14	15	15	18	20	0	3	1	3	2	7	2	2	3	4	9	7	11	10	10	14	0	17	18	1	1	1	2	1	1	1	2	4	3	1	1	2	2	1	2	1	2	1
76000	-122.828618955256161	-121.398110187919571	-1.430508767336584	0.000142364634118	0.000050869616292	0.357319193820332	0.641609468433906	0	2	3	5	4	4	5	7	8	7	9	7	11	12	15	14	14	17	20	0	1	1	3	2	2	1	2	10	5	10	7	8	9	14	10	0	17	18	1	1	1	1	1	1	1	3	1	2	1	1	2	2	2	3	1	1	1
76500	-119.598063659055327	-118.212476099942506	-1.385587559112822	0.000157837827963	0.000068096778116	0.431435093821835	0.621400142227822	0	2	2	5	7	7	4	7	6	8	9	8	11	12	14	15	14	17	20	0	1	1	2	7	9	1	3	3	8	4	9	11	8	5	14	0	17	18	1	1	1	2	2	1	2	2	2	1	2	1	1	3	3	1	1	2	2
77000	-125.917005026015943	-124.549301617104604	-1.367703408911335	0.000085220306546	0.000041938465635	0.492118220813341	0.744515493114174	-1	3	3	4	6	8	6	6	7	8	8	8	13	12	15	13	14	18	20	0	1	1	2	3	3	3	3	8	5	4	3	11	8	16	2	0	17	18	1	2	1	1	1	2	2	1	1	1	2	2	2	2	2	3	1	2	1
77500	-132.522693543247073	-131.100926634582692	-1.421766908664392	0.000138978714947	0.000051185069150	0.368294304418795	0.722453908732903	0	3	2	5	6	8	6	7	7	8	10	9	12	13	14	15	14	17	20	0	1	1	3	3	7	1	5	5	5	10	4	4	13	2	11	0	17	18	1	2	1	1	1	1	2	1	1	2	2	1	3	1	5	2	1	1	1
78000	-129.590422119089538	-127.863650034217727	-1.726772084871805	0.000136415975087	0.000026677860858	0.195562585984766	0.440677969375496	-1	2	2	4	6	7	4	8	7	8	8	8	11	13	15	14	14	17	20	0	1	1	2	1	5	2	9	2	9	3	3	5	1	11	10	0	17	17	1	1	1	1	4	1	1	1	2	1	3	4	2	8	4	3	1	2	2
78500	-133.481273512639603	-131.989226293888919	-1.492047218750687	0.000139666785317	0.000041947134678	0.300337224652504	0.604752253258554	-1	2	3	4	7	8	6	7	6	7	10	9	12	11	13	15	16	17	20	0	1	1	1	9	4	3	2	4	3	2	5	3	2	5	15	0	17	17	1	2	3	2	1	2	1	2	1	2	4	1	3	3	3	1	1	1	1
79000	-123.198191852748749	-121.836591104974147	-1.361600747774609	0.000120098526146	0.000065157115363	0.542530516014101	0.784108108510007	-1	1	3	5	6	7	6	7	8	6	8	8	11	11	13	15	15	17	20	0	1	2	1	3	7	2	5	4	2	10	7	11	9	5	10	0	17	18	1	1	1	2	1	1	2	1	1	2	1	1	2	1	2	6	1	1	1
79500	-125.546297602465117	-124.168704387440144	-1.377593215024966	0.000143862795341	0.000065202412323	0.453226368698568	0.672618067980781	0	3	3	4	7	6	5	6	7	9	9	7	10	12	13	15	15	18	20	0	1	1	2	8	2	3	2	2	5	7	7	9	6	8	15	0	17	18	1	2	2	1	1	2	1	2	2	1	2	1	1	2	3	1	1	2	1
80000	-120.861057096453095	-119.486232809814837	-1.374824286638253	0.000133035031507	0.000061498066874	0.462269720818146	0.655475192381550	-1	2	1	5	6	7	5	7	8	9	9	8	11	13	13	15	13	18	20	0	1	1	2	3	5	3	2	8	3	4	7	10	5	10	15	0	17	18	1	1	1	1	2	1	3	2	1	4	2	2	1	2	2	1	1	3	1
80500	-121.439905116689943	-119.936797270195171	-1.503107846494768	0.000148688465546	0.000043491309789	0.292499553543939	0.661490106042044	0	3	3	5	7	8	6	6	7	9	9	9	13	11	13	14	14	17	19	0	1	1	3	4	5	3	3	8	5	4	7	11	11	10	11	0	17	17	1	1	1	1	1	1	3	1	1	1	2	1	2	1	1	3	1	2	3
81000	-115.504520930180774	-114.063895718364265	-1.440625211816517	0.000081711890901	0.000028257147386	0.345814386063997	0.648094438621800	-1	2	3	4	6	6	5	7	8	8	9	8	9	12	13	15	14	18	20	0	1	1	3	3	3	3	5	8	3	4	3	4	9	11	15	0	17	18	1	1	2	1	1	2	1	1	1	2	2	2	3	2	2	1	1	2	1
81500	-115.391049750629236	-113.872194959782746	-1.518854790846483	0.000119517765349	0.000033725056220	0.282176094247556	0.748558738973293	0	3	2	4	7	6	5	7	6	6	10	9	13	12	14	14	14	17	19	0	3	1	1	10	4	4	9	4	4	2	4	11	8	14	14	0	17	18	1	1	1	3	1	1	1	1	1	1	3	3	1	3	1	1	1	2	1
82000	-123.457231993304561	-121.960324773166164	-1.496907220138393	0.000116193974924	0.000034489698803	0.296828633548531	0.827286382852494	-1	1	3	5	4	6	5	7	7	8	9	7	12	10	13	15	14	17	20	0	1	2	3	1	5	5	3	4	4	10	7	11	8	5	15	0	17	18	1	2	1	1	2	1	1	3	1	2	1	1	1	1	4	1	1	1	1
82500	-131.806653586940143	-130.388928514804519	-1.417725072135622	0.000184740861210	0.000069047997780	0.373755959174844	0.668764110720048	-1	3	3	5	6	7	4	7	5	7	9	8	12	12	14	14	16	18	20	0	1	1	3	3	1	3	1	3	3	10	7	8	10	10	12	0	17	18	1	3	1	1	2	3	1	3	1	1	1	2	2	2	4	3	1	2	1
83000	-120.676132627594043	-118.956203866396578	-1.719928761197459	0.000143779354161	0.000028401763737	0.197537149216637	0.603608020286787	0	2	3	4	6	8	5	8	6	7	9	7	10	11	14	15	15	18	20	0	1	2	1	4	5	4	9	4	1	5	5	10	10	10	15	0	17	17	1	1	1	2	1	1	1	1	2	3	1	1	2	2	3	1	1	2	3
83500	-117.090498676180815	-115.682243447287902	-1.408255228892912	0.000163360021311	0.000063338440935	0.387723020767701	0.573208194942570	0	2	2	4	6	7	5	7	7	9	9	8	12	12	14	16	13	17	20	0	1	1	2	4	7	2	2	2	6	5	3	11	5	14	9	0	17	18	1	1	1	1	1	1	2	2	2	1	1	3	1	3	1	4	1	2	2
84000	-118.339413227689391	-116.885593308813952	-1.453819918875433	0.000194850837937	0.000064759028525	0.332351809264960	0.812124404278518	-1	1	3	5	5	8	6	6	8	9	10	9	11	13	14	16	15	18	20	0	1	2	3	3	7	5	5	8	5	4	7	3	8	13	15	0	17	18	1	1	1	1	1	1	1	1	1	1	2	2	3	3	1	1	1	1	1
84500	-120.272335779730327	-118.864450009622544	-1.407885770107788	0.000126546758068	0.000049138866966	0.388306012071596	0.660159523024799	0	2	2	4	5	7	5	6	8	7	9	9	12	10	14	12	15	17	20	0	1	1	3	4	7	3	4	8	5	4	7	11	9	5	2	0	17	17	1	1	1	1	1	1	1	1	1	1	2	2	2	1	4	2	1	1	2
85000	-126.205519266844576	-124.822210344616082	-1.383308922228492	0.000066050222373	0.000049055088435	0.742693766547353	0.579295855654775	-1	1	2	4	6	6	5	8	7	8	8	9	11	12	14	15	15	17	21	0	1	1	2	1	7	2	5	2	1	4	7	4	8	13	15	0	17	18	1	1	2	1	3	1	2	1	3	4	2	2	5	1	2	1	1	2	2
85500	-125.318436978205554	-123.525491194961248	-1.792945783244313	0.000115378769138	0.000020566683622	0.178253623047161	0.688786766114211	-1	2	3	5	5	8	6	7	6	7	9	7	13	12	13	16	15	18	20	0	1	1	3	2	5	4	5	2	5	4	3	11	11	6	15	0	17	18	1	1	2	1	2	1	1	1	2	1	2	2	2	1	2	1	1	2	1
86000	-130.354393722936777	-128.887576137817717	-1.466817585119068	0.000174603577790	0.000055953124494	0.320458063928373	0.440563136597552	0	2	3	4	6	7	4	6	6	6	8	6	12	12	14	15	16	18	20	0	1	1	1	4	10	1	4	2	7	2	2	11	9	7	8	0	17	18	1	1	2	2	1	1	2	1	2	1	2	2	2	3	6	5	1	2	1
86500	-124.397994778770496	-123.033146290885952	-1.364848487884540	0.000099285324301	0.000063277522856	0.637330071708948	0.641124040345623	0	3	2	5	4	7	6	7	6	8	10	9	12	9	15	14	14	18	21	0	1	1	5	3	7	5	9	5	3	4	7	11	9	16	10	0	17	17	1	2	1	1	1	1	1	1	1	2	3	2	2	1	1	4	1	2	2
87000	-119.314446942481169	-117.918326743061797	-1.396120199419372	0.000102156551297	0.000041759589532	0.408780337647725	0.562508342034379	-1	1	2	4	4	8	6	7	7	8	9	7	13	11	14	15	15	17	20	0	1	2	3	2	8	5	3	3	2	4	5	11	3	5	11	0	17	18	1	1	1	1	2	1	1	3	2	3	3	1	2	4	4	3	1	1	2
87500	-119.916840706286905	-118.555131745695832	-1.361708960591079	0.000092303018491	0.000049910408291	0.540723468280505	0.695651627815115	-1	3	2	3	6	7	5	7	8	7	10	9	12	11	14	16	13	15	20	0	3	1	1	2	7	2	2	8	1	10	10	11	9	10	15	0	17	18	1	1	1	2	2	1	1	1	1	4	2	1	1	1	4	1	1	2	2
88000	-131.124461982096165	-129.704458650135734	-1.420003331960434	0.000131084559740	0.000048585775799	0.370644535823455	0.629317266321180	-3	2	2	5	6	7	4	7	8	8	9	9	10	11	13	15	15	18	21	0	1	1	3	7	7	1	2	5	5	8	8	2	9	11	15	0	17	17	1	3	3	2	1	1	3	4	1	1	1	1	4	1	2	1	1	2	3
88500	-116.325500160441763	-114.943445461327997	-1.382054699113761	0.000112221272815	0.000049424416970	0.440419322741966	0.615657049306243	0	2	3	5	6	6	5	7	8	6	9	7	13	13	13	15	15	18	21	0	1	2	1	7	4	2	2	10	4	4	7	11	9	5	15	0	17	18	1	1	1	3	1	1	2	2	1	1	2	1	2	2	3	1	1	2	1
89000	-133.273842693762617	-131.712446056476097	-1.561396637286512	0.000154552747436	0.000039898990439	0.258157755854694	0.573339609786154	0	2	1	4	5	6	6	7	7	8	10	9	9	12	15	15	15	18	21	0	3	1	1	2	4	2	2	3	6	10	8	8	10	1	8	0	17	18	1	1	1	2	1	1	3	2	2	1	1	1	1	3	8	4	1	2	1
89500	-111.658586167867469	-110.268965431305546	-1.389620736561921	0.000137110703875	0.000057878603084	0.422130449686736	0.739645544525293	-1	1	2	5	5	7	4	7	7	9	9	8	12	12	14	15	14	17	19	0	1	1	1	7	4	3	5	5	5	5	5	11	8	10	11	0	17	18	1	1	1	3	1	1	1	1	1	1	2	1	2	2	2	2	1	2	1
90000	-112.429654525291028	-111.016736133729268	-1.412918391561761	0.000123443298171	0.000046985293304	0.380622472020802	0.583751598542457	-1	3	1	5	5	7	6	7	8	7	9	8	12	12	14	16	16	17	21	0	1	1	2	3	7	2	5	8	5	4	2	11	9	10	11	0	17	18	1	2	1	1	2	1	1	1	1	1	2	2	2	2	3	3	1	1	2
90500	-116.698716114749487	-114.914471472326213	-1.784244642423281	0.000133350745767	0.000024051420949	0.180362103042906	0.648423086584019	0	2	2	5	5	8	4	7	7	8	8	9	13	12	14	15	15	17	20	0	1	1	1	2	4	2	4	4	5	4	9	4	8	14	14	0	17	18	1	1	1	3	1	1	1	1	2	1	1	1	3	3	1	1	1	1	1
91000	-118.148139223652962	-116.785934854675872	-1.362204368977089	0.000126672130358	0.000077060273576	0.608344340291325	0.513782404126638	0	1	3	4	5	7	5	6	7	8	8	7	12	11	14	15	15	18	20	0	1	2	2	1	4	2	4	5	3	3	7	11	10	11	11	0	17	18	1	1	1	2	2	2	2	1	1	2	3	1	2	2	3	3	1	2	1
91500	-112.465154555342394	-111.094014195314642	-1.371140360027759	0.000108618644105	0.000074056171462	0.681799815055383	0.924471842279903	-1	2	2	3	6	7	5	7	8	8	9	7	11	11	12	15	14	17	21	0	1	1	2	2	7	4	5	8	5	8	7	11	9	11	15	0	17	18	1	1	2	1	1	1	1	1	1	1	1	1	1	1	1	1	1	1	2
92000	-131.937228048497161	-130.313036397650876	-1.624191650846285	0.000134035307914	0.000030827604225	0.229996145827918	0.505851068691851	0	2	3	5	5	7	4	6	7	7	9	7	11	12	15	15	15	18	21	0	1	2	1	1	2	2	2	2	4	10	5	1	10	13	4	0	17	18	1	1	1	3	2	3	1	2	3	1	1	1	5	3	3	5	1	2	2
92500	-112.519726452523372	-111.124702324752903	-1.395024127770465	0.000122385075916	0.000050289335892	0.410910689198907	0.869836056353903	-1	3	1	5	6	6	5	7	6	9	9	9	12	11	14	15	14	18	20	0	3	1	2	3	7	2	9	3	8	4	7	11	11	10	15	0	17	18	1	1	1	1	2	1	1	1	2	1	2	1	2	1	2	1	1	1	1
93000	-122.833203893442757	-121.428790021646236	-1.404413871796526	0.000153115566284	0.000060319141917	0.393945196956526	0.652665797243628	0	2	3	4	6	8	5	6	7	8	9	9	12	12	13	16	14	17	21	0	1	2	1	1	4	3	2	3	3	9	7	10	10	14	15	0	17	18	1	1	1	2	3	2	1	2	2	3	1	2	2	3	1	3	1	2	2
93500	-119.090456542920208	-117.561489883270099	-1.528966659650115	0.000158385584354	0.000043714221457	0.275998738365869	0.727980725967242	0	3	3	5	6	7	6	7	7	8	9	7	13	11	13	15	15	18	19	0	1	1	3	3	5	3	4	5	2	4	5	11	10	11	15	0	17	18	1	1	2	1	2	1	1	1	1	2	2	1	3	1	3	1	1	2	1
94000	-108.412893340825022	-106.912665125387051	-1.500228215437976	0.000204403520550	0.000060194820021	0.294490133332982	0.841038686117005	-1	3	2	4	6	7	5	5	8	8	10	8	12	12	14	15	15	18	20	0	3	1	3	4	7	2	2	8	5	9	7	11	9	10	15	0	17	18	1	1	1	1	1	1	1	2	1	1	1	1	1	2	2	1	1	2	1
94500	-123.429058937909076	-121.912898325695338	-1.516160612213734	0.000118831071156	0.000033733627654	0.283878848566304	0.514761851930416	0	2	2	5	6	8	6	8	8	7	9	8	11	12	13	13	15	17	20	0	1	1	3	3	2	2	10	5	2	1	10	10	11	6	11	0	17	17	1	1	1	1	2	4	2	1	1	2	4	1	2	1	3	3	1	1	2
95000	-130.234723539515329	-128.678526286932225	-1.556197252583108	0.000138024578221	0.000036002070235	0.260838110854615	0.515785340009350	0	2	2	4	6	7	4	7	8	6	10	8	12	12	15	16	14	18	21	0	1	1	3	1	1	1	4	10	2	4	10	11	9	11	2	0	17	17	1	1	1	2	3	4	3	1	1	3	3	1	1	2	2	5	1	2	2
95500	-121.629483748231124	-120.251079845960106	-1.378403902271015	0.000123560366525	0.000055695362587	0.450754268167615	0.636006893693032	-1	1	3	4	6	7	5	7	7	9	9	9	12	12	12	14	15	16	20	0	1	2	2	4	3	1	7	2	5	4	7	11	9	5	5	0	17	18	1	1	1	2	1	2	3	1	3	1	2	1	1	2	3	4	1	1	2
96000	-120.074240900246863	-118.711855559904720	-1.362385340342144	0.000096170080827	0.000051108365264	0.531437270554689	0.827014271972054	0	3	2	4	5	8	5	4	7	7	9	8	11	13	11	13	15	18	20	0	1	1	2	2	7	4	3	8	5	10	7	11	9	10	15	0	17	18	1	1	1	1	1	1	1	1	2	1	1	2	1	3	1	1	1	2	1
96500	-127.985833748525550	-126.460866429687044	-1.524967318838512	0.000155251282811	0.000043222397848	0.278402838713036	0.782306110472989	-1	2	2	4	5	7	6	8	7	7	9	9	12	12	15	14	15	17	19	0	1	1	2	2	4	2	9	5	4	4	5	2	9	13	11	0	17	18	1	2	1	1	2	1	2	1	1	1	1	2	4	2	2	2	1	2	1
97000	-127.124340403534617	-125.303658718712413	-1.820681684822201	0.000167145994558	0.000028720345894	0.171827903922697	0.730724098877323	0	3	1	3	6	7	6	8	8	7	9	9	11	12	13	16	15	16	20	0	3	1	3	2	5	2	5	5	7	10	5	8	9	2	15	0	17	17	1	1	1	2	2	1	1	1	1	1	1	1	2	1	5	1	1	1	3
97500	-119.803751081795880	-118.440805972533411	-1.362945109262463	0.000087606098604	0.000054142025995	0.618016631914305	0.646283771503319	0	2	2	3	5	7	5	6	6	8	9	9	11	13	14	16	15	17	19	0	1	1	3	3	2	3	5	3	8	5	6	11	8	10	15	0	17	18	1	1	1	1	2	3	2	1	1	1	1	1	1	2	3	1	1	2	1
98000	-120.822889759282276	-119.427036741033021	-1.395853018249249	0.000096937724861	0.000039676178067	0.409295536118843	0.528494097802308	-2	1	2	4	6	7	4	7	8	9	10	9	11	11	14	14	15	18	21	0	1	1	3	4	3	3	3	5	5	4	8	11	9	10	8	0	17	18	1	1	3	1	1	2	1	2	1	1	2	1	1	2	3	4	1	2	2
98500	-121.225599609768622	-119.817162403753755	-1.408437206014868	0.000178266911974	0.000069067201754	0.387437023446256	0.503087163714423	0	2	2	4	6	6	5	8	7	7	9	8	12	12	14	15	15	18	20	0	1	1	2	4	7	4	5	3	4	2	10	1	8	11	10	0	17	18	1	1	1	1	1	1	1	1	3	2	2	1	5	3	2	4	1	2	1
99000	-118.096202907601239	-116.703102015479459	-1.393100892121773	0.000115478152484	0.000047895817033	0.414760853047769	0.445453570968202	-1	1	2	4	5	7	4	8	7	9	8	7	12	13	14	15	14	17	20	0	1	2	3	3	2	2	9	5	8	4	7	11	10	3	10	0	17	18	1	1	1	1	2	3	1	1	1	1	2	1	2	2	6	3	1	2	2
99500	-128.432276762640271	-126.831958506959722	-1.600318255680552	0.000148135449792	0.000035535393845	0.239884469889771	0.346777151433293	-1	2	3	5	5	8	4	5	7	8	9	8	13	11	14	15	15	17	20	0	1	2	2	3	8	2	1	4	2	8	5	11	11	10	15	0	17	17	1	2	1	1	1	2	1	3	1	3	2	2	2	2	2	1	1	1	2
100000	-123.735793166622003	-122.361099891280446	-1.374693275341552	0.000140011168120	0.000064786464318	0.462723546895745	0.600525074291102	-1	3	2	5	6	6	5	7	7	9	9	8	13	13	13	15	14	17	19	0	3	1	2	3	7	3	3	5	9	4	7	4	8	2	15	0	17	18	1	1	1	1	2	1	1	2	1	1	1	2	5	2	5	1	1	2	1