step	post	like	prior	mu1	mu2	gamma	pi	Tinf_1	Tinf_2	Tinf_3	Tinf_4	Tinf_5	Tinf_6	Tinf_7	Tinf_8	Tinf_9	Tinf_10	Tinf_11	Tinf_12	Tinf_13	Tinf_14	Tinf_15	Tinf_16	Tinf_17	Tinf_18	Tinf_19	Tinf_20	Tinf_21	Tinf_22	Tinf_23	Tinf_24	Tinf_25	alpha_1	alpha_2	alpha_3	alpha_4	alpha_5	alpha_6	alpha_7	alpha_8	alpha_9	alpha_10	alpha_11	alpha_12	alpha_13	alpha_14	alpha_15	alpha_16	alpha_17	alpha_18	alpha_19	alpha_20	alpha_21	alpha_22	alpha_23	alpha_24	alpha_25	kappa_1	kappa_2	kappa_3	kappa_4	kappa_5	kappa_6	kappa_7	kappa_8	kappa_9	kappa_10	kappa_11	kappa_12	kappa_13	kappa_14	kappa_15	kappa_16	kappa_17	kappa_18	kappa_19	kappa_20	kappa_21	kappa_22	kappa_23	kappa_24	kappa_25
1	-1645.473530985764000	-1652.329018936723287	6.855487950959373	0.000080000000000	0.000020000000000	0.250000000000000	0.177097440909409	0	5	5	6	7	9	11	11	14	11	15	12	12	14	16	16	15	14	14	15	17	16	17	17	20	0	1	1	1	1	1	1	1	1	1	1	1	1	1	1	1	1	1	1	1	1	1	1	1	1	1	3	3	3	4	5	6	6	7	6	8	6	6	7	8	8	8	7	7	8	9	8	9	9	10
500	-161.489135078551527	-168.344623029510899	6.855487950959373	0.000080000000000	0.000020000000000	0.250000000000000	0.208185362640428	0	3	5	7	7	9	12	10	14	12	16	11	12	15	15	16	14	14	15	14	18	13	17	17	21	0	0	2	2	3	5	6	5	10	12	20	5	8	5	6	7	10	5	22	12	20	3	22	20	16	1	1	1	2	1	1	2	2	2	1	2	2	2	4	2	2	1	3	1	2	2	4	2	1	3
1000	-148.462948895003933	-155.318436845963305	6.855487950959373	0.000080000000000	0.000020000000000	0.250000000000000	0.494734451455161	0	4	6	7	8	9	11	11	14	10	16	12	12	14	16	16	15	14	13	16	17	17	16	18	20	0	0	2	2	3	5	6	6	6	5	7	5	5	7	18	9	14	5	7	5	12	10	17	12	22	1	1	1	1	2	1	1	1	2	1	2	1	3	1	1	2	1	3	1	4	2	3	1	3	2
1500	-126.398017470362248	-133.253505421321620	6.855487950959373	0.000080000000000	0.000020000000000	0.250000000000000	0.617388305230233	1	5	6	7	7	10	12	11	14	11	16	12	13	13	15	15	15	13	15	15	17	17	17	17	21	0	0	2	2	3	5	6	6	10	3	19	10	8	10	18	9	6	10	10	12	12	6	10	20	16	1	1	1	1	1	1	1	1	1	2	1	1	1	1	1	1	2	1	2	1	2	4	3	1	3
2000	-117.211178738647121	-124.066666689606492	6.855487950959373	0.000080000000000	0.000020000000000	0.250000000000000	0.927853024046220	-2	4	5	6	8	10	12	11	14	11	13	12	13	13	16	16	15	13	14	15	15	16	17	17	20	0	0	2	2	3	5	6	6	7	6	8	6	8	10	7	9	10	10	11	12	12	7	17	21	16	1	1	1	1	1	1	1	1	1	1	1	1	1	1	1	1	1	1	1	2	1	1	1	1	2
2500	-121.916683400525102	-128.772171351484474	6.855487950959373	0.000080000000000	0.000020000000000	0.250000000000000	0.622483272979519	1	3	5	6	7	9	11	11	15	11	15	13	12	14	15	17	15	13	15	15	18	17	17	18	20	0	0	2	2	3	5	5	6	10	5	12	10	8	10	18	9	10	5	6	12	20	14	17	12	16	1	1	1	1	1	2	2	1	2	2	1	1	1	1	1	1	2	2	2	1	2	2	1	2	1
3000	-122.806955898785219	-129.662443849744591	6.855487950959373	0.000080000000000	0.000020000000000	0.250000000000000	0.788565252228269	-1	5	6	7	7	8	12	10	14	11	15	13	12	14	16	17	15	15	14	15	17	17	16	17	21	0	0	2	2	3	5	6	6	7	6	12	5	8	7	11	17	10	7	7	12	20	11	17	20	16	1	1	1	2	1	1	2	1	1	2	2	2	1	1	1	1	2	1	1	1	1	1	1	1	2
3500	-111.800172817062631	-118.655660768022003	6.855487950959373	0.000080000000000	0.000020000000000	0.250000000000000	0.920262044272104	0	5	6	7	8	10	12	12	15	11	13	12	13	14	16	17	15	13	15	15	16	14	17	17	19	0	0	2	2	3	5	6	6	22	5	12	6	6	10	22	9	18	10	11	12	12	7	17	21	9	1	1	1	1	1	1	1	1	1	1	1	1	1	2	1	1	1	1	1	1	2	1	1	1	2
4000	-121.996575478578109	-128.852063429537480	6.855487950959373	0.000080000000000	0.000020000000000	0.250000000000000	0.771736112135630	1	4	5	6	8	10	11	12	15	12	16	13	13	14	16	15	15	14	14	16	18	14	17	18	21	0	0	2	2	3	5	5	7	18	6	18	6	8	10	16	7	10	5	12	12	20	10	17	20	9	1	1	1	1	1	1	2	1	1	1	1	1	1	1	1	3	1	3	1	2	1	1	1	1	2
4500	-135.160388282775358	-142.015876233734730	6.855487950959373	0.000080000000000	0.000020000000000	0.250000000000000	0.783161298129543	-1	5	6	6	8	9	11	11	14	12	14	13	13	15	15	16	14	13	14	15	17	16	16	18	19	0	0	2	2	3	5	5	6	10	5	7	10	8	7	10	10	5	5	7	12	18	15	17	20	9	1	1	1	1	1	1	2	1	1	2	1	1	1	2	1	2	3	3	2	1	2	1	2	1	3
5000	-134.265952258081370	-141.121440209040742	6.855487950959373	0.000080000000000	0.000020000000000	0.250000000000000	0.593127755430883	-1	4	5	7	8	8	11	11	15	12	16	12	12	15	14	17	15	14	15	15	15	16	18	17	20	0	0	2	2	3	3	6	6	18	7	18	6	8	18	7	9	10	5	12	12	12	18	10	21	16	1	1	1	1	2	2	2	2	1	1	1	2	1	1	1	1	1	3	2	2	2	1	3	1	2
5500	-136.736189152229571	-143.591677103188943	6.855487950959373	0.000080000000000	0.000020000000000	0.250000000000000	0.702857172992736	0	4	6	7	8	10	11	11	15	12	15	13	12	14	14	17	16	13	14	14	17	15	17	18	19	0	0	2	2	3	5	5	6	6	5	12	6	8	7	6	9	10	10	6	12	12	7	18	21	17	1	1	1	1	1	1	1	1	2	2	1	2	1	1	2	1	2	1	2	1	2	1	2	1	2
6000	-127.248438799207122	-134.103926750166494	6.855487950959373	0.000080000000000	0.000020000000000	0.250000000000000	0.711545577463640	0	4	5	7	6	9	12	10	15	10	14	12	12	14	17	16	16	14	15	14	17	15	17	17	19	0	0	2	2	3	5	10	6	7	5	6	6	8	6	14	10	14	10	11	12	12	18	17	20	16	1	1	1	1	1	2	1	1	1	2	3	1	1	2	2	2	1	2	1	1	3	1	1	2	1
6500	-126.742101257596175	-133.597589208555547	6.855487950959373	0.000080000000000	0.000020000000000	0.250000000000000	0.600151247767529	0	4	5	7	8	9	11	12	14	12	14	12	12	14	16	15	15	15	13	14	17	16	17	16	19	0	0	2	2	3	5	5	7	10	6	12	6	5	10	9	9	10	20	7	12	12	17	17	20	16	1	1	1	1	2	1	2	1	1	2	1	1	2	1	1	1	2	1	1	2	3	1	1	1	2
7000	-122.232580112356402	-129.088068063315774	6.855487950959373	0.000080000000000	0.000020000000000	0.250000000000000	0.816927755419864	1	4	6	6	7	10	12	10	15	11	16	12	12	14	16	16	15	13	13	15	17	16	17	17	19	0	0	2	2	3	5	6	5	6	6	12	6	8	18	10	9	10	10	12	12	12	9	17	20	9	1	1	1	1	1	1	1	2	2	1	2	1	1	1	1	1	2	2	1	2	2	1	1	1	2
7500	-130.918875248856494	-137.774363199815866	6.855487950959373	0.000080000000000	0.000020000000000	0.250000000000000	0.603536634267240	1	4	6	6	8	9	12	11	13	12	15	12	12	14	16	17	16	14	14	16	18	17	17	17	19	0	0	2	2	4	5	6	6	6	5	19	5	8	10	18	9	18	9	12	10	20	20	18	20	16	1	1	1	1	1	1	1	1	2	1	1	2	1	2	1	2	1	1	2	2	1	1	1	1	1
8000	-130.269469567399199	-137.124957518358570	6.855487950959373	0.000080000000000	0.000020000000000	0.250000000000000	0.758052022169867	-1	4	6	6	8	10	9	10	13	10	16	12	12	14	17	17	15	14	14	14	18	17	17	18	20	0	0	2	2	3	5	5	7	6	7	19	7	8	10	20	9	10	10	12	12	12	17	17	20	15	1	1	1	2	1	1	1	1	1	1	1	2	1	2	1	2	2	2	1	1	3	1	1	2	1
8500	-136.419035646331224	-143.274523597290596	6.855487950959373	0.000080000000000	0.000020000000000	0.250000000000000	0.660773515372789	-2	4	5	7	7	10	11	11	14	11	16	12	13	15	17	16	15	13	13	15	17	14	18	17	18	0	0	2	2	3	5	5	5	10	5	22	6	8	7	9	9	18	10	7	12	20	7	17	20	16	1	1	1	1	1	2	2	2	1	2	1	2	1	3	1	2	1	1	2	2	2	2	1	1	1
9000	-129.329995234146310	-136.185483185105682	6.855487950959373	0.000080000000000	0.000020000000000	0.250000000000000	0.664381922583666	-1	4	5	6	8	7	11	11	13	10	15	12	12	14	16	17	14	14	13	15	18	15	17	17	19	0	0	2	2	6	3	6	10	5	5	12	10	8	10	17	9	10	6	7	12	12	7	17	20	16	1	1	1	1	1	1	2	1	2	2	2	1	1	2	1	2	2	3	1	2	4	1	2	1	1
9500	-137.159289376510401	-144.014777327469773	6.855487950959373	0.000080000000000	0.000020000000000	0.250000000000000	0.846769007820589	1	3	5	6	7	10	11	11	12	12	16	13	13	14	16	16	16	14	14	14	16	13	17	16	19	0	0	2	2	3	5	5	5	7	6	12	5	8	7	20	7	18	10	12	12	12	7	17	20	15	1	1	1	1	1	2	2	3	1	1	2	2	1	2	1	2	1	1	1	1	1	1	1	1	1
10000	-102.609040133932226	-109.464528084891597	6.855487950959373	0.000080000000000	0.000020000000000	0.250000000000000	0.765241960576313	0	3	5	5	7	9	11	10	14	12	15	13	12	14	16	16	14	14	15	15	17	17	16	16	19	0	0	2	2	3	5	6	5	7	7	12	7	8	10	9	9	10	10	12	12	20	15	17	20	16	1	1	1	1	1	1	1	1	2	1	1	1	1	1	1	1	1	1	1	1	1	1	1	1	1
10500	-127.517915058356635	-134.373403009316007	6.855487950959373	0.000080000000000	0.000020000000000	0.250000000000000	0.762249486648194	0	4	5	5	7	9	11	10	15	10	14	12	13	15	15	17	15	14	14	15	17	13	17	18	20	0	0	2	2	3	5	6	6	22	5	22	5	8	22	22	22	10	10	22	12	20	6	17	20	16	1	1	1	1	1	1	1	1	1	1	1	1	2	2	1	2	2	2	1	2	1	2	1	1	2
11000	-116.076243299291676	-122.931731250251048	6.855487950959373	0.000080000000000	0.000020000000000	0.250000000000000	0.822495667457292	-1	4	6	6	7	9	11	11	13	12	14	12	12	14	16	17	16	14	15	16	15	16	17	18	20	0	0	2	2	3	5	6	6	6	6	12	6	8	10	18	15	9	10	11	12	12	9	17	21	16	1	1	1	1	1	1	1	1	2	1	1	1	1	2	1	1	2	1	1	2	2	1	1	1	2
11500	-132.787781971541392	-139.643269922500764	6.855487950959373	0.000080000000000	0.000020000000000	0.250000000000000	0.741517948975176	0	2	5	6	8	10	12	10	14	11	15	13	13	15	15	16	15	14	14	15	17	16	18	18	21	0	0	2	3	3	5	6	5	7	5	7	5	8	10	6	9	18	10	12	6	20	7	17	21	16	1	1	2	1	1	1	1	1	1	2	1	2	1	2	2	2	1	1	1	2	1	2	1	1	3
12000	-127.229100900378086	-134.084588851337458	6.855487950959373	0.000080000000000	0.000020000000000	0.250000000000000	0.834403796600540	-1	4	6	7	8	10	12	11	15	10	16	12	12	14	16	16	15	13	14	15	17	17	17	16	18	0	0	2	2	3	5	8	6	7	5	7	6	8	7	7	9	5	10	7	12	20	15	17	20	16	1	1	1	1	1	1	1	1	1	1	2	1	1	1	2	1	3	1	2	1	1	1	1	1	1
12500	-135.791374861098973	-142.646862812058345	6.855487950959373	0.000080000000000	0.000020000000000	0.250000000000000	0.638143163789781	0	4	5	7	7	8	11	11	14	11	15	12	13	15	14	14	15	14	14	14	17	14	16	16	20	0	0	2	3	3	5	5	5	7	5	22	10	8	7	7	5	16	7	10	12	20	10	18	20	9	1	1	1	1	1	1	1	2	1	2	1	1	1	2	2	3	1	2	2	1	2	2	1	1	3
13000	-117.065549167568946	-123.921037118528318	6.855487950959373	0.000080000000000	0.000020000000000	0.250000000000000	0.738996001650739	1	5	6	6	7	10	11	12	14	11	12	12	12	13	17	16	14	13	14	16	17	16	18	17	20	0	0	2	2	3	5	5	7	6	6	6	7	7	6	22	9	6	10	11	12	12	9	17	20	16	1	1	1	1	1	2	3	1	2	1	1	1	1	1	1	1	2	1	1	2	2	1	2	1	2
13500	-136.200169608161190	-143.055657559120561	6.855487950959373	0.000080000000000	0.000020000000000	0.250000000000000	0.552621145718491	1	4	5	6	8	10	11	12	14	11	15	12	13	14	17	16	16	14	14	15	18	15	16	16	20	0	0	2	2	3	5	6	5	5	6	19	5	8	10	7	7	18	10	8	12	24	7	18	20	16	1	1	1	1	2	1	1	3	2	1	1	2	1	2	3	2	2	2	2	2	1	2	2	1	2
14000	-129.000188726617836	-135.855676677577208	6.855487950959373	0.000080000000000	0.000020000000000	0.250000000000000	0.733155996842696	0	3	5	7	7	10	9	11	14	12	14	13	11	14	16	14	14	14	15	15	18	17	17	18	20	0	0	2	2	3	7	5	6	7	7	12	6	6	10	9	10	10	10	11	12	12	9	17	20	16	1	1	1	2	1	1	1	1	2	2	1	2	1	1	1	1	1	1	1	1	3	1	1	2	2
14500	-112.209888134891628	-119.065376085851000	6.855487950959373	0.000080000000000	0.000020000000000	0.250000000000000	0.857835552028750	0	4	5	6	7	9	12	11	14	11	14	13	12	15	15	16	15	13	15	15	17	16	17	17	20	0	0	2	2	3	4	5	6	10	5	7	10	8	10	10	9	18	10	11	12	12	7	17	20	16	1	1	1	1	1	1	2	1	1	2	1	1	1	2	2	1	1	1	1	1	2	1	1	1	2
15000	-138.513705241943200	-145.369193192902571	6.855487950959373	0.000080000000000	0.000020000000000	0.250000000000000	0.759912550533376	0	4	5	6	8	9	11	11	14	12	15	13	11	14	17	17	15	14	15	16	18	16	18	17	21	0	0	2	2	3	5	6	3	6	5	8	8	6	10	22	9	18	10	9	12	12	7	17	12	15	1	1	1	1	2	1	1	4	2	1	2	1	1	1	1	2	1	1	1	1	2	3	1	2	2
15500	-118.770532757754296	-125.626020708713668	6.855487950959373	0.000080000000000	0.000020000000000	0.250000000000000	0.695850137661514	0	5	6	6	8	10	11	11	13	11	15	12	12	14	15	16	15	13	14	14	18	15	17	16	21	0	0	2	2	3	5	6	5	7	6	19	7	8	10	7	15	18	6	12	12	12	20	17	20	15	1	1	1	1	1	1	1	2	1	1	1	1	1	1	2	1	1	1	1	1	3	1	1	1	3
16000	-129.294407438572023	-136.149895389531395	6.855487950959373	0.000080000000000	0.000020000000000	0.250000000000000	0.809255140216817	-1	5	6	6	7	9	11	11	13	12	15	11	13	13	16	17	15	13	14	16	17	14	15	16	20	0	0	2	2	3	5	6	5	8	6	12	6	8	7	22	20	18	10	12	12	24	10	10	12	16	1	1	1	1	1	1	1	2	1	2	2	1	1	1	1	1	1	1	2	2	1	1	1	2	1
16500	-129.402117362193877	-136.257605313153249	6.855487950959373	0.000080000000000	0.000020000000000	0.250000000000000	0.774992127363282	0	4	5	5	7	9	10	11	14	10	14	11	12	13	15	17	15	14	14	15	17	17	18	17	21	0	0	2	2	3	5	6	6	7	5	6	6	8	10	18	9	10	10	12	12	20	15	10	20	16	1	1	1	1	1	2	1	1	2	1	1	1	1	1	1	2	2	2	2	2	1	1	4	1	2
17000	-120.576979364219412	-127.432467315178783	6.855487950959373	0.000080000000000	0.000020000000000	0.250000000000000	0.768900347522896	0	4	6	6	7	10	11	11	15	12	16	13	12	13	15	16	16	14	13	15	16	13	17	17	20	0	0	2	2	3	5	5	5	22	6	7	7	8	10	22	22	18	10	6	12	20	7	17	20	16	1	1	2	1	1	2	2	2	1	1	1	1	1	1	1	1	1	1	2	1	1	1	1	1	2
17500	-124.499314575053035	-131.354802526012406	6.855487950959373	0.000080000000000	0.000020000000000	0.250000000000000	0.702732748668194	0	4	6	6	8	9	10	11	15	11	13	12	12	13	15	17	13	13	15	15	17	15	17	16	21	0	0	2	2	3	5	5	6	18	6	7	7	8	10	7	15	10	10	11	12	7	10	17	12	16	1	1	1	1	1	1	1	1	1	1	2	1	1	1	2	1	1	1	1	1	3	3	2	2	2
18000	-117.003972236337574	-123.859460187296946	6.855487950959373	0.000080000000000	0.000020000000000	0.250000000000000	0.755595035310012	0	4	6	6	8	10	12	11	14	11	14	13	13	14	17	15	16	13	15	15	17	15	18	16	19	0	0	2	2	3	5	6	5	7	5	5	6	8	10	22	9	18	10	11	12	20	18	17	12	16	1	1	1	1	2	1	1	1	1	2	3	1	1	1	1	1	1	1	1	1	1	1	2	2	2
18500	-121.398784355655664	-128.254272306615036	6.855487950959373	0.000080000000000	0.000020000000000	0.250000000000000	0.860918470685371	0	4	6	6	8	9	11	12	13	11	14	12	13	14	17	16	15	14	15	16	16	17	16	18	19	0	0	2	2	3	5	6	5	7	6	12	5	8	10	10	9	18	10	11	12	11	7	17	21	22	1	1	1	1	1	1	1	2	1	1	2	2	1	2	3	1	1	1	1	2	1	2	1	1	1
19000	-118.549026610065425	-125.404514561024797	6.855487950959373	0.000080000000000	0.000020000000000	0.250000000000000	0.863049141288885	-2	4	6	6	8	10	11	11	14	12	15	13	12	14	17	17	15	13	14	15	17	15	18	16	19	0	0	2	2	3	5	5	6	5	6	12	7	8	7	9	9	18	10	7	12	12	6	17	12	16	1	1	1	1	1	1	1	1	2	1	1	1	1	1	1	1	1	1	2	1	2	2	1	1	1
19500	-137.408725600368143	-144.264213551327515	6.855487950959373	0.000080000000000	0.000020000000000	0.250000000000000	0.494781668413388	-1	4	5	6	7	9	11	11	14	11	16	13	13	14	13	16	15	13	14	16	18	16	17	17	20	0	0	2	2	3	5	5	5	7	6	19	7	7	7	6	15	7	10	7	12	12	3	15	12	16	1	1	1	1	1	1	3	3	2	1	1	1	1	2	3	2	1	1	2	1	2	7	2	2	1
20000	-136.042825800026208	-142.898313750985579	6.855487950959373	0.000080000000000	0.000020000000000	0.250000000000000	0.671930710463951	1	3	5	6	7	9	11	11	14	10	16	13	12	14	16	17	15	14	14	15	16	13	17	18	20	0	0	2	2	3	5	5	6	10	5	19	6	6	10	9	22	5	22	7	12	17	7	18	20	17	1	1	1	1	1	2	2	1	2	1	1	2	2	2	1	2	4	1	1	1	1	1	1	2	2
20500	-135.719838148037326	-142.575326098996698	6.855487950959373	0.000080000000000	0.000020000000000	0.250000000000000	0.613465917658262	1	4	6	6	7	9	12	10	13	10	13	12	12	14	14	17	16	13	15	15	18	17	18	17	20	0	0	2	2	3	5	10	5	7	5	12	6	8	10	18	9	10	5	11	12	12	6	17	20	17	1	1	1	1	1	1	1	2	1	2	1	1	1	2	1	2	2	3	2	2	2	3	1	1	2
21000	-121.048233035255180	-127.903720986214552	6.855487950959373	0.000080000000000	0.000020000000000	0.250000000000000	0.739683512542902	1	3	5	6	7	9	12	10	12	11	16	13	12	13	16	15	16	14	15	15	17	14	18	16	20	0	0	2	3	3	5	5	6	6	6	19	10	8	10	22	7	10	7	10	12	20	7	17	12	16	1	1	1	1	1	1	2	1	1	2	1	1	1	1	1	1	2	1	2	1	1	1	1	2	2
21500	-121.253995541573914	-128.109483492533286	6.855487950959373	0.000080000000000	0.000020000000000	0.250000000000000	0.882834791961656	0	4	5	6	7	9	11	11	13	11	14	12	13	14	16	16	15	15	14	15	17	17	17	17	21	0	0	2	2	3	5	5	6	7	6	12	7	8	10	9	18	6	10	12	12	15	15	17	12	15	1	1	1	1	1	1	1	1	1	1	1	1	1	1	2	1	3	2	1	2	1	1	1	2	2
22000	-133.031745539102815	-139.887233490062187	6.855487950959373	0.000080000000000	0.000020000000000	0.250000000000000	0.615169710152289	1	2	5	6	7	9	11	10	14	11	15	13	12	14	16	17	15	13	14	16	17	16	18	17	20	0	0	2	2	3	5	6	5	7	3	12	10	8	18	18	15	10	10	5	12	12	10	17	12	9	1	1	2	2	2	1	1	1	2	3	1	1	2	1	1	1	2	1	3	2	2	2	2	2	2
22500	-112.651503968338929	-119.506991919298301	6.855487950959373	0.000080000000000	0.000020000000000	0.250000000000000	0.763132666067751	0	4	5	5	7	9	11	11	13	12	14	12	13	15	17	17	15	14	14	15	17	15	17	18	20	0	0	2	2	3	5	5	6	7	6	12	5	8	18	22	9	7	10	12	12	12	10	17	20	16	1	1	1	1	1	1	2	1	1	1	1	2	1	1	1	2	2	1	1	2	2	1	1	1	1
23000	-131.517104405865354	-138.372592356824725	6.855487950959373	0.000080000000000	0.000020000000000	0.250000000000000	0.649262837857391	0	5	6	7	8	9	11	10	13	11	16	13	12	14	16	17	14	14	13	15	16	16	16	16	21	0	0	2	2	3	5	6	6	5	5	17	7	8	10	9	15	7	10	7	12	12	17	18	9	16	1	1	1	1	1	1	1	1	2	1	2	1	1	1	2	1	2	2	1	1	2	1	1	1	2
23500	-135.609454704069776	-142.464942655029148	6.855487950959373	0.000080000000000	0.000020000000000	0.250000000000000	0.813813605050982	0	4	6	6	7	10	11	12	13	12	13	12	10	15	16	16	13	15	14	15	17	15	18	17	20	0	0	2	2	3	5	5	13	5	7	7	5	5	10	22	9	10	10	11	12	12	10	18	20	22	1	1	1	1	1	2	2	1	2	1	1	2	2	2	1	2	1	2	1	1	2	1	1	1	2
24000	-129.761768131406342	-136.617256082365714	6.855487950959373	0.000080000000000	0.000020000000000	0.250000000000000	0.714208503168344	0	5	6	7	8	9	11	11	14	12	16	12	13	13	17	16	15	14	14	15	15	16	17	17	19	0	0	2	2	3	5	3	5	6	7	21	7	8	10	22	9	10	7	12	7	12	7	17	12	16	1	1	1	1	1	1	2	1	2	1	1	1	2	1	1	1	1	1	1	2	2	3	1	1	1
24500	-121.682254935555846	-128.537742886515218	6.855487950959373	0.000080000000000	0.000020000000000	0.250000000000000	0.755666226710928	0	4	6	6	8	9	11	11	13	11	16	13	12	14	17	17	15	13	14	16	18	15	18	18	20	0	0	2	2	3	5	6	5	5	6	19	6	8	18	22	9	10	10	9	12	12	7	17	20	9	1	1	1	1	1	1	1	1	2	1	1	1	1	1	1	2	2	1	1	2	2	1	2	1	4
25000	-114.942623738406496	-121.798111689365868	6.855487950959373	0.000080000000000	0.000020000000000	0.250000000000000	0.850760311191029	1	5	6	7	7	9	12	11	14	11	15	13	13	13	16	15	14	13	14	15	17	17	18	17	20	0	0	2	2	3	5	5	6	7	6	12	7	8	10	18	9	7	10	7	12	20	18	17	20	9	1	1	1	1	1	1	2	1	1	1	1	1	1	1	2	1	1	1	1	2	1	2	2	1	4
25500	-129.745049290835595	-136.600537241794967	6.855487950959373	0.000080000000000	0.000020000000000	0.250000000000000	0.596368715503279	0	4	5	6	6	10	11	11	15	10	16	12	12	14	17	16	15	14	13	15	18	14	17	18	20	0	0	2	2	3	5	5	6	7	5	20	6	8	7	22	18	22	6	6	12	20	7	18	12	16	1	1	1	1	1	3	3	1	1	2	1	1	1	2	1	1	1	2	2	1	1	1	1	3	2
26000	-118.709783524835231	-125.565271475794603	6.855487950959373	0.000080000000000	0.000020000000000	0.250000000000000	0.707785395020525	0	4	5	6	7	9	11	11	14	11	14	12	13	15	15	16	14	14	15	14	16	16	18	17	20	0	0	2	2	3	5	6	5	7	5	12	6	8	17	7	9	10	10	11	12	12	15	15	21	16	1	1	1	1	1	1	1	2	1	2	1	1	2	1	2	1	2	2	1	1	2	1	2	1	2
26500	-127.963218055478222	-134.818706006437594	6.855487950959373	0.000080000000000	0.000020000000000	0.250000000000000	0.842922374885653	1	4	6	7	8	9	11	11	15	11	16	12	13	14	17	17	15	14	14	15	18	17	17	16	20	0	0	2	2	3	5	6	6	7	6	19	5	8	10	18	17	10	10	12	19	12	18	14	20	16	1	1	1	1	1	1	1	1	2	1	1	2	1	1	1	1	2	2	2	1	2	1	2	1	1
27000	-125.248329631889163	-132.103817582848535	6.855487950959373	0.000080000000000	0.000020000000000	0.250000000000000	0.791882363996992	0	5	6	6	8	10	11	12	14	11	14	12	13	13	16	16	15	15	15	15	17	14	17	17	19	0	0	2	2	3	5	5	7	10	5	14	6	8	5	22	10	14	22	12	12	12	6	17	20	16	1	1	1	1	1	1	1	1	1	2	1	1	1	3	1	2	1	1	2	2	2	2	1	1	2
27500	-126.297072461548424	-133.152560412507796	6.855487950959373	0.000080000000000	0.000020000000000	0.250000000000000	0.733979035939573	0	5	6	6	8	9	11	11	13	11	14	12	12	14	17	16	16	14	13	14	17	13	17	17	18	0	0	2	2	3	5	6	6	7	6	12	7	6	10	22	9	18	7	12	12	12	6	17	12	16	1	1	1	1	1	1	1	1	1	2	1	1	1	2	2	2	1	2	1	1	2	2	1	2	1
28000	-130.108195604798453	-136.963683555757825	6.855487950959373	0.000080000000000	0.000020000000000	0.250000000000000	0.542327613027019	0	5	6	6	7	9	10	11	13	12	15	12	12	15	15	16	16	14	14	15	18	17	16	16	18	0	0	2	2	3	5	5	6	10	6	6	7	8	18	6	9	15	7	12	12	12	15	10	20	16	1	1	1	1	1	1	1	1	1	2	3	1	1	1	3	1	1	2	1	2	2	1	2	1	2
28500	-125.517410716659782	-132.372898667619154	6.855487950959373	0.000080000000000	0.000020000000000	0.250000000000000	0.625847894830593	-1	4	5	6	7	9	11	11	15	10	15	12	12	14	17	17	14	14	13	15	18	16	16	17	20	0	0	2	2	3	5	5	6	6	6	12	7	8	10	14	18	10	10	7	12	20	9	17	20	16	1	1	1	2	1	1	2	1	2	1	2	1	1	2	2	1	3	2	1	2	2	1	1	1	1
29000	-132.243265594347406	-139.098753545306778	6.855487950959373	0.000080000000000	0.000020000000000	0.250000000000000	0.779840829592103	0	5	6	7	8	10	9	11	13	12	16	12	13	13	16	17	16	14	13	15	15	16	17	17	19	0	0	2	2	3	5	5	6	6	5	21	7	8	5	10	6	18	10	12	12	9	18	15	20	9	1	1	1	1	1	1	1	1	1	1	1	2	1	2	2	3	1	1	1	2	1	1	1	1	2
29500	-130.883587619148159	-137.739075570107531	6.855487950959373	0.000080000000000	0.000020000000000	0.250000000000000	0.742673367303438	0	5	6	7	8	9	11	11	13	10	16	11	13	14	16	17	15	15	14	15	15	17	17	18	21	0	0	2	2	3	5	6	5	5	6	12	6	8	7	14	11	7	10	12	12	12	6	17	21	16	1	1	1	1	1	1	1	1	2	1	2	1	1	2	1	1	2	2	2	2	2	3	1	1	2
30000	-139.652850251031509	-146.508338201990881	6.855487950959373	0.000080000000000	0.000020000000000	0.250000000000000	0.641068173969299	1	4	5	7	8	10	12	11	14	10	13	11	13	14	16	15	14	14	15	15	17	13	16	17	19	0	0	2	2	3	5	6	6	22	5	12	10	8	10	7	22	10	6	12	12	20	5	17	12	7	1	1	1	1	1	1	1	1	1	1	2	1	1	2	2	1	2	2	2	1	1	2	2	3	3
30500	-140.987058351202762	-147.842546302162134	6.855487950959373	0.000080000000000	0.000020000000000	0.250000000000000	0.701389234609287	1	5	6	7	8	9	11	11	13	12	13	11	12	13	14	16	16	14	15	12	15	17	18	18	20	0	0	2	2	3	5	5	6	10	7	12	6	8	7	10	3	18	5	11	12	20	15	17	12	22	1	1	1	1	1	1	2	1	1	1	1	1	1	1	1	5	2	3	2	1	2	1	1	4	1
31000	-134.335401890106311	-141.190889841065683	6.855487950959373	0.000080000000000	0.000020000000000	0.250000000000000	0.617269596591291	0	4	6	6	8	10	12	10	14	12	15	11	12	13	17	15	16	15	13	14	17	16	17	18	19	0	0	2	2	3	5	6	5	5	5	19	5	8	10	22	10	7	9	12	12	12	9	16	20	16	1	1	1	1	1	1	2	1	3	2	1	1	2	1	1	2	2	1	1	2	2	1	1	1	2
31500	-123.502361729813231	-130.357849680772603	6.855487950959373	0.000080000000000	0.000020000000000	0.250000000000000	0.925340458422536	-3	5	6	6	7	9	11	11	14	12	16	12	13	14	15	16	16	15	15	15	17	14	17	17	19	0	0	2	2	3	5	6	6	7	6	19	6	8	7	22	9	10	14	12	12	20	7	17	20	16	1	1	1	1	1	1	1	1	1	2	1	2	1	3	1	1	2	1	2	1	1	1	1	1	1
32000	-128.719124955830409	-135.574612906789781	6.855487950959373	0.000080000000000	0.000020000000000	0.250000000000000	0.561096825551674	1	5	6	7	7	10	11	11	13	12	14	12	12	14	16	15	15	14	15	15	16	16	17	18	20	0	0	2	2	3	5	5	5	7	7	6	6	8	10	14	6	18	6	11	12	12	18	14	21	15	1	1	1	1	1	2	2	2	1	1	3	1	1	2	1	2	1	2	1	2	2	1	2	2	2
32500	-125.472424889554247	-132.327912840513619	6.855487950959373	0.000080000000000	0.000020000000000	0.250000000000000	0.794036210771135	0	4	6	6	8	10	11	11	14	12	14	12	13	15	17	15	16	14	14	14	17	17	18	17	18	0	0	2	2	3	5	6	5	6	6	7	6	8	10	7	5	10	10	12	12	20	14	17	12	16	1	1	1	1	1	1	1	2	2	1	1	1	1	1	2	3	2	1	1	1	1	1	1	1	1
33000	-121.732043200359868	-128.587531151319240	6.855487950959373	0.000080000000000	0.000020000000000	0.250000000000000	0.665579582854584	0	5	6	6	7	9	11	10	15	11	14	11	12	13	16	17	15	13	15	15	16	16	17	17	20	0	0	2	2	3	5	6	5	7	6	18	6	8	10	7	9	18	10	11	12	12	18	22	21	16	1	1	1	1	1	1	1	2	2	1	1	1	1	1	2	2	2	2	1	2	2	2	1	1	1
33500	-134.660531587783339	-141.516019538742711	6.855487950959373	0.000080000000000	0.000020000000000	0.250000000000000	0.714677104506582	0	2	4	6	8	9	11	11	13	11	15	12	12	14	16	17	15	13	15	15	16	16	18	17	18	0	0	2	2	3	5	6	5	6	6	9	7	6	10	18	9	10	10	12	12	12	7	17	20	22	1	1	1	1	2	1	1	2	2	1	1	1	2	2	2	1	2	1	1	2	3	2	1	1	1
34000	-145.943378290622746	-152.798866241582118	6.855487950959373	0.000080000000000	0.000020000000000	0.250000000000000	0.557849357694152	0	3	5	6	8	9	12	11	13	12	15	13	12	15	17	16	15	14	14	15	17	15	18	17	21	0	0	2	2	3	5	3	5	10	5	7	10	8	9	22	9	18	10	5	12	12	10	17	7	7	1	1	2	2	2	1	3	2	1	1	1	1	1	1	1	2	1	2	2	2	2	1	2	3	5
34500	-121.337095605116389	-128.192583556075760	6.855487950959373	0.000080000000000	0.000020000000000	0.250000000000000	0.765966001558084	1	4	6	6	7	9	12	11	14	11	15	12	13	13	16	16	15	14	15	16	18	16	17	17	20	0	0	2	2	3	5	5	6	7	5	10	6	8	10	17	9	7	10	12	19	20	18	17	12	16	1	1	1	1	1	1	2	1	1	2	2	2	1	2	1	1	2	1	2	1	2	1	1	2	1
35000	-150.948141195729420	-157.803629146688792	6.855487950959373	0.000080000000000	0.000020000000000	0.250000000000000	0.396914060493916	-3	3	4	7	7	10	12	11	13	11	13	11	13	14	15	16	15	14	14	14	17	16	17	17	21	0	0	2	2	3	3	6	6	7	5	6	5	8	6	6	15	10	5	11	12	9	7	17	12	18	1	1	1	3	2	2	1	1	1	2	1	2	1	2	2	1	2	3	1	2	3	1	1	3	3
35500	-137.957519895988156	-144.813007846947528	6.855487950959373	0.000080000000000	0.000020000000000	0.250000000000000	0.558575044877938	0	5	6	7	7	9	11	10	15	12	15	12	12	13	14	17	16	13	15	15	17	17	17	16	19	0	0	2	2	3	5	5	5	14	6	15	6	8	5	3	9	18	6	14	12	20	19	17	18	16	1	1	1	1	1	1	2	1	1	2	1	1	1	3	3	1	1	3	1	2	1	1	1	1	1
36000	-134.842176466919341	-141.697664417878713	6.855487950959373	0.000080000000000	0.000020000000000	0.250000000000000	0.475249024881137	0	3	5	6	7	9	10	12	14	11	16	13	13	15	17	16	15	14	15	16	17	14	17	18	20	0	0	2	2	3	5	5	6	7	3	12	7	8	10	16	9	18	6	7	12	12	6	18	11	9	1	1	1	1	1	1	2	2	2	3	2	2	1	2	1	1	1	2	2	1	2	2	2	1	3
36500	-119.588836414177621	-126.444324365136993	6.855487950959373	0.000080000000000	0.000020000000000	0.250000000000000	0.602729544624401	0	4	6	6	7	9	11	11	15	11	16	12	13	14	16	17	13	14	14	14	17	16	16	17	20	0	0	2	2	3	5	5	6	7	6	12	6	8	10	9	9	7	5	7	12	12	7	18	20	16	1	1	1	1	1	2	2	1	2	1	2	1	1	1	1	1	1	3	2	1	2	2	1	1	2
37000	-120.702856383030294	-127.558344333989666	6.855487950959373	0.000080000000000	0.000020000000000	0.250000000000000	0.756156044136813	-1	4	5	6	7	9	11	10	13	10	16	13	12	15	16	17	15	12	14	15	17	13	17	17	21	0	0	2	2	3	5	10	5	7	6	19	7	8	10	7	15	18	10	12	12	12	7	17	20	16	1	1	1	1	2	1	1	2	1	1	1	1	1	3	2	1	2	1	1	1	2	1	1	1	1
37500	-128.268508465084579	-135.123996416043951	6.855487950959373	0.000080000000000	0.000020000000000	0.250000000000000	0.793355865271484	1	4	5	6	8	10	12	10	14	11	16	12	12	14	15	16	15	13	14	16	16	16	17	16	21	0	0	2	2	3	5	5	5	13	5	9	6	8	18	18	7	18	7	12	12	12	7	17	12	9	1	1	1	1	1	1	2	1	1	1	1	1	2	1	1	2	1	1	1	2	2	1	1	2	3
38000	-143.359538513343466	-150.215026464302838	6.855487950959373	0.000080000000000	0.000020000000000	0.250000000000000	0.687168243034176	-2	3	5	5	7	9	12	12	13	10	15	13	11	15	15	16	16	14	14	16	17	16	18	14	20	0	0	2	2	3	5	6	10	10	5	19	10	5	7	9	7	18	7	10	12	12	15	7	10	16	1	1	1	1	1	1	2	1	2	2	1	1	2	2	1	2	2	1	2	2	2	1	2	2	2
38500	-133.842898523171698	-140.698386474131070	6.855487950959373	0.000080000000000	0.000020000000000	0.250000000000000	0.762937116085795	-1	3	5	6	7	9	11	10	13	10	16	12	12	14	13	16	15	14	14	15	17	16	17	17	20	0	0	2	2	3	5	6	5	10	6	20	10	8	10	7	15	10	7	6	12	12	7	17	12	22	1	1	1	2	1	1	1	1	1	1	1	1	2	1	1	1	1	1	2	2	2	3	1	2	2
39000	-125.349433872064708	-132.204921823024080	6.855487950959373	0.000080000000000	0.000020000000000	0.250000000000000	0.780059525818238	-1	5	6	6	7	9	10	11	15	11	13	12	12	15	14	16	15	14	14	15	17	16	16	18	19	0	0	2	2	3	5	5	7	6	6	12	7	8	10	7	9	10	10	11	12	20	15	18	21	9	1	1	1	1	1	1	1	1	3	2	1	1	1	2	2	1	2	2	1	1	2	1	1	1	1
39500	-129.112391114427083	-135.967879065386455	6.855487950959373	0.000080000000000	0.000020000000000	0.250000000000000	0.509808382483757	0	4	6	6	7	10	11	11	13	10	16	12	12	14	15	15	14	13	14	15	17	17	16	18	20	0	0	2	2	3	5	6	10	5	5	18	6	8	18	18	18	10	6	6	12	12	15	17	20	22	1	1	1	1	1	1	1	1	4	2	2	1	1	1	1	1	2	2	2	2	2	1	1	2	1
40000	-128.470520939782858	-135.326008890742230	6.855487950959373	0.000080000000000	0.000020000000000	0.250000000000000	0.603871080261646	-1	5	6	6	8	9	11	11	13	11	15	12	12	14	15	16	15	15	14	16	17	17	17	18	20	0	0	2	2	3	5	6	6	5	6	12	7	7	7	10	9	10	10	5	12	12	15	18	20	16	1	1	1	1	1	1	2	1	2	1	1	1	1	2	2	2	2	2	3	2	4	1	1	1	2
40500	-123.828939066750024	-130.684427017709396	6.855487950959373	0.000080000000000	0.000020000000000	0.250000000000000	0.685698840031031	0	4	6	6	7	10	11	10	14	10	13	13	12	15	17	16	16	14	15	15	18	16	17	18	20	0	0	2	2	3	5	10	3	6	5	7	6	8	10	22	9	18	7	11	12	20	9	18	20	16	1	1	2	1	1	2	1	1	2	2	1	1	1	2	1	1	1	2	2	1	1	1	2	1	2
41000	-115.151816338993356	-122.007304289952728	6.855487950959373	0.000080000000000	0.000020000000000	0.250000000000000	0.760737384514724	0	4	6	6	8	9	11	10	14	11	16	13	12	14	17	16	14	15	14	15	17	16	17	17	20	0	0	2	2	3	5	5	5	6	6	19	7	8	10	18	18	10	7	7	12	20	9	17	12	16	1	1	1	1	1	1	1	1	3	1	1	1	1	1	1	1	2	2	2	1	1	1	1	2	3
41500	-114.881150795502478	-121.736638746461850	6.855487950959373	0.000080000000000	0.000020000000000	0.250000000000000	0.767803032105659	1	5	6	6	7	9	11	11	14	12	14	12	12	14	16	17	15	14	15	16	17	14	17	17	20	0	0	2	2	3	5	6	5	7	6	12	7	8	10	22	22	10	10	11	12	12	10	17	12	16	1	1	1	1	1	1	2	2	1	1	1	1	1	1	1	1	1	1	1	2	2	1	1	4	1
42000	-136.234075401266324	-143.089563352225696	6.855487950959373	0.000080000000000	0.000020000000000	0.250000000000000	0.602748677759634	0	4	5	7	7	9	11	11	15	9	14	12	13	13	15	16	14	14	15	14	17	17	17	17	20	0	0	2	2	3	5	5	6	6	5	7	7	8	10	17	18	14	7	18	12	20	15	17	12	9	1	1	1	1	1	1	2	1	3	1	2	1	1	2	1	2	1	1	1	2	2	1	1	2	2
42500	-134.195607720996719	-141.051095671956091	6.855487950959373	0.000080000000000	0.000020000000000	0.250000000000000	0.731016366995399	-1	4	5	6	8	9	11	10	14	11	15	12	11	14	16	17	15	14	13	15	15	16	18	18	20	0	0	2	2	3	5	6	5	7	5	19	6	8	10	7	9	5	7	10	12	12	7	17	15	16	1	1	1	1	1	1	1	1	2	2	1	1	1	1	1	2	4	1	1	1	2	2	2	1	2
43000	-118.517469092305376	-125.372957043264748	6.855487950959373	0.000080000000000	0.000020000000000	0.250000000000000	0.758984151982227	-1	4	6	6	8	9	12	11	14	11	15	12	13	14	17	15	14	13	14	15	17	16	17	18	18	0	0	2	2	3	5	10	5	7	6	12	5	8	18	22	9	18	10	12	12	12	11	18	21	16	1	1	1	1	1	1	1	1	1	1	1	2	1	1	1	1	1	1	1	2	3	1	2	1	1
43500	-122.210509283325393	-129.065997234284765	6.855487950959373	0.000080000000000	0.000020000000000	0.250000000000000	0.764534611014654	1	4	5	7	7	9	11	11	13	12	15	12	13	14	16	17	15	14	13	15	17	17	18	17	21	0	0	2	2	3	5	6	5	7	6	19	6	8	10	18	15	10	10	12	12	12	15	17	20	15	1	1	1	2	1	1	2	2	1	1	1	1	1	1	2	1	1	1	1	2	2	1	2	1	1
44000	-134.661441978453695	-141.516929929413067	6.855487950959373	0.000080000000000	0.000020000000000	0.250000000000000	0.807606172876186	-2	5	6	7	7	9	11	9	15	12	16	12	13	15	16	16	15	14	14	14	16	17	17	18	20	0	0	2	2	3	5	6	5	6	5	19	6	8	10	9	10	18	7	7	12	12	9	18	20	22	1	1	1	1	1	1	1	1	2	3	1	1	1	2	1	2	1	1	2	2	2	1	1	1	1
44500	-137.921488635899181	-144.776976586858552	6.855487950959373	0.000080000000000	0.000020000000000	0.250000000000000	0.770593186529145	1	4	5	6	8	10	11	12	13	11	14	11	12	15	17	16	14	14	13	15	15	13	17	18	20	0	0	2	2	3	3	5	6	7	6	5	5	6	17	22	9	10	10	6	12	12	7	17	20	9	1	1	1	1	1	3	1	1	1	1	3	1	1	1	2	2	2	1	2	2	2	1	1	2	4
45000	-117.100868014996280	-123.956355965955652	6.855487950959373	0.000080000000000	0.000020000000000	0.250000000000000	0.722343886180735	0	4	6	6	8	9	12	11	14	12	16	12	13	14	16	16	15	14	15	16	18	14	17	16	18	0	0	2	2	3	5	6	6	7	6	12	6	8	10	22	9	18	10	12	12	20	7	17	12	16	1	1	2	1	1	1	1	1	1	1	2	2	1	1	1	1	1	1	1	2	1	2	1	2	1
45500	-149.189127869422521	-156.044615820381892	6.855487950959373	0.000080000000000	0.000020000000000	0.250000000000000	0.702321706182632	0	3	4	5	6	10	11	10	12	11	13	11	11	15	17	17	15	12	13	16	17	15	17	18	20	0	0	2	2	3	5	5	5	7	5	12	3	8	10	14	17	10	6	12	12	20	8	22	12	22	1	1	1	1	1	2	2	2	1	2	1	3	1	2	1	1	2	1	1	2	1	3	1	3	2
46000	-103.604957418716296	-110.460445369675668	6.855487950959373	0.000080000000000	0.000020000000000	0.250000000000000	0.864712477669206	-1	5	6	7	8	10	12	11	14	11	16	12	12	14	14	17	15	13	15	14	16	16	17	16	19	0	0	2	2	3	5	6	6	7	6	19	6	8	10	7	9	18	10	12	12	20	15	17	12	16	1	1	1	1	1	1	1	1	1	1	1	1	1	1	1	1	1	1	1	1	1	1	1	2	1
46500	-135.405033073499197	-142.260521024458569	6.855487950959373	0.000080000000000	0.000020000000000	0.250000000000000	0.631721091767433	0	3	5	6	7	9	10	11	13	12	16	12	13	15	15	16	16	14	15	16	17	14	18	18	20	0	0	2	2	3	5	5	7	7	5	12	5	8	10	5	6	22	10	5	12	12	10	17	21	16	1	1	1	1	1	1	2	1	1	2	2	2	1	2	4	3	1	1	4	2	2	1	1	1	2
47000	-135.164863415295116	-142.020351366254488	6.855487950959373	0.000080000000000	0.000020000000000	0.250000000000000	0.571180022918532	-1	4	5	7	7	10	12	12	13	10	16	13	11	14	16	15	16	15	15	15	17	16	17	17	19	0	0	2	3	3	5	5	13	5	5	12	7	5	7	18	7	7	7	7	12	12	9	9	20	16	1	1	1	1	1	2	2	1	4	2	1	1	2	1	1	2	2	1	1	1	2	1	2	1	2
47500	-141.290289641472697	-148.145777592432069	6.855487950959373	0.000080000000000	0.000020000000000	0.250000000000000	0.830760975668945	-1	4	6	6	7	9	12	10	14	11	13	13	13	14	16	17	15	15	14	15	17	13	17	18	19	0	0	2	2	3	5	6	5	7	6	7	7	8	7	22	18	10	10	11	12	12	6	18	21	12	1	1	1	1	1	1	3	2	1	1	1	1	2	1	1	2	2	2	1	2	2	2	1	1	3
48000	-138.578521149956003	-145.434009100915375	6.855487950959373	0.000080000000000	0.000020000000000	0.250000000000000	0.616360119727578	0	4	5	6	8	10	11	12	13	11	16	12	11	14	15	14	15	14	13	16	16	15	18	17	21	0	0	2	2	3	5	5	13	7	5	19	10	5	10	5	9	10	6	10	12	12	6	18	20	15	1	1	1	1	2	1	2	1	1	2	1	1	2	1	2	1	2	3	1	2	3	2	2	1	3
48500	-125.913338902203435	-132.768826853162807	6.855487950959373	0.000080000000000	0.000020000000000	0.250000000000000	0.681179566828252	1	3	5	5	7	9	10	11	14	10	15	13	12	13	15	17	13	14	14	16	16	17	18	18	20	0	0	2	2	3	5	5	7	7	5	12	7	7	7	14	15	7	10	7	12	12	9	17	21	16	1	1	1	1	1	1	2	1	2	1	1	1	1	1	1	1	2	2	2	1	2	1	2	1	2
49000	-114.003640531761462	-120.859128482720834	6.855487950959373	0.000080000000000	0.000020000000000	0.250000000000000	0.882644658859894	1	4	6	6	7	9	11	10	15	12	14	13	12	15	17	17	15	14	15	15	18	15	17	17	20	0	0	2	2	3	5	6	5	10	8	12	10	8	18	9	9	10	10	11	12	20	18	17	20	16	1	1	1	1	1	1	1	1	1	1	1	1	1	1	1	1	2	1	1	1	3	1	1	1	1
49500	-116.696749681089258	-123.552237632048630	6.855487950959373	0.000080000000000	0.000020000000000	0.250000000000000	0.681565553479781	-1	5	6	7	8	9	11	12	14	11	16	12	13	13	16	16	16	14	14	14	18	16	17	16	20	0	0	2	2	3	5	5	5	7	5	20	7	8	10	9	9	18	10	12	12	20	8	18	20	16	1	1	1	1	1	1	2	2	1	2	1	1	1	1	1	1	1	2	1	1	2	1	1	1	2
50000	-118.715983572230428	-125.571471523189800	6.855487950959373	0.000080000000000	0.000020000000000	0.250000000000000	0.767703986192050	0	4	5	6	6	9	12	11	13	12	16	13	13	15	15	16	15	14	14	16	15	15	17	17	19	0	0	2	2	3	5	6	6	6	6	19	7	8	9	9	9	10	10	12	12	12	9	17	21	16	1	1	1	1	1	1	1	1	2	2	1	1	1	1	1	2	1	2	1	2	1	1	1	1	1
50500	-119.845327308385592	-126.700815259344964	6.855487950959373	0.000080000000000	0.000020000000000	0.250000000000000	0.687914764063123	1	5	6	6	7	9	11	11	14	11	15	12	12	13	16	16	15	15	15	15	18	17	18	17	20	0	0	2	2	3	5	5	5	6	5	9	10	8	7	9	9	9	7	10	12	20	15	17	20	16	1	1	1	1	1	1	2	2	2	3	1	1	1	1	1	1	1	3	2	2	2	1	2	1	2
51000	-126.914327723959815	-133.769815674919187	6.855487950959373	0.000080000000000	0.000020000000000	0.250000000000000	0.823632383101522	0	4	6	7	7	10	9	10	14	9	15	12	12	14	15	15	15	13	15	14	18	17	17	16	20	0	0	2	2	3	7	5	7	7	5	12	6	8	6	14	9	18	6	20	12	20	16	17	20	18	1	1	1	1	1	1	1	1	3	1	1	1	1	2	1	1	1	2	1	1	2	1	1	1	3
51500	-112.762713791544684	-119.618201742504056	6.855487950959373	0.000080000000000	0.000020000000000	0.250000000000000	0.757291046418487	1	5	6	7	8	10	11	11	14	12	15	12	13	14	16	16	15	14	13	16	17	14	17	17	19	0	0	2	2	3	5	5	5	7	7	19	6	8	7	22	22	10	10	7	12	12	5	17	20	16	1	1	1	1	1	1	2	2	1	1	1	1	1	1	1	1	1	1	1	2	2	2	1	1	1
52000	-121.518210982330174	-128.373698933289546	6.855487950959373	0.000080000000000	0.000020000000000	0.250000000000000	0.778244894363697	0	5	6	7	8	9	12	11	14	12	14	12	12	15	16	16	14	14	15	14	18	17	17	18	20	0	0	2	2	3	5	6	6	5	6	7	6	8	18	9	9	10	10	12	12	20	15	17	20	16	1	1	1	1	1	1	2	1	2	2	2	1	1	1	1	1	1	1	1	1	2	1	2	2	3
52500	-134.553125962108652	-141.408613913068024	6.855487950959373	0.000080000000000	0.000020000000000	0.250000000000000	0.744842399616573	0	3	5	7	7	10	12	9	15	12	15	12	13	14	17	16	14	15	14	15	17	16	17	17	18	0	0	2	2	3	5	6	5	10	6	19	5	8	7	22	10	10	7	10	12	11	18	17	12	16	1	1	1	2	1	2	1	1	1	1	1	2	2	1	1	2	1	1	1	1	1	1	3	3	1
53000	-127.233723756400281	-134.089211707359652	6.855487950959373	0.000080000000000	0.000020000000000	0.250000000000000	0.719079098203373	-2	5	6	6	8	10	10	10	13	12	15	12	12	14	16	17	13	13	14	14	17	16	17	17	18	0	0	2	2	3	5	5	5	7	7	12	6	8	10	7	9	10	10	12	12	12	10	17	22	22	1	1	1	1	1	1	1	1	2	1	1	1	1	2	2	1	1	1	1	1	2	2	2	1	1
53500	-121.919462332616064	-128.774950283575436	6.855487950959373	0.000080000000000	0.000020000000000	0.250000000000000	0.689533209435765	-1	4	6	7	8	9	12	10	14	11	15	12	12	15	14	17	14	13	14	14	17	16	17	18	20	0	0	2	2	3	5	5	6	12	6	7	6	8	18	7	15	10	10	12	12	20	9	17	21	16	1	1	1	2	1	1	2	1	1	2	1	2	1	1	1	1	1	1	1	1	2	1	1	1	1
54000	-122.983298273778530	-129.838786224737902	6.855487950959373	0.000080000000000	0.000020000000000	0.250000000000000	0.657959769224775	0	4	5	6	7	9	11	10	14	11	15	12	12	14	15	15	15	15	13	15	17	16	17	16	20	0	0	2	3	3	5	5	6	6	6	19	7	8	10	9	9	7	10	12	12	20	7	17	12	22	1	1	1	1	1	2	2	1	2	1	1	1	2	1	1	1	2	2	1	1	1	2	1	2	3
54500	-128.297189506910087	-135.152677457869459	6.855487950959373	0.000080000000000	0.000020000000000	0.250000000000000	0.629844001506779	1	5	6	6	7	9	11	10	15	11	15	12	11	14	17	16	15	13	13	15	17	16	17	18	20	0	0	2	2	3	5	6	5	7	5	12	7	8	10	22	7	18	7	10	12	12	7	18	20	15	1	1	1	1	1	1	1	1	2	3	2	1	1	2	1	3	1	1	1	2	2	2	3	2	1
55000	-130.373442297813369	-137.228930248772741	6.855487950959373	0.000080000000000	0.000020000000000	0.250000000000000	0.609052161394011	1	5	6	6	7	9	11	12	14	12	15	13	11	14	16	16	14	13	14	15	17	17	16	17	20	0	0	2	2	3	5	5	13	7	6	5	6	5	10	9	6	7	6	12	12	20	15	17	11	22	1	1	1	1	1	1	2	1	2	1	3	2	2	1	1	4	2	2	1	1	2	1	1	1	2
55500	-131.810124157744468	-138.665612108703840	6.855487950959373	0.000080000000000	0.000020000000000	0.250000000000000	0.661075483633779	0	4	5	7	7	9	11	11	14	11	15	12	13	13	14	17	15	13	15	15	18	16	18	17	19	0	0	2	2	3	5	5	5	6	6	12	6	7	7	6	18	15	10	15	12	20	11	10	11	16	1	1	1	1	1	1	2	2	2	1	2	2	1	1	2	1	1	1	1	1	2	1	2	1	1
56000	-108.971114387160540	-115.826602338119912	6.855487950959373	0.000080000000000	0.000020000000000	0.250000000000000	0.650646358171130	0	4	6	6	8	10	11	11	14	12	14	12	12	14	17	16	15	14	15	14	18	15	17	17	20	0	0	2	2	3	5	5	6	6	7	7	6	8	10	22	9	18	10	11	12	20	18	17	20	16	1	1	1	1	1	1	2	1	3	1	1	1	1	1	1	1	1	1	1	1	2	1	1	1	2
56500	-123.269467147202477	-130.124955098161848	6.855487950959373	0.000080000000000	0.000020000000000	0.250000000000000	0.727136593894392	0	4	5	6	7	9	11	11	14	12	15	11	12	15	16	16	15	14	15	14	18	14	17	18	20	0	0	2	2	3	5	5	6	6	6	12	5	8	9	7	9	7	10	12	12	20	7	17	20	16	1	1	1	1	1	1	2	1	3	1	2	2	1	1	2	1	2	1	2	2	2	2	1	2	2
57000	-141.248650715155208	-148.104138666114579	6.855487950959373	0.000080000000000	0.000020000000000	0.250000000000000	0.652220374451099	0	5	6	7	8	9	11	11	14	11	15	12	12	14	15	15	15	14	15	16	17	16	16	17	18	0	0	2	2	3	5	5	5	6	5	12	5	8	10	14	6	6	12	9	12	20	11	7	20	16	1	1	1	1	1	1	1	2	2	1	2	2	1	2	1	3	3	1	1	2	1	1	4	1	1
57500	-119.983350699860082	-126.838838650819454	6.855487950959373	0.000080000000000	0.000020000000000	0.250000000000000	0.809215575656174	0	4	5	6	7	8	11	11	14	10	15	13	12	13	16	16	16	15	14	15	16	15	17	17	21	0	0	2	2	3	5	5	10	7	6	19	10	8	7	22	9	10	14	12	12	12	10	18	20	9	1	1	1	1	1	1	2	1	1	1	1	1	1	1	1	1	2	1	1	1	1	2	1	1	3
58000	-127.836381270732915	-134.691869221692286	6.855487950959373	0.000080000000000	0.000020000000000	0.250000000000000	0.748832020460260	1	3	5	6	8	9	10	10	13	12	15	12	12	15	17	16	16	14	15	15	17	13	17	17	20	0	0	2	2	3	5	5	6	6	6	22	5	8	22	22	22	22	10	22	12	20	6	17	12	16	1	1	1	1	2	1	1	1	2	1	1	2	1	1	2	2	1	1	1	1	2	2	1	3	2
58500	-121.403392726000362	-128.258880676959734	6.855487950959373	0.000080000000000	0.000020000000000	0.250000000000000	0.869333218684818	0	5	6	7	7	9	11	11	14	10	14	12	12	13	16	16	16	14	14	15	17	15	17	17	20	0	0	2	2	3	5	6	5	7	5	12	6	8	10	22	7	18	7	12	12	11	7	17	20	16	1	1	1	1	1	1	1	1	2	2	2	2	1	1	1	2	1	2	1	2	1	1	1	1	1
59000	-131.567901938728767	-138.423389889688139	6.855487950959373	0.000080000000000	0.000020000000000	0.250000000000000	0.579318264274635	0	5	6	6	7	8	11	11	14	11	15	13	13	14	14	16	14	13	13	15	18	17	16	17	20	0	0	2	2	3	5	6	5	7	5	12	7	8	7	5	9	7	10	7	12	20	5	17	12	22	1	1	1	1	1	1	3	2	1	2	1	1	1	2	3	1	2	2	1	1	1	6	1	2	1
59500	-127.169868093010052	-134.025356043969424	6.855487950959373	0.000080000000000	0.000020000000000	0.250000000000000	0.665508797517764	1	5	6	6	7	9	11	12	13	12	15	12	13	14	15	14	15	13	13	15	16	16	17	16	20	0	0	2	2	3	5	6	6	7	6	19	5	8	10	10	6	18	6	12	12	12	15	17	12	16	1	1	1	1	1	2	1	2	1	2	1	2	1	1	2	2	1	2	1	2	2	1	1	1	2
60000	-122.261509741644574	-129.116997692603945	6.855487950959373	0.000080000000000	0.000020000000000	0.250000000000000	0.657620064065572	0	5	6	7	8	9	12	12	13	11	15	11	13	13	15	17	15	14	13	15	17	16	18	17	20	0	0	2	2	3	5	6	5	7	6	19	5	8	10	7	22	10	9	12	12	20	18	17	20	16	1	1	1	1	2	1	2	2	1	1	1	2	1	1	1	1	2	1	1	2	1	1	3	1	2
60500	-127.138167272167976	-133.993655223127348	6.855487950959373	0.000080000000000	0.000020000000000	0.250000000000000	0.686801489299811	1	4	5	7	7	9	11	11	14	12	16	13	12	14	13	17	15	13	15	15	18	17	17	18	19	0	0	2	2	3	5	6	6	15	7	20	6	8	6	6	9	18	10	15	12	20	17	15	12	16	1	1	1	1	1	1	1	1	1	1	1	2	1	2	2	2	1	1	1	1	2	2	2	2	1
61000	-138.798792701208185	-145.654280652167557	6.855487950959373	0.000080000000000	0.000020000000000	0.250000000000000	0.644175369761463	-2	3	6	6	7	9	11	11	13	11	15	13	12	14	17	17	15	13	14	14	17	15	17	17	19	0	0	2	2	3	5	5	5	7	5	18	10	6	18	17	9	10	10	7	12	12	18	22	12	16	1	1	2	2	1	1	2	2	1	2	1	1	1	1	1	3	2	2	1	1	2	1	2	1	1
61500	-119.651031457471163	-126.506519408430535	6.855487950959373	0.000080000000000	0.000020000000000	0.250000000000000	0.730389684374618	-2	5	6	6	7	9	11	10	14	11	16	12	12	13	14	16	15	12	13	16	17	16	17	18	21	0	0	2	2	3	5	6	5	7	6	9	7	8	10	18	9	18	10	12	12	12	15	17	20	16	1	1	1	1	1	1	1	2	2	1	1	1	2	1	1	1	1	1	1	2	2	1	1	1	3
62000	-128.116304382725843	-134.971792333685215	6.855487950959373	0.000080000000000	0.000020000000000	0.250000000000000	0.842092082788435	0	3	5	7	7	9	11	12	14	11	14	12	10	14	14	16	15	13	15	15	16	16	17	18	19	0	0	2	3	3	5	6	13	7	6	7	7	6	18	7	10	7	10	11	12	12	15	17	21	16	1	1	1	1	1	1	2	1	1	1	1	1	1	1	1	3	2	1	1	2	2	2	1	1	2
62500	-143.403867830851851	-150.259355781811223	6.855487950959373	0.000080000000000	0.000020000000000	0.250000000000000	0.602287800245890	1	5	6	6	8	10	12	11	14	11	16	13	13	14	14	16	15	14	14	14	17	16	18	17	21	0	0	2	2	3	5	5	5	5	5	19	5	6	10	10	15	10	10	7	7	7	15	17	20	22	1	1	1	1	1	2	2	1	2	1	1	4	2	1	1	1	3	2	1	1	3	1	2	2	3
63000	-129.969165466203151	-136.824653417162523	6.855487950959373	0.000080000000000	0.000020000000000	0.250000000000000	0.624589794952217	-1	5	6	6	8	9	11	10	15	10	16	12	11	15	16	16	14	14	14	15	17	15	17	18	20	0	0	2	2	3	5	5	6	6	5	22	6	8	18	22	22	10	10	12	12	12	7	17	11	9	1	1	1	1	1	1	1	1	3	1	1	2	1	1	1	1	2	2	2	2	2	2	2	1	3
63500	-124.917022242104764	-131.772510193064136	6.855487950959373	0.000080000000000	0.000020000000000	0.250000000000000	0.809594626078214	1	5	6	7	7	9	11	11	14	11	15	11	12	15	16	16	15	13	15	15	16	13	18	17	19	0	0	2	2	3	5	5	6	22	6	18	6	8	18	7	9	10	10	22	12	12	5	17	21	16	1	1	1	1	1	1	2	1	1	1	1	2	1	1	2	1	2	1	1	2	2	2	1	1	2
64000	-135.735754917028913	-142.591242867988285	6.855487950959373	0.000080000000000	0.000020000000000	0.250000000000000	0.782497598034427	0	5	6	7	8	7	12	10	14	12	15	12	13	15	16	15	15	14	15	15	18	15	17	16	18	0	0	2	2	6	3	6	5	10	6	10	5	8	10	20	10	10	10	7	12	22	7	17	12	15	1	1	1	1	1	1	2	1	1	2	1	2	2	2	1	1	1	1	1	2	1	2	1	2	1
64500	-137.627216921240915	-144.482704872200287	6.855487950959373	0.000080000000000	0.000020000000000	0.250000000000000	0.740931235943132	0	5	6	6	8	7	11	10	13	11	15	12	12	14	16	15	15	12	14	15	17	14	17	16	19	0	0	2	2	6	3	5	6	5	6	9	7	8	10	7	7	18	10	9	12	12	18	17	12	16	1	1	1	1	1	1	1	2	3	2	1	1	1	2	2	2	2	1	1	1	3	1	2	3	3
65000	-110.023091559601994	-116.878579510561366	6.855487950959373	0.000080000000000	0.000020000000000	0.250000000000000	0.865959540598898	-1	4	6	6	8	7	10	11	15	11	16	12	13	14	17	17	15	13	14	14	16	15	17	18	19	0	0	2	2	6	3	5	7	7	5	19	7	8	18	9	9	10	10	12	12	20	7	17	21	16	1	1	1	1	1	1	1	1	2	1	1	1	1	1	1	1	2	1	1	1	1	2	1	1	1
65500	-138.384859502908711	-145.240347453868083	6.855487950959373	0.000080000000000	0.000020000000000	0.250000000000000	0.568909820261963	1	4	5	6	8	7	11	10	14	12	13	13	13	14	16	16	15	12	14	15	18	16	17	17	18	0	0	2	2	6	3	6	5	5	5	6	7	10	10	18	18	10	5	18	12	20	14	9	12	9	1	1	1	1	1	1	3	1	3	2	2	1	1	1	2	2	1	2	1	1	2	1	2	2	2
66000	-144.444600803482473	-151.300088754441845	6.855487950959373	0.000080000000000	0.000020000000000	0.250000000000000	0.607242883781211	0	4	5	6	8	6	11	10	14	11	14	12	12	14	16	16	16	15	14	16	17	16	17	17	20	0	0	2	2	6	3	6	6	6	5	12	5	8	5	14	3	18	10	7	12	7	9	17	20	7	1	1	1	1	1	1	2	2	3	2	1	2	1	3	1	3	1	1	1	2	3	1	1	1	4
66500	-131.976459049382299	-138.831947000341671	6.855487950959373	0.000080000000000	0.000020000000000	0.250000000000000	0.848137818607223	-1	4	6	5	7	10	10	10	14	9	15	12	13	13	16	17	15	15	14	16	15	13	17	17	20	0	0	2	2	3	5	5	5	22	5	19	6	8	6	18	9	6	10	12	21	12	7	17	21	16	1	1	1	1	1	2	2	1	1	1	1	2	2	1	1	1	2	2	1	1	2	1	1	1	1
67000	-132.842138402123965	-139.697626353083336	6.855487950959373	0.000080000000000	0.000020000000000	0.250000000000000	0.684136343363538	1	4	6	7	8	10	11	10	13	12	15	12	12	14	16	17	16	14	15	15	17	17	18	14	20	0	0	2	2	4	5	6	5	7	6	12	6	8	6	7	18	18	7	18	12	12	10	17	6	15	1	1	1	2	1	1	1	1	1	1	2	1	1	2	3	1	1	2	1	1	2	2	1	2	2
67500	-134.357754149881998	-141.213242100841370	6.855487950959373	0.000080000000000	0.000020000000000	0.250000000000000	0.680463348130917	0	4	6	6	7	9	11	11	13	11	14	11	13	15	17	17	16	14	15	15	17	15	17	18	21	0	0	2	2	3	5	5	6	7	5	10	5	8	18	22	22	11	10	12	12	19	7	22	21	22	1	1	1	1	1	1	2	1	1	1	2	2	2	1	1	1	1	2	2	3	1	2	1	1	3
68000	-136.711977996138700	-143.567465947098071	6.855487950959373	0.000080000000000	0.000020000000000	0.250000000000000	0.707946086978107	-1	4	5	6	8	10	11	11	14	11	14	12	12	14	16	16	15	13	15	13	17	16	17	18	20	0	0	2	2	3	3	6	6	7	5	18	6	10	10	5	18	14	5	11	12	20	7	17	21	22	1	1	1	2	2	2	1	1	2	2	1	2	1	2	3	2	1	2	1	1	2	2	1	1	2
68500	-137.264019367221437	-144.119507318180808	6.855487950959373	0.000080000000000	0.000020000000000	0.250000000000000	0.675450090947227	0	4	5	6	8	9	10	11	13	11	15	10	13	14	16	15	14	14	14	15	17	16	18	17	18	0	0	2	2	3	5	5	6	7	6	17	5	8	10	14	9	7	5	12	12	12	17	17	20	18	1	1	1	2	1	1	1	1	1	1	1	1	1	2	1	2	2	3	1	2	2	1	1	1	2
69000	-138.952265349003483	-145.807753299962854	6.855487950959373	0.000080000000000	0.000020000000000	0.250000000000000	0.768236540302998	-2	4	6	6	8	9	11	12	14	12	15	12	11	14	16	16	15	14	14	15	16	13	17	18	21	0	0	2	2	3	5	6	5	6	5	22	5	6	10	22	5	22	10	22	22	12	5	17	21	16	1	1	1	1	1	1	1	2	2	2	1	2	1	1	1	3	2	1	1	1	2	2	1	2	3
69500	-125.896598840548279	-132.752086791507651	6.855487950959373	0.000080000000000	0.000020000000000	0.250000000000000	0.845367587886866	1	3	6	5	7	9	10	12	13	11	14	11	13	15	17	16	15	13	13	14	16	16	17	18	18	0	0	2	2	3	5	6	7	5	5	19	6	8	18	22	9	18	6	10	12	12	18	17	21	16	1	1	2	1	1	1	1	1	2	3	1	1	1	1	1	2	1	2	1	2	2	1	1	1	1
70000	-139.057325070136102	-145.912813021095474	6.855487950959373	0.000080000000000	0.000020000000000	0.250000000000000	0.732430905004069	1	3	5	7	7	10	11	11	14	11	15	12	12	15	17	16	16	15	13	15	15	17	18	18	17	0	0	2	2	3	5	5	5	6	5	19	7	8	10	18	9	14	7	6	12	5	9	17	21	9	1	1	1	2	2	2	2	1	2	2	1	1	1	2	1	1	1	2	2	2	3	2	1	1	2
70500	-111.050333001277039	-117.905820952236411	6.855487950959373	0.000080000000000	0.000020000000000	0.250000000000000	0.728480251336433	0	4	5	5	7	9	11	11	14	12	15	13	12	14	16	16	16	14	14	15	17	17	18	17	21	0	0	2	2	3	5	5	6	7	3	12	6	8	10	9	10	18	7	10	12	20	15	17	12	16	1	1	1	1	1	1	2	1	1	3	1	2	1	1	1	2	1	1	1	1	1	1	1	2	2
71000	-133.523623454521669	-140.379111405481041	6.855487950959373	0.000080000000000	0.000020000000000	0.250000000000000	0.684879302902354	-1	5	6	7	7	9	11	11	13	10	16	13	12	15	17	17	15	14	15	15	17	16	17	18	20	0	0	2	2	3	5	5	5	10	6	12	7	7	7	22	9	10	10	9	12	12	17	17	20	15	1	1	1	1	1	1	1	2	2	1	2	1	1	1	1	2	2	2	1	2	2	1	1	2	1
71500	-125.167880613509851	-132.023368564469223	6.855487950959373	0.000080000000000	0.000020000000000	0.250000000000000	0.639508235044217	0	5	6	6	7	10	12	11	15	11	15	13	12	14	15	16	15	14	14	15	16	17	18	17	18	0	0	2	2	3	5	6	5	6	5	19	10	8	7	18	9	10	7	7	12	12	6	17	19	16	1	1	1	1	1	1	1	2	2	2	1	1	1	1	1	1	2	1	2	1	2	3	2	2	1
72000	-144.573681019577407	-151.429168970536779	6.855487950959373	0.000080000000000	0.000020000000000	0.250000000000000	0.634187809641827	1	5	6	7	7	9	12	11	14	10	15	13	12	13	17	17	16	14	14	16	18	16	17	18	17	0	0	2	2	3	5	5	5	6	5	7	10	8	7	5	6	10	7	7	12	20	18	17	20	10	1	1	1	1	1	2	3	2	2	1	2	2	1	1	4	5	4	1	1	1	1	1	1	1	3
72500	-131.323378295102145	-138.178866246061517	6.855487950959373	0.000080000000000	0.000020000000000	0.250000000000000	0.649553569538665	0	4	5	6	7	9	11	10	14	11	15	12	12	14	15	17	15	14	14	15	17	16	17	17	20	0	0	2	2	3	5	6	6	7	5	6	6	8	10	6	22	18	6	12	12	20	5	17	12	9	1	1	1	1	1	1	1	1	1	2	2	2	2	1	2	1	1	4	1	2	2	4	1	3	3
73000	-123.541804833391126	-130.397292784350498	6.855487950959373	0.000080000000000	0.000020000000000	0.250000000000000	0.777187090806222	0	4	6	6	8	9	11	11	13	11	16	12	13	14	16	16	14	15	14	15	16	16	17	17	20	0	0	2	2	3	5	5	6	10	5	12	10	8	10	18	9	10	17	10	12	12	5	17	20	16	1	1	1	1	1	1	1	1	1	2	2	1	2	1	1	1	2	1	1	2	2	4	2	1	3
73500	-114.238084124249326	-121.093572075208698	6.855487950959373	0.000080000000000	0.000020000000000	0.250000000000000	0.877097085910325	0	4	6	6	8	10	10	11	14	12	16	13	12	14	15	16	15	13	13	15	16	17	16	18	20	0	0	2	2	3	5	3	7	7	7	9	7	8	10	9	9	7	10	6	12	20	15	17	21	16	1	1	1	1	1	1	2	1	1	1	1	1	1	1	1	1	2	1	1	1	1	1	1	1	2
74000	-118.718995613289536	-125.574483564248908	6.855487950959373	0.000080000000000	0.000020000000000	0.250000000000000	0.826510161454436	0	4	5	5	7	9	11	10	14	12	14	13	12	14	15	16	15	14	15	15	16	16	17	14	20	0	0	2	2	4	5	6	5	10	7	12	5	8	10	7	9	10	10	11	24	20	7	22	12	16	1	1	1	1	1	1	1	1	1	1	1	2	1	1	2	1	2	1	1	1	1	3	1	1	2
74500	-133.317325586698047	-140.172813537657419	6.855487950959373	0.000080000000000	0.000020000000000	0.250000000000000	0.617333379085059	0	4	5	6	7	9	11	11	14	11	15	12	13	14	16	16	16	14	15	14	16	17	17	18	19	0	0	2	2	3	5	5	5	6	5	12	7	8	10	18	18	10	10	7	12	9	7	15	21	16	1	1	1	1	1	2	2	2	3	2	2	1	1	2	2	1	2	2	2	1	1	4	1	2	1
75000	-125.257649014417211	-132.113136965376583	6.855487950959373	0.000080000000000	0.000020000000000	0.250000000000000	0.659252541380986	0	5	6	7	7	9	10	10	13	11	15	12	13	13	16	15	15	14	14	15	17	16	17	18	18	0	0	2	2	3	5	5	5	6	5	9	7	8	10	18	5	7	10	10	12	20	18	17	21	15	1	1	1	1	1	1	1	1	2	2	1	1	2	1	1	3	2	2	1	2	1	1	1	1	1
75500	-130.681213512243914	-137.536701463203286	6.855487950959373	0.000080000000000	0.000020000000000	0.250000000000000	0.751022426588560	-1	5	6	6	8	10	12	12	14	11	16	11	12	15	16	15	16	14	13	15	17	16	17	17	20	0	0	2	2	3	5	6	5	5	6	20	5	6	7	7	7	16	10	12	12	20	7	18	20	16	1	1	1	1	1	1	1	2	3	1	1	2	1	2	2	2	1	2	1	1	1	2	2	1	2
76000	-109.814676094804781	-116.670164045764153	6.855487950959373	0.000080000000000	0.000020000000000	0.250000000000000	0.874418231544229	0	4	6	6	7	9	11	11	14	11	15	11	12	15	15	17	15	14	15	15	17	16	18	18	21	0	0	2	2	3	5	6	6	7	6	18	6	8	18	9	9	18	10	12	12	20	15	17	20	16	1	1	1	1	1	1	1	1	1	1	1	1	1	1	1	1	1	2	1	2	1	1	2	1	2
76500	-118.583003298468981	-125.438491249428353	6.855487950959373	0.000080000000000	0.000020000000000	0.250000000000000	0.869268205301867	0	5	6	6	7	10	11	11	15	11	13	12	12	14	16	16	15	14	14	14	17	15	18	17	19	0	0	2	2	3	5	6	6	7	5	6	6	8	10	22	9	18	10	11	12	12	7	17	12	16	1	1	1	1	1	2	1	1	1	2	1	1	1	1	1	1	1	2	1	2	2	1	1	2	1
77000	-113.646226963370509	-120.501714914329881	6.855487950959373	0.000080000000000	0.000020000000000	0.250000000000000	0.814212423355478	1	4	5	6	8	10	11	12	14	12	15	12	13	14	16	15	16	14	14	16	17	15	18	18	20	0	0	2	2	3	5	5	6	6	6	19	7	8	10	22	7	18	10	7	12	12	18	17	20	16	1	1	1	1	1	1	2	1	2	1	1	1	1	1	1	2	1	1	1	2	2	1	2	1	2
77500	-105.004630400843482	-111.860118351802853	6.855487950959373	0.000080000000000	0.000020000000000	0.250000000000000	0.867785487929046	1	4	6	6	7	10	11	12	15	12	14	12	13	15	16	16	15	14	15	14	16	17	17	18	21	0	0	2	2	3	5	6	6	11	7	6	6	8	18	18	9	10	10	11	12	20	15	17	21	16	1	1	1	1	1	2	1	1	1	1	2	1	1	1	1	1	1	1	1	1	1	1	1	1	2
78000	-136.068238482879110	-142.923726433838482	6.855487950959373	0.000080000000000	0.000020000000000	0.250000000000000	0.642115778642863	1	4	5	7	7	9	11	10	14	12	13	11	12	13	15	17	16	14	15	14	18	16	18	17	19	0	0	2	2	3	5	6	5	5	6	6	6	6	7	18	9	18	5	11	12	20	18	17	18	16	1	1	1	1	1	2	1	2	3	2	2	1	1	1	1	1	1	4	1	1	2	1	1	1	2
78500	-116.718216138491812	-123.573704089451184	6.855487950959373	0.000080000000000	0.000020000000000	0.250000000000000	0.828825653353814	1	4	6	5	8	10	12	12	14	11	15	12	13	15	15	17	15	13	14	15	18	16	17	16	20	0	0	2	2	3	5	6	5	6	5	12	6	8	18	9	9	18	10	12	12	24	15	17	12	15	1	1	1	1	1	1	1	2	2	1	2	1	1	1	1	1	1	1	1	2	1	1	1	2	2
79000	-124.004277532643499	-130.859765483602871	6.855487950959373	0.000080000000000	0.000020000000000	0.250000000000000	0.786135281407573	0	5	6	6	7	9	11	10	13	11	15	11	12	14	17	17	15	14	13	14	15	16	17	17	21	0	0	2	2	3	5	5	6	7	5	19	5	8	10	22	9	10	12	12	10	12	7	17	21	22	1	1	1	1	1	1	1	1	1	2	1	2	1	1	1	2	2	1	1	1	2	2	1	1	2
79500	-123.265480644238352	-130.120968595197724	6.855487950959373	0.000080000000000	0.000020000000000	0.250000000000000	0.766066585583498	-1	4	6	6	8	9	11	11	13	11	15	13	13	13	16	17	16	15	15	15	18	17	16	18	19	0	0	2	2	3	5	5	5	6	5	10	7	8	7	11	15	18	10	12	12	20	18	10	20	16	1	1	1	1	1	1	2	2	2	1	2	1	1	1	1	1	1	2	1	1	1	1	3	1	1
80000	-119.288094471285874	-126.143582422245245	6.855487950959373	0.000080000000000	0.000020000000000	0.250000000000000	0.829015484894264	0	5	6	6	8	10	12	11	14	11	16	13	13	14	15	16	15	13	15	15	17	16	17	18	20	0	0	2	2	3	5	6	6	10	5	12	7	8	10	6	9	18	10	7	12	12	15	17	20	16	1	1	1	1	1	1	2	1	2	1	2	1	1	2	2	1	1	1	2	2	2	1	1	1	2
80500	-112.347917804760215	-119.203405755719587	6.855487950959373	0.000080000000000	0.000020000000000	0.250000000000000	0.716913207723035	-1	4	6	6	8	9	11	12	14	11	13	12	13	15	17	15	15	14	14	15	14	16	17	16	20	0	0	2	2	3	5	6	7	7	6	12	6	8	18	17	9	10	10	11	12	12	18	17	21	16	1	1	1	1	1	1	1	1	1	1	1	1	1	1	1	1	2	1	1	1	1	1	1	1	2
81000	-122.096821776066520	-128.952309727025892	6.855487950959373	0.000080000000000	0.000020000000000	0.250000000000000	0.844202527757696	0	3	5	6	6	9	12	11	14	12	13	12	12	14	14	16	15	14	14	15	16	16	18	17	20	0	0	2	3	3	5	6	6	7	6	12	6	8	10	7	15	9	7	11	12	12	18	17	21	16	1	1	1	1	1	1	1	1	1	2	1	1	1	2	1	2	1	1	1	2	2	1	1	1	2
81500	-145.034970346814134	-151.890458297773506	6.855487950959373	0.000080000000000	0.000020000000000	0.250000000000000	0.719705277835689	1	3	5	5	7	8	10	11	13	10	14	12	12	15	17	16	14	15	15	15	17	16	16	17	20	0	0	2	2	3	3	6	7	7	5	9	6	8	5	18	9	10	7	11	12	20	17	17	20	16	1	1	2	1	2	1	1	1	1	1	1	2	1	2	1	3	3	1	1	2	1	1	1	1	2
82000	-137.826067269795004	-144.681555220754376	6.855487950959373	0.000080000000000	0.000020000000000	0.250000000000000	0.466141649907437	-1	4	5	6	7	10	12	11	14	11	15	13	13	15	16	14	14	14	14	15	16	17	15	18	19	0	0	2	2	3	5	10	5	7	5	19	7	8	18	9	7	7	7	7	12	12	9	7	12	16	1	1	1	1	1	2	1	2	1	2	1	1	1	1	1	1	1	1	2	2	2	1	2	3	3
82500	-135.211619523804274	-142.067107474763645	6.855487950959373	0.000080000000000	0.000020000000000	0.250000000000000	0.565778984155527	-1	5	6	6	7	9	11	11	14	11	13	12	13	14	17	17	15	13	15	16	17	17	15	17	20	0	0	2	2	3	5	5	6	7	6	7	6	8	10	11	7	6	10	11	12	12	18	10	12	15	1	1	1	1	1	2	2	1	1	1	2	2	1	1	3	3	3	1	1	2	2	3	2	2	2
83000	-145.112969922769878	-151.968457873729250	6.855487950959373	0.000080000000000	0.000020000000000	0.250000000000000	0.705760377471860	0	3	5	7	7	10	11	9	15	11	14	11	11	13	13	16	15	13	14	14	18	15	17	16	21	0	0	2	2	3	5	6	5	7	5	12	6	8	10	5	7	7	7	12	12	24	7	14	11	16	1	1	1	2	1	1	1	1	2	2	2	1	1	1	2	2	2	1	2	2	1	2	3	1	2
83500	-142.881842811452515	-149.737330762411887	6.855487950959373	0.000080000000000	0.000020000000000	0.250000000000000	0.610971810434738	0	4	6	6	8	10	12	11	13	11	15	13	13	13	15	17	15	13	15	16	17	15	18	18	21	0	0	2	2	3	5	6	5	7	6	12	6	8	10	5	9	10	10	6	18	20	7	18	20	9	1	1	1	1	1	1	2	2	1	1	2	1	1	1	4	2	2	2	2	2	1	1	3	1	4
84000	-131.649792297463989	-138.505280248423361	6.855487950959373	0.000080000000000	0.000020000000000	0.250000000000000	0.712682696304650	0	3	5	6	8	9	10	11	14	12	14	12	12	14	15	17	16	14	15	15	15	16	18	18	20	0	0	2	2	3	5	6	5	7	7	12	5	8	10	14	22	15	7	11	12	12	14	15	20	16	1	1	1	1	2	1	1	1	2	1	2	2	1	2	1	1	1	1	1	2	2	1	1	1	1
84500	-147.276295597772332	-154.131783548731704	6.855487950959373	0.000080000000000	0.000020000000000	0.250000000000000	0.572888464025724	1	4	6	6	7	9	11	11	15	11	15	12	12	13	14	15	15	13	15	16	17	17	17	18	19	0	0	2	2	3	5	2	5	18	6	15	7	8	10	6	18	7	5	15	12	12	20	18	22	22	1	1	1	1	1	2	4	2	2	1	1	1	1	2	3	1	2	2	1	2	2	1	2	1	1
85000	-113.499276573328856	-120.354764524288228	6.855487950959373	0.000080000000000	0.000020000000000	0.250000000000000	0.842051491863522	1	4	5	5	7	9	10	10	14	11	15	12	12	15	16	17	15	14	15	15	17	16	17	18	20	0	0	2	2	3	5	6	5	6	6	9	7	8	10	18	15	18	10	18	12	20	18	17	12	16	1	1	1	1	1	1	1	1	2	1	1	1	1	1	1	1	1	2	1	2	1	1	1	2	1
85500	-116.365746428878722	-123.221234379838094	6.855487950959373	0.000080000000000	0.000020000000000	0.250000000000000	0.524217940057356	0	4	5	6	7	9	11	10	14	12	14	12	12	15	16	15	15	14	15	15	17	17	17	17	19	0	0	2	2	3	5	6	5	10	7	12	6	8	18	9	7	10	7	11	11	20	16	17	12	16	1	1	1	1	1	1	1	2	1	1	1	2	1	1	1	2	2	2	1	1	1	1	1	2	1
86000	-123.024943407176210	-129.880431358135581	6.855487950959373	0.000080000000000	0.000020000000000	0.250000000000000	0.829201931619818	1	5	6	6	7	9	11	11	14	12	14	12	13	13	16	16	15	14	15	16	16	17	17	17	20	0	0	2	2	3	5	3	6	7	6	12	6	8	10	6	7	18	7	11	12	12	18	15	20	16	1	1	1	1	1	1	2	1	1	1	2	1	1	1	3	2	1	2	1	2	2	1	1	1	2
86500	-127.023272821533453	-133.878760772492825	6.855487950959373	0.000080000000000	0.000020000000000	0.250000000000000	0.468240906939690	0	5	6	6	7	9	11	10	13	11	15	13	11	14	17	16	15	13	13	14	17	16	17	18	20	0	0	2	2	3	5	5	5	7	6	18	7	8	10	9	9	18	5	7	10	12	6	17	12	15	1	1	1	1	1	1	2	2	1	1	1	1	1	2	2	2	1	3	1	2	2	4	1	2	1
87000	-119.719906786957779	-126.575394737917151	6.855487950959373	0.000080000000000	0.000020000000000	0.250000000000000	0.710794152405584	0	4	6	7	8	9	11	11	14	11	15	13	12	15	17	16	15	12	14	15	18	16	18	17	20	0	0	2	2	3	5	5	6	10	5	12	7	8	18	22	9	10	5	12	12	20	9	17	20	16	1	1	1	2	1	1	2	1	1	2	1	2	1	2	1	2	2	1	1	1	2	1	1	1	2
87500	-134.969096187971900	-141.824584138931272	6.855487950959373	0.000080000000000	0.000020000000000	0.250000000000000	0.686774937854364	0	4	6	5	7	9	12	12	15	12	15	13	13	14	14	16	15	13	14	15	18	17	17	17	20	0	0	4	2	3	5	5	6	15	5	12	5	7	7	7	9	10	10	6	12	11	14	17	20	16	1	1	1	1	1	1	2	1	1	2	1	3	1	2	1	1	2	1	3	1	1	1	1	1	1
88000	-107.070478064944780	-113.925966015904152	6.855487950959373	0.000080000000000	0.000020000000000	0.250000000000000	0.903666502994642	0	3	5	5	8	10	12	11	14	12	15	12	13	15	16	16	15	14	13	15	17	16	17	17	20	0	0	2	2	3	5	5	5	7	6	12	6	8	10	9	9	18	10	12	12	20	9	17	20	16	1	1	1	1	1	1	1	2	1	1	2	1	1	2	1	1	1	1	1	1	1	1	1	1	1
88500	-138.018114707863987	-144.873602658823359	6.855487950959373	0.000080000000000	0.000020000000000	0.250000000000000	0.863468265614864	1	5	6	6	7	9	10	11	14	12	16	12	12	14	15	17	14	14	13	14	17	15	16	17	20	0	0	2	2	3	5	6	5	5	7	19	6	8	10	5	9	10	10	7	12	23	9	14	20	16	1	1	1	1	1	1	1	2	2	1	1	2	1	1	3	1	1	1	1	1	1	1	1	2	1
89000	-133.667166325125891	-140.522654276085262	6.855487950959373	0.000080000000000	0.000020000000000	0.250000000000000	0.627584154317556	1	4	5	6	7	9	11	12	14	11	15	13	12	13	16	16	16	14	15	15	17	14	17	17	21	0	0	2	2	3	5	6	7	6	6	12	6	5	10	6	22	10	10	7	12	20	6	17	20	22	1	1	1	1	2	1	2	1	2	1	2	2	3	1	2	1	2	1	2	1	1	2	1	2	3
89500	-122.227740260637603	-129.083228211596975	6.855487950959373	0.000080000000000	0.000020000000000	0.250000000000000	0.750244006937279	-1	5	6	6	7	9	11	11	12	12	15	12	13	14	16	16	15	14	14	16	17	16	17	18	20	0	0	2	2	3	5	5	5	6	7	19	7	8	10	10	7	10	10	9	12	12	10	17	20	15	1	1	1	1	1	1	3	2	2	1	1	1	1	1	2	2	2	1	1	3	2	1	1	1	2
90000	-116.256695586619827	-123.112183537579199	6.855487950959373	0.000080000000000	0.000020000000000	0.250000000000000	0.834843738785492	-1	4	5	5	8	9	12	11	14	11	16	13	12	13	16	16	15	13	14	15	17	14	17	17	19	0	0	2	2	3	5	6	6	7	5	20	6	8	10	22	9	14	10	12	12	12	6	17	20	16	1	1	1	1	2	1	1	1	1	1	1	2	1	1	1	1	1	1	1	1	1	2	1	1	1
90500	-131.400428673639198	-138.255916624598569	6.855487950959373	0.000080000000000	0.000020000000000	0.250000000000000	0.845538994597362	0	4	5	6	7	10	11	11	14	12	16	12	13	15	16	16	15	15	14	15	17	14	18	17	19	0	0	2	2	3	3	5	6	7	6	12	8	8	22	18	22	10	10	7	12	20	7	22	20	16	1	1	1	1	1	3	2	1	2	1	1	1	1	1	1	1	1	2	1	2	1	2	2	1	2
91000	-137.224990996236500	-144.080478947195871	6.855487950959373	0.000080000000000	0.000020000000000	0.250000000000000	0.576193610013788	0	5	6	7	8	10	10	12	14	11	16	12	12	15	13	15	15	15	14	14	18	17	17	17	20	0	0	2	2	3	5	5	6	10	3	15	7	6	15	5	15	15	7	7	12	20	16	17	20	9	1	1	1	1	1	2	1	1	1	2	2	1	1	1	3	1	1	2	2	2	2	1	1	3	2
91500	-130.429498708528484	-137.284986659487856	6.855487950959373	0.000080000000000	0.000020000000000	0.250000000000000	0.618258421313683	1	4	6	6	7	9	12	11	15	11	15	13	13	12	16	16	16	14	14	16	17	17	18	16	19	0	0	2	2	3	5	5	6	6	6	12	6	8	10	9	11	18	7	7	11	12	15	17	12	16	1	1	1	2	1	2	2	2	3	1	1	2	1	1	1	1	1	1	1	1	2	1	1	2	2
92000	-129.009938002782150	-135.865425953741521	6.855487950959373	0.000080000000000	0.000020000000000	0.250000000000000	0.530780738648443	0	4	5	6	7	9	12	10	15	11	16	13	12	14	15	16	15	14	15	16	16	16	16	18	19	0	0	2	2	3	5	5	5	7	5	18	10	8	10	6	9	10	6	7	12	12	10	18	22	16	1	1	1	1	1	1	2	1	2	2	1	1	1	2	2	1	2	2	2	2	2	4	1	1	2
92500	-138.610273436020520	-145.465761386979892	6.855487950959373	0.000080000000000	0.000020000000000	0.250000000000000	0.467444545638948	0	5	6	6	8	9	11	12	15	10	15	11	13	13	16	17	14	13	15	15	16	17	18	17	20	0	0	2	2	3	5	3	7	6	6	12	5	8	10	9	5	18	10	12	12	20	5	17	20	16	1	1	1	1	1	1	3	1	3	1	2	1	1	2	1	3	1	1	2	3	1	4	2	1	2
93000	-137.615602732693532	-144.471090683652903	6.855487950959373	0.000080000000000	0.000020000000000	0.250000000000000	0.708796135584226	1	4	6	6	7	9	11	11	13	10	12	12	13	14	15	15	14	13	14	15	17	17	17	16	20	0	0	2	2	3	5	6	6	7	5	6	7	8	7	18	9	11	10	11	12	20	16	18	12	17	1	1	1	1	1	1	2	1	1	1	3	1	1	1	1	1	1	1	1	2	2	1	2	2	2
93500	-132.379809406359897	-139.235297357319268	6.855487950959373	0.000080000000000	0.000020000000000	0.250000000000000	0.601208600326925	-1	5	6	7	7	10	11	12	13	12	13	11	13	14	15	15	15	13	14	16	16	17	16	17	19	0	0	2	3	3	5	5	6	7	7	12	6	8	7	7	7	10	10	12	12	12	15	17	12	16	1	1	1	1	1	2	2	1	1	1	1	1	1	2	1	2	1	1	1	3	2	1	1	3	2
94000	-132.834082555932127	-139.689570506891499	6.855487950959373	0.000080000000000	0.000020000000000	0.250000000000000	0.707344323993891	1	5	6	7	7	9	10	11	12	11	15	12	12	13	17	16	14	15	14	14	16	15	16	18	20	0	0	2	2	3	5	6	5	7	5	20	6	8	10	18	9	10	10	10	12	20	9	10	20	10	1	1	1	1	1	1	1	2	1	2	1	1	1	1	1	3	2	2	1	1	1	1	3	1	3
94500	-116.855126719872075	-123.710614670831447	6.855487950959373	0.000080000000000	0.000020000000000	0.250000000000000	0.763112369992276	0	5	6	6	8	9	10	10	14	11	16	12	12	14	15	16	16	14	15	15	17	16	17	18	20	0	0	2	2	3	5	5	5	7	7	12	5	8	10	9	18	18	7	12	12	20	18	17	21	16	1	1	1	1	1	1	1	1	2	1	2	2	1	2	1	1	1	3	2	1	2	1	1	1	2
95000	-126.517953095791228	-133.373441046750600	6.855487950959373	0.000080000000000	0.000020000000000	0.250000000000000	0.823302565660091	1	4	6	6	7	10	11	11	13	11	15	12	12	14	15	15	15	13	13	16	18	16	16	17	19	0	0	2	2	3	5	5	6	10	5	10	5	6	10	7	9	10	10	12	11	20	6	17	22	16	1	1	1	1	1	2	1	1	1	2	2	2	1	1	2	1	2	1	1	1	1	2	1	1	2
95500	-144.656852636628969	-151.512340587588341	6.855487950959373	0.000080000000000	0.000020000000000	0.250000000000000	0.591809694449986	1	4	6	5	8	10	11	11	14	12	16	12	12	14	16	15	14	14	13	15	18	14	18	18	19	0	0	2	2	3	5	5	5	6	6	22	5	8	10	7	6	10	12	5	9	20	5	10	12	16	1	1	1	1	1	2	1	2	2	1	1	2	1	1	2	3	1	1	2	1	2	4	3	3	2
96000	-118.969930553578692	-125.825418504538064	6.855487950959373	0.000080000000000	0.000020000000000	0.250000000000000	0.741410611355336	-1	4	5	7	7	10	11	11	15	12	14	13	12	15	14	16	15	14	13	15	17	16	17	15	19	0	0	2	2	3	5	5	6	15	6	19	6	8	18	10	7	15	10	7	11	20	15	17	12	16	1	1	1	2	1	2	2	1	1	1	1	2	1	1	1	2	1	1	2	1	1	1	1	1	2
96500	-122.293682321497158	-129.149170272456530	6.855487950959373	0.000080000000000	0.000020000000000	0.250000000000000	0.765057653357023	1	4	6	7	8	9	11	10	12	11	16	11	12	13	15	15	15	13	14	16	18	16	16	18	21	0	0	2	3	3	5	5	5	6	6	19	5	8	10	9	7	18	10	12	19	20	15	17	20	9	1	1	1	1	1	1	1	1	2	1	1	2	1	1	1	2	1	1	2	1	1	1	1	1	4
97000	-119.608898045035843	-126.464385995995215	6.855487950959373	0.000080000000000	0.000020000000000	0.250000000000000	0.765406181603720	1	4	5	7	7	9	10	11	14	12	16	12	13	15	16	17	16	14	15	15	16	17	18	17	20	0	0	2	2	3	5	6	6	12	6	19	5	8	10	18	7	18	12	12	12	20	14	17	21	16	1	1	1	1	1	1	1	1	1	1	1	2	1	2	1	3	1	1	1	1	1	1	1	1	1
97500	-115.909667735679079	-122.765155686638451	6.855487950959373	0.000080000000000	0.000020000000000	0.250000000000000	0.730951613484712	0	4	5	6	7	9	10	11	13	10	15	12	13	13	17	17	15	15	14	14	18	16	17	16	20	0	0	2	2	3	5	5	10	6	6	20	7	8	10	22	9	10	9	12	12	20	9	17	20	16	1	1	1	1	1	1	2	1	2	1	1	1	1	2	1	2	2	1	1	1	2	1	1	1	2
98000	-113.282840941100545	-120.138328892059917	6.855487950959373	0.000080000000000	0.000020000000000	0.250000000000000	0.829308231959280	1	4	6	6	8	10	11	11	14	12	15	12	12	15	16	16	15	13	13	16	18	13	17	17	20	0	0	2	2	3	5	5	5	22	6	19	6	8	18	6	9	18	10	12	12	20	6	17	20	16	1	1	1	1	1	1	1	1	1	1	1	1	1	1	2	1	2	1	1	2	1	1	1	1	2
98500	-128.376739704827912	-135.232227655787284	6.855487950959373	0.000080000000000	0.000020000000000	0.250000000000000	0.639094472025159	0	4	5	6	8	9	12	10	14	10	15	13	12	14	16	16	14	14	15	15	17	16	16	17	20	0	0	2	2	3	5	6	5	6	5	6	5	8	6	17	7	10	7	12	12	20	7	9	20	18	1	1	1	1	1	1	1	1	4	1	3	2	1	2	1	2	2	1	1	1	1	2	1	1	2
99000	-135.226590383568521	-142.082078334527893	6.855487950959373	0.000080000000000	0.000020000000000	0.250000000000000	0.618789769970768	-1	4	5	6	7	10	12	8	15	12	16	11	12	14	16	17	14	14	14	15	17	17	17	17	21	0	0	2	2	3	5	6	5	6	6	19	5	8	6	18	6	10	10	6	12	12	7	14	20	22	1	1	1	2	1	1	1	1	2	1	1	2	2	2	1	3	1	1	2	2	3	2	1	1	2
99500	-119.939221428058346	-126.794709379017718	6.855487950959373	0.000080000000000	0.000020000000000	0.250000000000000	0.580970344380458	1	4	6	6	7	10	10	11	13	11	13	12	13	15	15	16	15	13	14	15	17	16	17	16	19	0	0	2	2	3	5	5	7	6	7	10	6	8	18	18	9	10	10	11	12	20	10	17	12	16	1	1	1	1	1	2	1	1	2	1	1	1	1	1	1	1	2	1	1	2	1	3	1	2	2
100000	-133.087105122941153	-139.942593073900525	6.855487950959373	0.000080000000000	0.000020000000000	0.250000000000000	0.636209544871253	-1	4	5	5	8	9	11	12	14	12	15	11	13	13	17	16	15	14	14	16	17	13	17	17	21	0	0	2	2	3	3	5	6	7	5	7	6	8	10	22	9	10	10	12	12	20	7	10	12	15	1	1	1	1	2	2	1	1	1	2	1	1	1	1	2	1	2	1	2	2	1	1	2	3	2