step	p_accept_mu1	p_accept_gamma	p_accept_pi	p_accept_Tinf	sigma_mu1	sigma_gamma	sigma_pi	n_like_zero
1		1.00000	1.00000	1.00000	1.00000	0.000100000000000	1.000000000000000	0.010000000000000	0
500		1.00000	1.00000	1.00000	0.35481	0.000100000000000	1.000000000000000	0.010000000000000	0
1000		-nan	-nan	0.94600	0.35002	0.000150000000000	1.000000000000000	0.015000000000000	0
1500		-nan	-nan	0.91000	0.34883	0.000150000000000	1.000000000000000	0.022500000000000	0
2000		-nan	-nan	0.86600	0.34812	0.000150000000000	1.000000000000000	0.033750000000000	0
2500		-nan	-nan	0.74600	0.34523	0.000150000000000	1.000000000000000	0.050625000000000	0
3000		-nan	-nan	0.65600	0.34337	0.000150000000000	1.000000000000000	0.075937500000000	0
3500		-nan	-nan	0.54000	0.33979	0.000150000000000	1.000000000000000	0.113906250000000	0
4000		-nan	-nan	0.40400	0.33599	0.000150000000000	1.000000000000000	0.170859375000000	0
4500		-nan	-nan	0.39200	0.33284	0.000150000000000	1.000000000000000	0.170859375000000	0
5000		-nan	-nan	0.38600	0.32947	0.000150000000000	1.000000000000000	0.170859375000000	0
5500		-nan	-nan	0.37900	0.32738	0.000150000000000	1.000000000000000	0.170859375000000	0
6000		-nan	-nan	0.37200	0.32580	0.000150000000000	1.000000000000000	0.170859375000000	0
6500		-nan	-nan	0.37533	0.32443	0.000150000000000	1.000000000000000	0.170859375000000	0
7000		-nan	-nan	0.37714	0.32294	0.000150000000000	1.000000000000000	0.170859375000000	0
7500		-nan	-nan	0.37725	0.32199	0.000150000000000	1.000000000000000	0.170859375000000	0
8000		-nan	-nan	0.37489	0.32112	0.000150000000000	1.000000000000000	0.170859375000000	0
8500		-nan	-nan	0.37560	0.32035	0.000150000000000	1.000000000000000	0.170859375000000	0
9000		-nan	-nan	0.37145	0.31990	0.000150000000000	1.000000000000000	0.170859375000000	0
9500		-nan	-nan	0.36950	0.31950	0.000150000000000	1.000000000000000	0.170859375000000	0
10000		-nan	-nan	0.36923	0.31851	0.000150000000000	1.000000000000000	0.170859375000000	0
10500		-nan	-nan	0.36957	0.31799	0.000150000000000	1.000000000000000	0.170859375000000	0
11000		-nan	-nan	0.36880	0.31788	0.000150000000000	1.000000000000000	0.170859375000000	0
11500		-nan	-nan	0.36888	0.31786	0.000150000000000	1.000000000000000	0.170859375000000	0
12000		-nan	-nan	0.36671	0.31777	0.000150000000000	1.000000000000000	0.170859375000000	0
12500		-nan	-nan	0.36911	0.31760	0.000150000000000	1.000000000000000	0.170859375000000	0
13000		-nan	-nan	0.37000	0.31725	0.000150000000000	1.000000000000000	0.170859375000000	0
13500		-nan	-nan	0.36890	0.31681	0.000150000000000	1.000000000000000	0.170859375000000	0
14000		-nan	-nan	0.36724	0.31694	0.000150000000000	1.000000000000000	0.170859375000000	0
14500		-nan	-nan	0.36609	0.31655	0.000150000000000	1.000000000000000	0.170859375000000	0
15000		-nan	-nan	0.36452	0.31641	0.000150000000000	1.000000000000000	0.170859375000000	0
15500		-nan	-nan	0.36667	0.31630	0.000150000000000	1.000000000000000	0.170859375000000	0
16000		-nan	-nan	0.36576	0.31616	0.000150000000000	1.000000000000000	0.170859375000000	0
16500		-nan	-nan	0.36531	0.31591	0.000150000000000	1.000000000000000	0.170859375000000	0
17000		-nan	-nan	0.36622	0.31568	0.000150000000000	1.000000000000000	0.170859375000000	0
17500		-nan	-nan	0.36593	0.31533	0.000150000000000	1.000000000000000	0.170859375000000	0
18000		-nan	-nan	0.36607	0.31485	0.000150000000000	1.000000000000000	0.170859375000000	0
18500		-nan	-nan	0.36700	0.31479	0.000150000000000	1.000000000000000	0.170859375000000	0
19000		-nan	-nan	0.36613	0.31458	0.000150000000000	1.000000000000000	0.170859375000000	0
19500		-nan	-nan	0.36612	0.31436	0.000150000000000	1.000000000000000	0.170859375000000	0
20000		-nan	-nan	0.36497	0.31419	0.000150000000000	1.000000000000000	0.170859375000000	0
20500		-nan	-nan	0.36406	0.31393	0.000150000000000	1.000000000000000	0.170859375000000	0
21000		-nan	-nan	0.36520	0.31359	0.000150000000000	1.000000000000000	0.170859375000000	0
21500		-nan	-nan	0.36411	0.31335	0.000150000000000	1.000000000000000	0.170859375000000	0
22000		-nan	-nan	0.36346	0.31313	0.000150000000000	1.000000000000000	0.170859375000000	0
22500		-nan	-nan	0.36468	0.31310	0.000150000000000	1.000000000000000	0.170859375000000	0
23000		-nan	-nan	0.36503	0.31307	0.000150000000000	1.000000000000000	0.170859375000000	0
23500		-nan	-nan	0.36540	0.31305	0.000150000000000	1.000000000000000	0.170859375000000	0
24000		-nan	-nan	0.36615	0.31310	0.000150000000000	1.000000000000000	0.170859375000000	0
24500		-nan	-nan	0.36448	0.31309	0.000150000000000	1.000000000000000	0.170859375000000	0
25000		-nan	-nan	0.36428	0.31312	0.000150000000000	1.000000000000000	0.170859375000000	0
25500		-nan	-nan	0.36418	0.31301	0.000150000000000	1.000000000000000	0.170859375000000	0
26000		-nan	-nan	0.36484	0.31279	0.000150000000000	1.000000000000000	0.170859375000000	0
26500		-nan	-nan	0.36435	0.31276	0.000150000000000	1.000000000000000	0.170859375000000	0
27000		-nan	-nan	0.36447	0.31275	0.000150000000000	1.000000000000000	0.170859375000000	0
27500		-nan	-nan	0.36496	0.31269	0.000150000000000	1.000000000000000	0.170859375000000	0
28000		-nan	-nan	0.36567	0.31257	0.000150000000000	1.000000000000000	0.170859375000000	0
28500		-nan	-nan	0.36592	0.31264	0.000150000000000	1.000000000000000	0.170859375000000	0
29000		-nan	-nan	0.36624	0.31261	0.000150000000000	1.000000000000000	0.170859375000000	0
29500		-nan	-nan	0.36727	0.31267	0.000150000000000	1.000000000000000	0.170859375000000	0
30000		-nan	-nan	0.36642	0.31243	0.000150000000000	1.000000000000000	0.170859375000000	0
30500		-nan	-nan	0.36707	0.31230	0.000150000000000	1.000000000000000	0.170859375000000	0
31000		-nan	-nan	0.36760	0.31223	0.000150000000000	1.000000000000000	0.170859375000000	0
31500		-nan	-nan	0.36725	0.31216	0.000150000000000	1.000000000000000	0.170859375000000	0
32000		-nan	-nan	0.36716	0.31211	0.000150000000000	1.000000000000000	0.170859375000000	0
32500		-nan	-nan	0.36772	0.31204	0.000150000000000	1.000000000000000	0.170859375000000	0
33000		-nan	-nan	0.36769	0.31199	0.000150000000000	1.000000000000000	0.170859375000000	0
33500		-nan	-nan	0.36780	0.31188	0.000150000000000	1.000000000000000	0.170859375000000	0
34000		-nan	-nan	0.36777	0.31188	0.000150000000000	1.000000000000000	0.170859375000000	0
34500		-nan	-nan	0.36797	0.31191	0.000150000000000	1.000000000000000	0.170859375000000	0
35000		-nan	-nan	0.36851	0.31195	0.000150000000000	1.000000000000000	0.170859375000000	0
35500		-nan	-nan	0.36859	0.31187	0.000150000000000	1.000000000000000	0.170859375000000	0
36000		-nan	-nan	0.36865	0.31183	0.000150000000000	1.000000000000000	0.170859375000000	0
36500		-nan	-nan	0.36803	0.31171	0.000150000000000	1.000000000000000	0.170859375000000	0
37000		-nan	-nan	0.36776	0.31170	0.000150000000000	1.000000000000000	0.170859375000000	0
37500		-nan	-nan	0.36812	0.31163	0.000150000000000	1.000000000000000	0.170859375000000	0
38000		-nan	-nan	0.36820	0.31142	0.000150000000000	1.000000000000000	0.170859375000000	0
38500		-nan	-nan	0.36791	0.31131	0.000150000000000	1.000000000000000	0.170859375000000	0
39000		-nan	-nan	0.36789	0.31118	0.000150000000000	1.000000000000000	0.170859375000000	0
39500		-nan	-nan	0.36756	0.31116	0.000150000000000	1.000000000000000	0.170859375000000	0
40000		-nan	-nan	0.36740	0.31108	0.000150000000000	1.000000000000000	0.170859375000000	0
40500		-nan	-nan	0.36762	0.31111	0.000150000000000	1.000000000000000	0.170859375000000	0
41000		-nan	-nan	0.36792	0.31112	0.000150000000000	1.000000000000000	0.170859375000000	0
41500		-nan	-nan	0.36755	0.31115	0.000150000000000	1.000000000000000	0.170859375000000	0
42000		-nan	-nan	0.36790	0.31126	0.000150000000000	1.000000000000000	0.170859375000000	0
42500		-nan	-nan	0.36818	0.31120	0.000150000000000	1.000000000000000	0.170859375000000	0
43000		-nan	-nan	0.36815	0.31122	0.000150000000000	1.000000000000000	0.170859375000000	0
43500		-nan	-nan	0.36830	0.31120	0.000150000000000	1.000000000000000	0.170859375000000	0
44000		-nan	-nan	0.36817	0.31119	0.000150000000000	1.000000000000000	0.170859375000000	0
44500		-nan	-nan	0.36773	0.31123	0.000150000000000	1.000000000000000	0.170859375000000	0
45000		-nan	-nan	0.36781	0.31120	0.000150000000000	1.000000000000000	0.170859375000000	0
45500		-nan	-nan	0.36776	0.31125	0.000150000000000	1.000000000000000	0.170859375000000	0
46000		-nan	-nan	0.36753	0.31133	0.000150000000000	1.000000000000000	0.170859375000000	0
46500		-nan	-nan	0.36735	0.31129	0.000150000000000	1.000000000000000	0.170859375000000	0
47000		-nan	-nan	0.36699	0.31125	0.000150000000000	1.000000000000000	0.170859375000000	0
47500		-nan	-nan	0.36741	0.31121	0.000150000000000	1.000000000000000	0.170859375000000	0
48000		-nan	-nan	0.36715	0.31121	0.000150000000000	1.000000000000000	0.170859375000000	0
48500		-nan	-nan	0.36687	0.31123	0.000150000000000	1.000000000000000	0.170859375000000	0
49000		-nan	-nan	0.36664	0.31126	0.000150000000000	1.000000000000000	0.170859375000000	0
49500		-nan	-nan	0.36670	0.31118	0.000150000000000	1.000000000000000	0.170859375000000	0
50000		-nan	-nan	0.36660	0.31112	0.000150000000000	1.000000000000000	0.170859375000000	0
50500		-nan	-nan	0.36666	0.31119	0.000150000000000	1.000000000000000	0.170859375000000	0
51000		-nan	-nan	0.36667	0.31120	0.000150000000000	1.000000000000000	0.170859375000000	0
51500		-nan	-nan	0.36644	0.31117	0.000150000000000	1.000000000000000	0.170859375000000	0
52000		-nan	-nan	0.36621	0.31111	0.000150000000000	1.000000000000000	0.170859375000000	0
52500		-nan	-nan	0.36608	0.31106	0.000150000000000	1.000000000000000	0.170859375000000	0
53000		-nan	-nan	0.36582	0.31110	0.000150000000000	1.000000000000000	0.170859375000000	0
53500		-nan	-nan	0.36624	0.31114	0.000150000000000	1.000000000000000	0.170859375000000	0
54000		-nan	-nan	0.36608	0.31119	0.000150000000000	1.000000000000000	0.170859375000000	0
54500		-nan	-nan	0.36633	0.31123	0.000150000000000	1.000000000000000	0.170859375000000	0
55000		-nan	-nan	0.36666	0.31118	0.000150000000000	1.000000000000000	0.170859375000000	0
55500		-nan	-nan	0.36683	0.31122	0.000150000000000	1.000000000000000	0.170859375000000	0
56000		-nan	-nan	0.36709	0.31129	0.000150000000000	1.000000000000000	0.170859375000000	0
56500		-nan	-nan	0.36725	0.31133	0.000150000000000	1.000000000000000	0.170859375000000	0
57000		-nan	-nan	0.36755	0.31137	0.000150000000000	1.000000000000000	0.170859375000000	0
57500		-nan	-nan	0.36763	0.31142	0.000150000000000	1.000000000000000	0.170859375000000	0
58000		-nan	-nan	0.36767	0.31141	0.000150000000000	1.000000000000000	0.170859375000000	0
58500		-nan	-nan	0.36791	0.31142	0.000150000000000	1.000000000000000	0.170859375000000	0
59000		-nan	-nan	0.36800	0.31144	0.000150000000000	1.000000000000000	0.170859375000000	0
59500		-nan	-nan	0.36818	0.31147	0.000150000000000	1.000000000000000	0.170859375000000	0
60000		-nan	-nan	0.36752	0.31139	0.000150000000000	1.000000000000000	0.170859375000000	0
60500		-nan	-nan	0.36711	0.31132	0.000150000000000	1.000000000000000	0.170859375000000	0
61000		-nan	-nan	0.36697	0.31129	0.000150000000000	1.000000000000000	0.170859375000000	0
61500		-nan	-nan	0.36669	0.31121	0.000150000000000	1.000000000000000	0.170859375000000	0
62000		-nan	-nan	0.36684	0.31115	0.000150000000000	1.000000000000000	0.170859375000000	0
62500		-nan	-nan	0.36695	0.31115	0.000150000000000	1.000000000000000	0.170859375000000	0
63000		-nan	-nan	0.36667	0.31113	0.000150000000000	1.000000000000000	0.170859375000000	0
63500		-nan	-nan	0.36677	0.31115	0.000150000000000	1.000000000000000	0.170859375000000	0
64000		-nan	-nan	0.36711	0.31114	0.000150000000000	1.000000000000000	0.170859375000000	0
64500		-nan	-nan	0.36715	0.31119	0.000150000000000	1.000000000000000	0.170859375000000	0
65000		-nan	-nan	0.36714	0.31130	0.000150000000000	1.000000000000000	0.170859375000000	0
65500		-nan	-nan	0.36706	0.31133	0.000150000000000	1.000000000000000	0.170859375000000	0
66000		-nan	-nan	0.36709	0.31129	0.000150000000000	1.000000000000000	0.170859375000000	0
66500		-nan	-nan	0.36698	0.31132	0.000150000000000	1.000000000000000	0.170859375000000	0
67000		-nan	-nan	0.36718	0.31136	0.000150000000000	1.000000000000000	0.170859375000000	0
67500		-nan	-nan	0.36755	0.31136	0.000150000000000	1.000000000000000	0.170859375000000	0
68000		-nan	-nan	0.36753	0.31133	0.000150000000000	1.000000000000000	0.170859375000000	0
68500		-nan	-nan	0.36740	0.31129	0.000150000000000	1.000000000000000	0.170859375000000	0
69000		-nan	-nan	0.36731	0.31133	0.000150000000000	1.000000000000000	0.170859375000000	0
69500		-nan	-nan	0.36723	0.31134	0.000150000000000	1.000000000000000	0.170859375000000	0
70000		-nan	-nan	0.36750	0.31134	0.000150000000000	1.000000000000000	0.170859375000000	0
70500		-nan	-nan	0.36763	0.31131	0.000150000000000	1.000000000000000	0.170859375000000	0
71000		-nan	-nan	0.36741	0.31130	0.000150000000000	1.000000000000000	0.170859375000000	0
71500		-nan	-nan	0.36747	0.31129	0.000150000000000	1.000000000000000	0.170859375000000	0
72000		-nan	-nan	0.36739	0.31120	0.000150000000000	1.000000000000000	0.170859375000000	0
72500		-nan	-nan	0.36709	0.31106	0.000150000000000	1.000000000000000	0.170859375000000	0
73000		-nan	-nan	0.36727	0.31100	0.000150000000000	1.000000000000000	0.170859375000000	0
73500		-nan	-nan	0.36710	0.31099	0.000150000000000	1.000000000000000	0.170859375000000	0
74000		-nan	-nan	0.36718	0.31097	0.000150000000000	1.000000000000000	0.170859375000000	0
74500		-nan	-nan	0.36723	0.31092	0.000150000000000	1.000000000000000	0.170859375000000	0
75000		-nan	-nan	0.36723	0.31094	0.000150000000000	1.000000000000000	0.170859375000000	0
75500		-nan	-nan	0.36721	0.31098	0.000150000000000	1.000000000000000	0.170859375000000	0
76000		-nan	-nan	0.36738	0.31092	0.000150000000000	1.000000000000000	0.170859375000000	0
76500		-nan	-nan	0.36721	0.31093	0.000150000000000	1.000000000000000	0.170859375000000	0
77000		-nan	-nan	0.36721	0.31097	0.000150000000000	1.000000000000000	0.170859375000000	0
77500		-nan	-nan	0.36728	0.31100	0.000150000000000	1.000000000000000	0.170859375000000	0
78000		-nan	-nan	0.36728	0.31096	0.000150000000000	1.000000000000000	0.170859375000000	0
78500		-nan	-nan	0.36740	0.31098	0.000150000000000	1.000000000000000	0.170859375000000	0
79000		-nan	-nan	0.36751	0.31100	0.000150000000000	1.000000000000000	0.170859375000000	0
79500		-nan	-nan	0.36726	0.31098	0.000150000000000	1.000000000000000	0.170859375000000	0
80000		-nan	-nan	0.36728	0.31101	0.000150000000000	1.000000000000000	0.170859375000000	0
80500		-nan	-nan	0.36735	0.31105	0.000150000000000	1.000000000000000	0.170859375000000	0
81000		-nan	-nan	0.36725	0.31111	0.000150000000000	1.000000000000000	0.170859375000000	0
81500		-nan	-nan	0.36724	0.31115	0.000150000000000	1.000000000000000	0.170859375000000	0
82000		-nan	-nan	0.36750	0.31115	0.000150000000000	1.000000000000000	0.170859375000000	0
82500		-nan	-nan	0.36738	0.31112	0.000150000000000	1.000000000000000	0.170859375000000	0
83000		-nan	-nan	0.36748	0.31107	0.000150000000000	1.000000000000000	0.170859375000000	0
83500		-nan	-nan	0.36736	0.31103	0.000150000000000	1.000000000000000	0.170859375000000	0
84000		-nan	-nan	0.36753	0.31103	0.000150000000000	1.000000000000000	0.170859375000000	0
84500		-nan	-nan	0.36743	0.31098	0.000150000000000	1.000000000000000	0.170859375000000	0
85000		-nan	-nan	0.36730	0.31094	0.000150000000000	1.000000000000000	0.170859375000000	0
85500		-nan	-nan	0.36728	0.31096	0.000150000000000	1.000000000000000	0.170859375000000	0
86000		-nan	-nan	0.36698	0.31088	0.000150000000000	1.000000000000000	0.170859375000000	0
86500		-nan	-nan	0.36673	0.31083	0.000150000000000	1.000000000000000	0.170859375000000	0
87000		-nan	-nan	0.36667	0.31078	0.000150000000000	1.000000000000000	0.170859375000000	0
87500		-nan	-nan	0.36665	0.31077	0.000150000000000	1.000000000000000	0.170859375000000	0
88000		-nan	-nan	0.36652	0.31072	0.000150000000000	1.000000000000000	0.170859375000000	0
88500		-nan	-nan	0.36653	0.31074	0.000150000000000	1.000000000000000	0.170859375000000	0
89000		-nan	-nan	0.36653	0.31071	0.000150000000000	1.000000000000000	0.170859375000000	0
89500		-nan	-nan	0.36662	0.31067	0.000150000000000	1.000000000000000	0.170859375000000	0
90000		-nan	-nan	0.36673	0.31065	0.000150000000000	1.000000000000000	0.170859375000000	0
90500		-nan	-nan	0.36705	0.31070	0.000150000000000	1.000000000000000	0.170859375000000	0
91000		-nan	-nan	0.36703	0.31070	0.000150000000000	1.000000000000000	0.170859375000000	0
91500		-nan	-nan	0.36703	0.31069	0.000150000000000	1.000000000000000	0.170859375000000	0
92000		-nan	-nan	0.36688	0.31062	0.000150000000000	1.000000000000000	0.170859375000000	0
92500		-nan	-nan	0.36697	0.31060	0.000150000000000	1.000000000000000	0.170859375000000	0
93000		-nan	-nan	0.36697	0.31064	0.000150000000000	1.000000000000000	0.170859375000000	0
93500		-nan	-nan	0.36706	0.31061	0.000150000000000	1.000000000000000	0.170859375000000	0
94000		-nan	-nan	0.36693	0.31060	0.000150000000000	1.000000000000000	0.170859375000000	0
94500		-nan	-nan	0.36716	0.31058	0.000150000000000	1.000000000000000	0.170859375000000	0
95000		-nan	-nan	0.36680	0.31057	0.000150000000000	1.000000000000000	0.170859375000000	0
95500		-nan	-nan	0.36674	0.31056	0.000150000000000	1.000000000000000	0.170859375000000	0
96000		-nan	-nan	0.36684	0.31056	0.000150000000000	1.000000000000000	0.170859375000000	0
96500		-nan	-nan	0.36681	0.31056	0.000150000000000	1.000000000000000	0.170859375000000	0
97000		-nan	-nan	0.36699	0.31059	0.000150000000000	1.000000000000000	0.170859375000000	0
97500		-nan	-nan	0.36680	0.31061	0.000150000000000	1.000000000000000	0.170859375000000	0
98000		-nan	-nan	0.36694	0.31063	0.000150000000000	1.000000000000000	0.170859375000000	0
98500		-nan	-nan	0.36701	0.31059	0.000150000000000	1.000000000000000	0.170859375000000	0
99000		-nan	-nan	0.36689	0.31052	0.000150000000000	1.000000000000000	0.170859375000000	0
99500		-nan	-nan	0.36684	0.31048	0.000150000000000	1.000000000000000	0.170859375000000	0
100000		-nan	-nan	0.36690	0.31044	0.000150000000000	1.000000000000000	0.170859375000000	0