step	post	like	prior	mu1	mu2	gamma	pi	Tinf_1	Tinf_2	Tinf_3	Tinf_4	Tinf_5	Tinf_6	Tinf_7	Tinf_8	Tinf_9	Tinf_10	Tinf_11	Tinf_12	Tinf_13	Tinf_14	Tinf_15	Tinf_16	Tinf_17	Tinf_18	Tinf_19	Tinf_20	Tinf_21	Tinf_22	Tinf_23	Tinf_24	Tinf_25	Tinf_26	Tinf_27	Tinf_28	Tinf_29	Tinf_30	Tinf_31	Tinf_32	Tinf_33	Tinf_34	Tinf_35	Tinf_36	Tinf_37	Tinf_38	Tinf_39	Tinf_40	Tinf_41	Tinf_42	Tinf_43	Tinf_44	Tinf_45	Tinf_46	Tinf_47	Tinf_48	Tinf_49	alpha_1	alpha_2	alpha_3	alpha_4	alpha_5	alpha_6	alpha_7	alpha_8	alpha_9	alpha_10	alpha_11	alpha_12	alpha_13	alpha_14	alpha_15	alpha_16	alpha_17	alpha_18	alpha_19	alpha_20	alpha_21	alpha_22	alpha_23	alpha_24	alpha_25	alpha_26	alpha_27	alpha_28	alpha_29	alpha_30	alpha_31	alpha_32	alpha_33	alpha_34	alpha_35	alpha_36	alpha_37	alpha_38	alpha_39	alpha_40	alpha_41	alpha_42	alpha_43	alpha_44	alpha_45	alpha_46	alpha_47	alpha_48	alpha_49	kappa_1	kappa_2	kappa_3	kappa_4	kappa_5	kappa_6	kappa_7	kappa_8	kappa_9	kappa_10	kappa_11	kappa_12	kappa_13	kappa_14	kappa_15	kappa_16	kappa_17	kappa_18	kappa_19	kappa_20	kappa_21	kappa_22	kappa_23	kappa_24	kappa_25	kappa_26	kappa_27	kappa_28	kappa_29	kappa_30	kappa_31	kappa_32	kappa_33	kappa_34	kappa_35	kappa_36	kappa_37	kappa_38	kappa_39	kappa_40	kappa_41	kappa_42	kappa_43	kappa_44	kappa_45	kappa_46	kappa_47	kappa_48	kappa_49
1	-1819.151448290598637	-1817.689366206079740	-1.462082084518882	0.000010000000000	0.000010000000000	1.000000000000000	0.991930332793573	-1	2	3	3	4	4	3	4	4	4	7	5	6	7	8	8	8	8	8	7	9	10	9	9	10	9	11	12	12	12	13	12	12	12	12	13	14	14	14	15	14	15	16	17	17	19	19	22	24	0	1	1	1	1	1	1	1	1	1	1	1	1	1	1	1	1	1	1	1	1	1	1	1	1	1	1	1	1	1	1	1	1	1	1	1	1	1	1	1	1	1	1	1	1	1	1	1	1	1	2	2	2	3	3	2	3	3	3	4	3	4	4	5	5	5	5	5	4	5	6	5	5	6	5	6	7	7	7	7	7	7	7	7	7	8	8	8	8	8	8	9	9	9	10	10	12	13
500	-373.480960492195379	-372.001257758397514	-1.479702733797866	0.000010037214099	0.000010520056967	1.048105267413212	0.514994619104182	-1	2	4	4	3	3	3	4	2	5	8	5	6	8	7	7	8	7	8	8	9	11	10	9	9	10	11	12	11	12	12	12	12	13	12	13	15	13	15	16	9	15	16	18	18	19	20	21	24	0	1	1	9	2	2	1	9	1	6	7	2	3	5	8	3	3	10	3	13	15	12	16	10	18	11	20	23	24	25	21	24	26	27	24	31	26	24	9	33	12	33	41	41	39	41	41	41	41	1	1	2	1	1	1	2	1	2	1	2	2	1	3	1	1	2	2	2	1	1	2	2	2	1	1	2	2	1	2	2	1	1	1	2	1	3	2	7	1	2	1	3	5	1	6	7	6	7
1000	-339.814291827618945	-338.267537706527150	-1.546754121091821	0.000010078450328	0.000012306619007	1.221082468673599	0.504505492848881	0	3	3	4	5	2	4	5	4	4	6	5	6	7	9	8	8	7	8	8	9	10	10	8	9	10	11	12	11	13	12	12	13	12	12	14	14	15	12	15	14	16	17	18	16	18	20	22	24	0	1	1	1	3	1	3	3	1	6	7	3	8	5	1	1	9	10	7	13	3	6	16	18	18	9	13	16	24	25	21	24	39	27	29	31	26	24	11	33	15	39	41	41	39	43	41	44	48	1	1	1	4	1	1	1	1	2	1	1	1	1	2	4	2	2	2	2	1	3	3	2	1	1	3	2	2	2	2	2	2	1	1	1	1	3	3	3	1	2	2	1	3	2	1	3	2	1
1500	-318.541638315952071	-317.111964684296936	-1.429673631655141	0.000010160751744	0.000009205980600	0.906033414847525	0.523003247590724	-2	2	3	4	5	4	3	3	4	5	8	5	6	7	8	8	8	7	8	8	9	11	10	9	11	10	11	12	11	13	11	13	13	13	13	13	13	14	12	15	15	15	16	18	18	20	20	21	25	0	1	2	8	3	2	2	1	2	6	7	3	9	2	2	12	8	10	7	13	9	12	16	18	24	11	15	23	24	25	8	24	39	27	29	31	11	32	19	33	31	39	41	43	42	41	44	43	47	1	2	1	1	1	2	1	2	1	1	3	1	1	3	3	1	2	1	2	1	1	2	1	2	1	1	1	1	1	1	4	2	1	1	1	1	3	1	2	1	3	2	1	1	1	3	1	4	3
2000	-309.497777252953426	-307.769799264758149	-1.727977988195279	0.000010141469347	0.000016865468520	1.663020213737400	0.647559585640609	0	3	3	4	5	2	4	3	4	4	6	5	6	7	7	8	8	7	9	8	10	10	10	9	10	10	11	12	12	12	11	12	13	13	13	13	14	14	12	15	13	15	16	17	17	19	20	21	24	0	1	1	3	9	1	8	1	3	6	7	3	8	5	12	12	15	10	7	13	9	11	16	18	18	19	13	23	24	25	21	18	39	27	29	15	26	24	19	33	31	39	41	43	42	43	44	44	48	1	2	1	1	1	1	1	1	1	1	1	1	1	1	1	2	1	2	2	1	2	2	2	2	1	1	3	1	2	1	1	3	1	1	1	3	2	2	2	1	1	2	2	1	1	2	2	2	2
2500	-317.964920754528464	-316.269209303631385	-1.695711450897104	0.000010086330264	0.000015985242071	1.584842222348392	0.775376620280213	0	2	4	4	4	3	3	4	5	5	7	6	6	7	8	8	8	8	7	8	8	10	9	9	10	9	9	11	11	12	12	13	13	13	12	12	15	14	12	14	13	15	16	18	17	18	20	22	24	0	1	2	7	2	1	2	2	8	6	7	4	3	5	9	8	19	10	9	13	9	12	16	18	18	11	20	23	18	25	22	24	39	27	29	22	26	24	8	39	36	39	41	43	39	43	44	44	48	1	1	1	1	1	1	1	1	1	1	2	1	1	1	2	2	1	2	1	1	1	2	1	1	1	2	1	1	1	2	1	3	1	2	1	1	2	2	3	1	1	1	2	1	2	1	1	2	1
3000	-322.308378174962968	-320.555541488762401	-1.752836686200546	0.000010319883028	0.000017785368109	1.723407916548193	0.580769153775641	-1	2	1	3	4	4	4	5	4	5	8	6	7	7	8	7	9	7	8	7	9	10	9	8	9	10	11	10	11	13	12	12	13	13	13	14	13	15	12	16	15	15	16	17	17	20	19	21	24	0	3	1	1	3	2	2	2	3	6	12	2	8	8	5	8	8	10	7	8	12	21	16	18	18	11	20	19	24	25	15	24	39	27	29	31	26	32	8	39	36	39	41	41	39	41	44	44	47	1	1	1	2	1	1	1	2	1	1	1	3	1	1	1	2	2	1	1	1	1	1	1	1	1	1	2	1	2	2	2	2	1	1	1	1	2	1	3	2	1	2	1	1	2	3	1	2	3
3500	-338.119930149906907	-336.467801069650875	-1.652129080256036	0.000010245236855	0.000015156219297	1.479342987546409	0.603644827845859	-1	2	3	4	3	3	4	2	5	5	7	5	6	7	8	9	8	8	9	7	10	11	10	8	10	9	10	13	10	13	12	12	12	11	13	13	14	14	11	14	14	15	16	17	17	17	20	22	24	0	1	2	2	2	2	2	1	8	6	7	3	3	5	9	12	8	10	13	2	17	15	15	10	18	7	3	16	24	25	21	24	39	27	29	20	26	32	2	39	36	39	41	43	42	41	44	44	48	1	1	1	1	1	1	1	1	1	1	1	1	2	2	2	2	3	2	1	2	1	2	1	2	1	2	3	2	2	2	1	2	1	1	2	3	2	1	4	1	1	2	2	1	1	1	2	2	1
4000	-300.304609008585260	-298.573274150078532	-1.731334858506701	0.000011279044242	0.000018849143989	1.671165001617239	0.751482114029225	-1	1	3	1	5	4	3	5	3	5	7	4	6	7	8	9	8	7	9	8	9	11	10	9	11	9	10	12	11	13	12	12	13	12	12	12	14	13	12	15	15	15	17	16	17	20	19	21	23	0	1	2	1	9	3	1	3	2	6	7	2	12	5	3	15	11	10	2	13	8	21	16	18	24	11	13	23	24	25	21	24	39	27	29	21	26	32	11	33	31	33	41	41	42	43	44	44	47	1	1	1	1	1	1	2	1	1	1	2	1	1	1	2	1	1	1	2	1	2	1	1	2	1	1	2	1	1	1	2	2	1	1	1	2	2	1	2	2	2	1	1	1	1	1	2	2	2
4500	-332.795053245344377	-330.927387195428878	-1.867666049915516	0.000011745814057	0.000023559058395	2.005740792543298	0.653797785928947	0	2	3	3	4	3	2	5	4	5	6	4	6	7	7	7	8	8	8	7	9	10	10	10	10	8	11	11	12	12	10	12	12	12	11	12	14	13	11	16	14	16	16	18	13	19	20	22	24	0	1	2	1	2	2	1	12	1	6	7	2	9	5	2	11	8	10	11	13	7	8	16	18	18	7	20	23	24	25	12	24	39	27	18	31	26	32	11	33	23	39	41	43	39	41	43	43	48	1	1	1	1	1	1	1	1	2	1	2	1	1	2	2	1	1	2	1	1	3	1	2	1	1	2	2	1	1	2	2	2	1	1	2	1	2	1	2	2	1	2	1	1	1	2	2	3	1
5000	-303.673902982393088	-302.185337578876670	-1.488565403516422	0.000014925466819	0.000015996425351	1.071753771227943	0.608828082928379	0	3	2	2	5	3	4	3	5	4	7	5	6	8	9	8	8	7	8	7	8	11	10	9	10	10	11	12	12	12	12	12	13	12	13	13	14	14	11	14	15	15	16	18	17	20	19	22	22	0	1	1	1	2	3	2	1	3	6	7	1	12	5	8	2	11	10	7	13	4	8	16	18	18	15	11	16	24	25	20	24	39	27	29	31	26	32	15	39	31	39	41	41	42	43	44	44	47	1	2	1	1	1	1	1	2	2	1	2	2	1	2	3	2	1	2	2	1	2	5	1	1	1	1	2	2	1	1	2	2	1	1	1	1	2	1	1	2	2	2	1	1	1	3	1	2	1
5500	-299.723060333285446	-298.255539245272757	-1.467521088012687	0.000018628520568	0.000018908366329	1.015022436156297	0.678170149873176	0	2	3	3	4	4	4	3	5	5	7	5	6	8	8	8	9	7	9	7	10	10	10	9	9	10	11	10	10	12	11	13	13	13	12	13	15	14	11	16	14	14	16	17	17	20	19	21	24	0	1	1	1	1	2	2	2	2	8	7	1	12	12	12	12	15	10	11	13	9	15	16	18	18	11	21	16	24	25	11	24	39	27	29	21	26	32	19	33	36	39	41	41	42	43	43	44	48	1	1	2	2	2	2	1	1	1	1	2	3	1	2	1	2	1	1	1	1	2	2	1	1	1	1	1	1	1	2	1	1	1	1	1	1	2	1	1	2	1	2	1	2	2	2	1	2	2
6000	-309.931166774596079	-308.544051910462940	-1.387114864133153	0.000035271412186	0.000015089256947	0.427804162400930	0.652647155398425	-1	2	4	3	3	4	4	4	5	5	8	6	6	8	8	9	7	7	8	8	6	9	8	8	10	9	10	12	11	12	12	11	13	11	11	12	15	14	12	16	14	15	16	16	18	20	19	22	24	0	1	2	2	1	2	1	2	8	2	7	9	3	5	8	23	6	10	21	13	3	12	12	3	18	15	20	23	24	25	9	24	39	5	24	15	11	32	26	33	36	33	41	41	42	44	44	44	48	1	2	2	1	3	2	2	1	1	2	2	1	1	2	1	1	2	1	1	1	2	2	1	1	1	1	1	2	1	1	2	1	1	2	2	2	4	1	1	2	1	1	1	1	1	1	2	3	1
6500	-262.017030687961267	-260.564804874903871	-1.452225813057382	0.000069240529856	0.000023119253618	0.333897699302855	0.756716935696779	0	2	4	3	4	4	4	4	3	5	8	5	6	6	8	8	9	8	8	8	10	10	10	9	9	9	10	12	13	11	14	11	12	12	11	12	14	14	10	15	15	14	17	18	18	19	19	22	24	0	1	2	2	1	9	1	2	2	6	3	9	8	8	2	3	3	10	8	13	17	17	16	18	18	19	19	23	32	25	17	24	39	27	18	21	11	32	15	33	36	39	41	41	40	41	44	47	48	1	1	1	1	1	1	2	2	1	1	2	1	1	1	3	1	2	2	2	1	1	1	1	1	1	1	1	1	1	1	3	2	1	1	1	1	2	1	1	1	2	2	1	2	1	2	1	2	1
7000	-288.146509534737277	-286.492383966845807	-1.654125567891452	0.000089447981507	0.000019566035351	0.218742055681779	0.593437144811379	-1	2	3	3	5	4	4	5	4	5	6	6	7	7	8	7	9	7	8	6	9	11	10	10	10	7	10	12	13	13	13	11	13	12	13	13	13	15	12	14	15	14	17	17	17	19	19	22	23	0	1	1	1	4	2	2	1	1	3	7	4	20	8	4	8	15	10	7	9	13	21	16	10	18	3	20	16	24	25	15	18	39	27	32	3	26	29	19	19	28	39	41	36	42	36	43	43	48	1	2	2	2	1	1	1	4	2	1	1	1	1	1	3	2	1	1	2	1	1	1	2	2	2	3	2	3	2	2	3	2	1	1	1	4	2	1	2	2	1	1	1	2	2	4	1	3	1
7500	-291.617976979584171	-289.970911422019128	-1.647065557565027	0.000078775724737	0.000017432487612	0.221292633867545	0.581070971297849	0	2	4	4	4	2	4	5	5	5	7	3	5	7	7	8	8	9	8	7	9	10	9	9	10	9	11	13	12	13	13	10	12	13	12	11	12	14	13	15	14	16	16	16	18	18	19	22	23	0	1	1	12	12	1	1	12	1	3	9	2	12	3	9	10	12	10	7	13	4	17	16	10	18	11	13	16	32	25	36	18	17	27	32	9	11	24	36	39	21	39	41	41	42	41	44	44	46	1	1	2	1	1	1	2	1	2	1	1	1	1	2	1	1	2	2	2	1	2	1	1	2	1	2	3	2	1	2	1	1	3	2	1	4	2	3	1	1	3	2	2	1	1	2	2	2	3
8000	-307.412571099356796	-305.854457048967902	-1.558114050388901	0.000119381402644	0.000031020379146	0.259842642647405	0.591608322646942	-1	2	2	1	5	4	2	3	4	5	6	4	6	8	9	6	8	8	9	7	9	10	9	8	9	10	11	13	11	13	14	11	13	12	12	13	15	12	15	16	14	15	17	17	17	19	19	22	23	0	1	1	1	3	3	1	2	1	3	7	8	9	5	12	12	12	11	11	13	20	5	16	11	18	19	17	16	21	25	19	24	11	11	29	15	19	24	12	33	15	33	41	41	42	43	44	44	43	1	2	2	1	1	1	1	1	3	2	2	1	1	2	3	1	2	1	1	1	2	2	2	1	1	1	1	3	1	2	2	2	3	3	1	2	3	2	4	1	2	1	2	1	2	2	1	2	2
8500	-288.297183620524436	-286.301512746338403	-1.995670874186039	0.000102357281815	0.000014260162668	0.139317520116954	0.596942129528233	0	2	3	1	3	2	4	4	4	5	6	5	5	7	7	8	8	9	7	7	7	11	10	9	10	9	10	12	12	12	12	12	12	12	12	13	14	15	13	15	14	16	16	18	17	19	18	22	23	0	1	2	1	1	1	1	2	1	3	7	3	9	9	8	20	3	15	11	13	8	17	16	10	10	19	9	23	24	25	15	24	15	14	25	31	26	29	33	33	15	39	41	43	40	43	41	44	48	1	1	1	1	1	1	2	1	2	1	1	1	1	2	2	1	3	1	1	1	1	1	1	2	3	1	3	1	2	1	2	2	2	4	2	1	2	2	1	2	2	2	1	2	1	2	3	2	1
9000	-278.900389690222937	-277.353228940079248	-1.547160750143671	0.000087499220172	0.000023244279495	0.265651276088239	0.773004863233312	0	2	4	3	5	3	4	4	5	5	8	6	6	7	9	9	7	8	7	7	8	11	10	10	9	10	11	13	11	12	13	12	12	12	12	12	14	14	13	16	13	15	16	17	15	20	19	23	22	0	1	1	2	7	2	2	2	4	6	12	3	9	8	17	11	9	20	7	13	8	12	16	10	18	11	20	23	18	25	8	18	26	11	29	21	22	32	33	33	36	39	41	41	39	43	44	43	47	1	1	1	1	1	1	1	2	1	1	1	1	1	2	1	1	1	1	2	1	1	3	1	2	1	2	2	1	1	1	4	2	1	2	1	2	1	1	1	1	1	1	1	2	1	2	1	2	2
9500	-273.886927247272070	-272.052945658202873	-1.833981589069173	0.000104109943357	0.000017583724353	0.168895724907449	0.548509946964351	0	2	2	4	5	4	4	5	4	5	7	4	6	7	8	9	7	7	8	7	9	10	9	9	11	7	11	13	11	13	12	13	12	13	13	13	13	14	13	14	14	16	16	18	16	20	19	22	24	0	1	1	2	12	1	3	6	3	9	7	3	4	5	13	17	9	10	7	8	12	15	13	10	24	9	20	16	24	25	2	24	11	27	29	27	26	29	33	33	31	39	41	36	33	31	44	43	48	1	1	1	1	1	2	1	1	1	1	2	1	1	1	1	1	2	1	2	1	2	1	2	2	1	1	2	1	1	2	5	2	2	1	1	1	2	2	1	1	1	2	2	3	2	6	1	4	1
10000	-242.465129971715214	-240.858607834690758	-1.606522137024458	0.000092345585780	0.000021907006924	0.237228523041979	0.719592985854200	-1	1	2	3	5	3	4	4	3	4	7	5	6	6	8	9	8	6	8	8	9	10	7	9	10	10	10	13	12	11	12	10	12	12	13	13	14	14	14	15	15	15	17	17	18	19	19	22	24	0	1	2	2	9	2	3	3	3	6	7	9	3	5	12	23	13	10	18	12	12	13	13	18	8	11	13	23	32	25	22	24	21	27	29	31	26	32	33	33	36	39	41	41	39	43	44	47	48	1	1	1	1	1	1	1	1	1	1	1	1	2	1	1	1	1	1	1	1	2	1	1	1	2	1	2	2	1	1	1	1	1	1	1	1	2	2	1	1	1	1	2	1	2	1	1	2	1
10500	-290.392407323334680	-288.714655066651517	-1.677752256683150	0.000089468447667	0.000018844288845	0.210624967081345	0.648144179333843	-1	3	2	4	3	4	4	3	5	5	6	5	6	7	7	8	8	9	9	7	8	9	10	9	11	9	10	12	11	13	13	12	11	12	13	14	14	15	14	16	14	16	17	16	18	19	19	22	25	0	1	1	2	1	3	8	3	3	5	7	8	8	9	6	15	15	10	7	13	15	12	16	11	24	11	3	23	9	25	15	19	19	27	29	12	22	24	33	39	31	39	41	36	39	43	36	47	47	1	2	1	1	2	1	1	1	2	1	2	1	1	1	1	1	1	2	2	1	1	1	2	1	1	1	5	1	3	1	5	2	1	1	1	3	2	3	1	1	1	1	2	1	3	1	3	2	4
11000	-279.107562279317051	-277.276890224844294	-1.830672054472732	0.000095993483317	0.000016282105509	0.169616779667187	0.665820156261820	0	2	2	4	5	5	4	3	5	5	8	5	7	7	7	9	8	8	6	8	8	10	8	9	10	9	12	12	12	12	12	12	13	12	11	14	14	14	13	15	14	15	15	17	17	19	19	22	24	0	1	1	1	3	8	1	3	2	8	19	8	10	5	2	23	8	10	8	13	2	21	15	10	18	11	13	16	18	25	13	24	26	13	24	22	26	32	9	39	31	39	41	43	42	43	44	44	44	1	1	1	2	1	1	2	1	2	1	1	1	1	1	2	1	3	1	1	1	2	1	1	2	1	1	3	1	2	1	3	1	3	2	1	3	3	1	3	1	1	1	1	2	1	2	2	2	4
11500	-274.825118255719588	-273.290228123748818	-1.534890131970795	0.000119247297540	0.000032498125732	0.272527146545766	0.712038091501400	0	2	4	3	4	5	3	4	5	4	7	5	6	8	7	6	8	8	9	8	9	10	7	9	10	8	11	12	11	12	12	12	13	12	13	13	14	15	14	16	15	15	17	17	17	20	20	22	24	0	1	4	2	2	1	1	2	1	7	6	4	2	8	13	12	2	10	13	16	2	12	16	6	18	11	5	16	24	24	15	24	22	27	29	21	11	32	33	37	36	39	41	36	42	36	43	43	48	1	1	1	1	1	3	2	1	2	1	1	1	2	2	1	1	2	2	2	1	3	3	1	1	1	1	2	3	1	2	2	2	2	1	1	3	3	2	1	1	1	1	1	2	1	3	2	2	1
12000	-282.630938059167704	-279.759418602928974	-2.871519456238734	0.000139686487050	0.000009062434272	0.064876957415660	0.587895444302952	-1	2	3	4	5	3	4	4	5	5	7	6	7	7	8	8	8	8	9	8	9	9	10	9	10	9	11	12	12	13	13	12	12	11	12	13	13	14	14	14	15	15	16	17	18	18	19	23	24	0	1	1	2	3	1	6	3	3	4	7	3	9	5	12	9	4	10	7	13	14	13	16	10	18	6	13	16	24	25	27	6	19	6	24	21	26	35	33	33	34	39	31	43	33	36	44	47	47	1	2	1	2	1	2	1	1	1	1	1	1	1	2	1	2	2	2	2	1	1	1	1	2	1	2	1	3	1	2	1	3	2	5	2	2	2	1	1	1	2	1	1	1	2	3	1	2	3
12500	-309.139993572709159	-307.298626995314635	-1.841366577394515	0.000101077144783	0.000016910884371	0.167306708226263	0.523959504754821	-1	2	3	3	4	4	4	5	5	4	5	2	6	7	7	7	8	7	7	8	10	9	9	10	10	9	10	10	13	13	12	11	11	12	13	14	15	13	13	15	14	15	17	17	18	19	19	20	24	0	1	1	2	12	12	12	1	3	2	3	1	2	2	9	10	19	10	7	13	15	13	16	18	18	13	20	4	32	25	20	10	26	27	32	21	26	24	33	39	32	39	31	36	37	44	37	31	47	1	1	2	1	1	1	1	2	1	1	1	2	2	2	1	2	1	2	2	1	2	1	2	1	1	1	1	3	1	2	2	4	1	1	1	3	3	2	1	1	2	1	1	2	1	2	2	5	2
13000	-259.025294493088438	-257.231785876524441	-1.793508616563978	0.000090158986404	0.000016059012024	0.178118817258097	0.681844708163551	0	2	3	3	5	4	4	4	4	5	7	1	5	7	7	7	8	7	8	7	10	8	8	9	9	9	12	11	10	12	14	12	12	13	12	13	14	15	14	14	14	16	16	18	16	19	19	22	24	0	1	12	12	12	2	2	12	1	8	7	1	8	5	9	5	3	10	11	13	26	20	16	18	18	7	15	16	26	25	21	24	19	27	29	26	11	32	33	33	36	39	41	43	37	41	44	44	47	1	1	1	1	2	1	1	1	1	1	1	1	1	1	2	1	3	1	1	1	1	1	1	1	1	3	2	2	1	2	2	2	3	1	1	2	3	2	1	1	1	1	1	1	1	3	1	2	2
13500	-273.190279354386803	-271.457996201263597	-1.732283153123199	0.000083984938500	0.000016293077801	0.193999996814752	0.643698474818190	-1	2	3	4	2	4	4	4	4	5	7	5	7	8	8	8	8	7	8	6	6	6	9	9	10	9	11	13	13	12	11	12	12	13	11	13	12	12	14	15	14	16	16	17	17	17	20	23	25	0	1	2	2	1	2	2	3	2	6	5	1	20	11	21	22	12	10	5	12	8	8	16	18	18	19	13	23	32	25	4	24	26	27	24	20	26	24	33	39	36	39	41	41	33	36	44	47	48	1	1	1	1	2	1	1	1	2	1	3	2	1	1	1	1	1	1	3	1	1	2	1	1	2	1	3	2	1	1	3	1	1	1	1	3	2	2	1	1	1	2	1	2	2	2	1	2	1
14000	-274.875715245777030	-273.243698377101680	-1.632016868675338	0.000096549709759	0.000021910943090	0.226939502401662	0.728737593683679	0	2	2	3	3	4	4	4	5	5	6	5	6	7	7	8	9	8	7	8	9	11	10	9	10	10	9	12	11	12	12	12	11	13	12	12	14	14	14	15	14	15	16	17	17	18	20	22	24	0	1	1	1	3	2	1	1	3	8	7	2	8	8	6	13	19	10	9	13	12	21	16	18	18	20	19	23	18	25	1	24	26	27	29	26	22	35	33	33	36	39	41	41	42	31	41	44	47	1	1	1	1	1	1	2	3	1	1	1	2	1	1	1	1	1	2	1	1	2	2	1	1	1	1	1	1	1	1	6	2	1	2	1	2	2	2	1	2	1	1	1	2	2	2	3	3	1
14500	-278.010385640911295	-276.113028259887244	-1.897357381024024	0.000128467157123	0.000020051848482	0.156085406816386	0.719685555264069	0	2	3	3	4	4	3	4	4	3	6	6	5	8	9	7	8	8	8	7	9	10	9	10	9	9	11	12	11	12	10	12	12	12	12	12	14	14	14	15	14	16	17	17	14	20	19	22	24	0	1	1	1	2	3	2	2	1	1	7	8	8	20	2	9	12	11	11	8	3	12	16	9	18	9	13	23	24	25	12	27	15	27	29	31	31	24	33	27	36	39	37	41	33	43	44	47	47	1	1	2	2	1	1	1	1	2	2	1	1	1	1	2	1	1	1	1	2	3	2	1	2	1	2	3	2	1	2	2	1	1	1	1	1	2	2	1	2	1	1	1	2	1	2	2	2	2
15000	-272.087105820099282	-270.586537452283267	-1.500568367816012	0.000093381080141	0.000027477684284	0.294253228198518	0.659146913678749	0	2	2	4	4	4	3	5	4	5	7	5	5	7	6	8	7	9	8	7	9	8	10	8	10	9	10	13	11	11	12	12	12	12	12	12	13	13	14	16	15	16	17	16	17	18	19	22	25	0	1	1	3	3	2	2	9	1	6	7	9	9	5	8	12	12	10	7	13	22	12	16	10	24	11	13	23	24	25	19	29	19	27	29	19	9	31	33	33	31	39	41	31	33	44	43	43	47	1	1	1	1	1	1	1	1	1	1	2	1	1	1	1	2	1	2	2	1	1	2	2	2	1	1	2	2	1	1	2	1	2	1	1	2	4	1	1	2	1	1	2	3	2	1	2	2	3
15500	-278.635717763058437	-276.447413668326533	-2.188304094731892	0.000104684412241	0.000011945950873	0.114113941294075	0.540852715975580	0	2	3	4	3	3	4	4	4	5	8	5	7	7	9	8	9	6	7	5	9	10	10	9	10	9	11	12	13	12	14	10	11	13	12	11	13	14	13	15	14	15	16	16	17	19	19	21	24	0	1	1	1	2	1	2	2	2	6	7	8	20	5	8	9	1	3	7	6	13	9	16	18	18	7	8	23	24	10	22	18	26	27	24	22	26	32	33	26	36	33	41	41	33	43	44	44	44	1	1	2	2	1	2	1	1	1	1	2	1	1	2	2	2	5	1	1	1	1	3	1	2	2	3	4	1	2	3	1	2	1	1	1	1	2	2	1	3	1	3	1	1	4	1	2	3	4
16000	-273.325148138574093	-271.402041151152616	-1.923106987421450	0.000129435419921	0.000019592016468	0.151365186434998	0.623101043135506	0	2	2	3	4	4	3	4	5	5	7	5	6	8	8	8	9	7	7	7	9	10	10	7	10	9	11	13	13	12	13	11	12	13	13	13	15	15	14	14	15	16	16	15	17	17	20	22	24	0	1	1	2	2	2	1	4	3	6	7	4	9	5	4	20	8	10	13	13	20	8	16	10	24	7	17	23	32	25	20	24	26	27	11	21	22	31	33	33	36	39	36	36	39	43	41	43	41	1	1	1	1	1	1	1	1	1	1	2	1	1	2	2	1	2	1	1	1	1	3	1	1	2	3	1	2	1	2	3	2	2	1	5	2	3	1	1	1	1	1	2	1	1	1	3	3	3
16500	-268.601663773797952	-266.837863103184418	-1.763800670613542	0.000094535483451	0.000017536776766	0.185504702849684	0.647688703045553	0	2	2	4	4	5	3	5	4	5	7	6	6	8	8	9	9	8	8	7	9	10	10	9	9	9	11	13	12	12	14	12	11	12	13	13	13	14	14	15	14	16	17	18	18	20	19	21	23	0	1	1	2	2	3	2	9	3	2	7	8	9	2	8	9	4	10	7	6	20	21	16	10	10	2	11	23	18	25	36	24	11	27	29	15	26	24	33	39	36	39	41	41	42	44	43	44	48	1	1	1	1	1	2	1	1	1	2	2	1	1	3	1	2	2	2	2	1	1	1	1	2	2	2	2	2	2	2	1	2	2	1	1	2	2	2	1	1	1	1	2	3	1	2	1	3	2
17000	-305.700113589296677	-304.005491601571237	-1.694621987725442	0.000090803908760	0.000018632043527	0.205189884237703	0.519433640034971	0	2	1	3	5	5	3	3	4	5	5	6	7	7	8	7	8	8	8	7	7	10	9	9	10	6	10	13	11	12	13	13	10	11	12	13	13	13	14	15	14	15	16	18	17	19	19	23	25	0	3	1	3	9	8	2	3	3	2	7	2	9	5	2	9	20	10	9	3	2	9	13	19	18	10	13	21	10	25	22	24	16	27	18	16	19	24	33	39	36	37	41	41	39	44	41	43	47	1	1	1	1	1	1	1	1	1	2	1	2	2	2	3	2	1	2	2	2	2	3	2	1	1	1	1	4	3	2	2	2	2	1	2	2	2	2	2	1	1	2	1	2	2	1	2	3	4
17500	-309.095299904206342	-307.396185634202368	-1.699114270003964	0.000100443026074	0.000020469203700	0.203789197718747	0.662080494278624	-1	3	2	3	4	4	4	3	5	5	6	6	6	7	8	8	9	8	8	4	9	10	9	9	10	10	9	10	11	12	10	12	12	11	13	13	13	14	15	13	13	13	16	17	15	19	18	22	25	0	3	1	1	3	8	8	3	8	6	7	5	1	13	8	14	12	6	11	3	5	15	16	13	18	21	12	16	24	25	8	18	11	13	24	15	26	29	42	33	31	33	41	16	42	31	43	47	43	1	1	1	2	1	1	1	1	1	1	1	1	4	1	2	1	1	2	1	1	3	1	1	2	1	1	1	1	1	2	3	2	4	2	2	2	1	1	2	1	1	1	2	5	1	5	2	2	3
18000	-263.688422094462169	-262.095675222712998	-1.592746871749185	0.000067717515068	0.000016469858113	0.243214153623514	0.585849419590886	-1	1	3	2	4	5	4	3	5	3	7	5	6	7	7	8	9	7	7	8	9	10	10	8	10	9	11	12	12	11	11	12	12	13	11	13	14	13	15	14	14	14	16	15	18	19	19	22	24	0	1	4	1	4	8	4	2	3	2	7	3	9	5	6	14	12	10	7	13	1	12	16	18	18	19	21	23	35	25	15	24	21	21	18	15	19	24	42	33	36	33	41	36	42	31	44	44	48	1	1	1	1	1	1	1	1	1	1	1	1	1	2	1	1	1	2	1	1	5	2	1	1	2	1	1	1	1	1	2	2	2	3	2	3	4	3	1	1	1	1	2	1	2	3	2	3	1
18500	-286.518446998545983	-284.707876139598284	-1.810570858947715	0.000091638895073	0.000015956175334	0.174120119204761	0.514002035798582	-1	1	2	3	3	4	4	2	4	5	8	4	5	6	8	7	8	9	8	7	10	11	8	9	10	9	11	13	13	12	13	12	13	12	11	12	13	13	15	15	15	14	17	17	17	19	19	21	25	0	1	2	2	3	3	3	2	8	6	7	8	8	8	2	14	12	10	7	3	15	15	16	10	24	11	20	27	32	25	21	10	26	11	24	21	26	18	42	42	31	33	41	31	33	43	43	43	43	1	1	1	1	1	1	1	1	1	1	2	1	1	2	2	1	2	2	2	3	1	1	1	2	1	1	3	1	1	1	2	5	3	2	1	2	2	2	1	1	2	1	2	2	2	1	1	2	4
19000	-302.013375431501458	-299.824436324597571	-2.188939106903895	0.000130295667234	0.000014859382491	0.114043565733761	0.683221547443682	0	2	4	3	5	3	2	4	5	4	7	6	6	8	8	8	8	7	9	7	8	9	9	9	9	8	11	12	11	10	13	12	12	12	13	14	14	15	14	16	14	15	16	18	17	19	18	22	22	0	1	2	1	2	1	1	6	3	6	7	3	8	20	6	9	12	10	15	13	12	6	16	10	18	11	11	23	24	18	19	6	9	22	29	22	33	32	15	37	15	37	41	43	37	36	31	44	44	1	1	1	1	2	1	1	1	1	1	2	1	1	1	2	1	1	1	1	1	1	2	1	3	1	1	2	2	1	1	2	3	2	2	1	2	2	2	3	2	1	1	2	1	1	2	2	2	2
19500	-283.868209412646877	-282.034805575818439	-1.833403836828422	0.000084562898405	0.000014292922381	0.169021197832481	0.641782332661621	0	2	3	4	4	3	4	5	3	4	7	5	5	7	6	8	9	7	8	7	9	10	10	9	9	9	11	10	13	13	13	11	13	12	11	13	13	15	13	15	13	15	15	17	16	17	19	23	24	0	1	1	3	2	1	2	3	1	6	7	2	2	12	5	4	5	10	3	13	12	14	16	11	18	19	21	16	32	25	19	24	19	27	24	21	26	24	19	33	19	33	41	43	33	41	43	44	48	1	1	1	1	1	1	1	1	1	1	2	1	1	1	1	2	2	1	3	1	1	1	2	1	1	1	1	1	1	2	2	1	3	1	1	2	2	2	2	1	3	2	2	1	2	2	2	3	1
20000	-281.945018576372036	-280.282462798164033	-1.662555778207997	0.000120582639179	0.000026018605259	0.215774056995697	0.635210947967138	0	2	4	4	3	4	3	4	4	5	7	5	6	8	7	8	8	8	6	7	9	10	9	9	10	9	11	11	12	12	12	11	12	12	12	12	14	13	14	16	14	16	17	18	17	18	19	23	23	0	1	2	2	2	2	2	2	1	6	7	8	2	9	8	5	19	10	7	3	15	17	16	9	18	11	2	23	32	25	26	20	27	20	32	22	36	25	33	37	36	39	41	41	33	41	46	43	47	1	1	1	1	1	1	1	1	3	1	2	1	2	2	1	3	1	2	1	2	1	1	1	2	1	1	6	2	1	2	2	2	1	2	1	1	1	2	2	1	1	1	2	2	2	2	1	2	1
20500	-297.929332311697465	-296.190423602647627	-1.738908709049843	0.000084740853130	0.000016283208186	0.192152988601419	0.554688357639213	0	1	3	2	5	4	4	3	4	5	6	6	6	7	5	7	9	8	8	8	7	9	9	9	10	8	12	11	13	12	12	12	12	10	13	10	14	14	14	16	14	15	17	17	17	20	20	21	24	0	1	1	1	9	8	2	1	1	8	7	1	9	12	3	3	19	12	21	4	15	15	16	18	18	7	20	16	24	10	15	24	26	13	30	19	19	32	33	39	36	39	41	12	39	44	43	41	43	1	1	1	1	1	1	1	1	2	1	1	3	1	1	1	2	1	1	1	3	1	2	1	1	2	2	3	2	2	3	3	2	3	2	1	1	3	1	1	1	2	1	2	4	2	2	1	3	4
21000	-283.776666263715811	-281.854736830786806	-1.921929432929002	0.000102723023467	0.000015570298099	0.151575543373793	0.523934608167256	-1	1	4	3	5	2	4	5	4	4	7	5	6	7	8	9	9	7	7	7	10	11	9	9	10	9	11	13	13	11	13	12	12	12	13	13	14	12	13	15	15	13	16	17	17	20	19	22	25	0	1	2	6	2	1	6	4	6	6	7	1	9	12	5	3	12	10	7	13	8	3	5	18	18	19	2	23	38	25	27	24	27	27	24	21	21	24	5	33	36	33	41	41	22	41	44	47	48	1	1	1	1	2	2	1	1	1	1	2	2	1	1	1	3	2	1	2	1	3	3	3	1	2	1	6	2	1	1	1	2	1	1	2	1	2	2	4	1	1	1	1	1	3	3	1	2	1
21500	-320.957345770903714	-319.368170672388942	-1.589175098514790	0.000131150897432	0.000032108368177	0.244820041692780	0.581747773602717	0	1	2	4	4	5	4	5	4	4	8	5	6	7	8	9	7	8	9	7	9	10	9	10	10	9	10	12	13	12	13	13	12	12	12	12	14	14	14	13	13	15	16	18	18	19	19	23	21	0	1	1	1	3	5	1	3	1	3	10	2	8	5	17	15	8	3	4	13	13	8	5	23	18	7	8	22	18	25	8	24	7	27	18	15	23	18	26	19	26	39	41	31	42	43	41	36	46	1	1	1	1	2	1	1	1	3	1	1	2	1	1	1	1	1	3	3	1	1	2	4	1	1	2	2	1	2	1	4	1	4	1	2	2	2	3	3	2	2	1	2	3	2	2	3	7	1
22000	-279.064102000836726	-275.884900779695158	-3.179201221141561	0.000125628114459	0.000006599849277	0.052534811221908	0.663839345657767	0	2	4	3	5	3	4	4	4	5	7	6	6	7	9	6	6	8	9	7	9	10	9	9	10	9	11	12	12	12	13	13	12	13	13	12	14	14	14	16	15	16	17	17	17	19	20	21	23	0	1	2	1	2	1	2	2	2	6	7	2	8	3	20	5	3	5	7	13	10	19	16	10	10	5	19	23	15	24	17	29	19	27	24	15	22	29	33	26	31	39	41	41	39	31	44	43	48	1	1	1	2	2	1	1	1	1	1	1	1	1	1	1	1	1	1	2	1	3	1	2	2	2	2	1	1	2	2	2	1	2	1	2	1	2	1	1	2	1	1	1	1	1	3	2	2	1
22500	-278.432502967605615	-276.713874311283007	-1.718628656322598	0.000112126856942	0.000022191773302	0.197916662490243	0.735236728466190	-1	1	3	4	5	5	3	3	4	5	6	5	6	8	7	7	8	7	8	8	9	10	9	10	11	9	9	12	13	13	14	13	9	12	13	12	13	14	14	15	14	15	16	18	18	18	18	22	25	0	1	2	3	9	8	2	2	8	3	7	8	8	13	12	12	9	10	7	13	12	27	16	18	21	11	13	23	24	25	36	24	19	21	24	11	28	32	33	37	21	37	41	43	39	41	41	47	44	1	1	2	1	1	1	1	1	1	1	2	1	2	1	1	1	2	1	2	1	3	1	1	1	1	1	2	2	2	1	1	1	1	1	2	2	1	1	3	1	2	1	1	1	2	1	1	2	4
23000	-281.051780371967993	-279.559432886533273	-1.492347485434703	0.000088259697308	0.000026488269285	0.300117381915396	0.520445204774424	0	2	1	3	5	2	4	5	5	4	7	3	6	6	8	8	7	8	8	7	7	10	10	9	10	10	10	13	11	13	12	12	12	12	13	13	14	15	14	15	15	13	16	17	17	20	19	23	24	0	3	1	3	1	1	12	2	6	6	7	2	8	5	13	10	12	10	7	13	8	19	16	10	18	15	2	16	24	25	15	24	11	27	29	26	26	24	42	42	36	33	36	41	42	41	41	47	47	1	1	1	1	2	1	1	2	1	2	1	1	1	1	1	1	2	2	2	1	1	1	1	3	1	2	5	2	1	2	2	2	3	1	1	2	2	3	1	1	1	1	1	2	2	3	2	2	3
23500	-295.919514382525563	-294.170838424594024	-1.748675957931516	0.000115809633571	0.000021944873092	0.189490912072026	0.549046122929970	0	3	4	2	4	4	4	3	5	4	8	6	5	7	8	8	8	8	8	6	9	9	9	9	10	8	9	12	11	13	13	13	12	11	12	14	13	15	15	15	14	14	16	18	16	17	18	22	23	0	4	8	1	2	4	2	1	8	2	7	6	1	5	3	14	12	10	13	13	12	12	16	2	18	7	2	23	24	25	15	24	26	27	29	22	26	32	42	26	15	33	37	41	39	43	26	43	44	1	1	1	1	1	1	1	1	1	1	2	1	2	2	2	1	2	2	1	1	1	2	1	2	1	2	2	2	1	2	2	2	2	1	1	3	2	1	1	3	4	1	2	3	1	1	6	2	2
24000	-281.409207915449144	-279.964759092608062	-1.444448822841073	0.000071685845839	0.000024498599348	0.341749463385018	0.739528794788353	-1	2	3	3	3	3	4	4	4	5	7	6	7	7	7	6	7	7	8	8	9	11	9	9	10	10	10	12	12	12	14	13	12	13	13	13	12	15	14	16	14	16	16	16	17	20	20	21	24	0	1	1	1	1	1	2	1	2	6	5	9	9	5	12	8	12	10	7	13	15	26	16	18	18	19	20	23	24	18	21	24	7	27	29	22	19	18	33	33	36	39	41	41	39	44	44	44	43	1	1	2	1	2	2	1	2	1	1	2	1	2	1	1	1	1	2	2	1	1	1	1	1	2	1	2	2	1	3	1	2	3	1	1	1	2	3	1	2	1	2	2	1	1	2	2	2	4
24500	-312.103216734229136	-309.389826642461344	-2.713390091767782	0.000109435786114	0.000007979959508	0.072919104359217	0.575193639491410	-1	1	4	1	5	5	3	4	5	5	7	3	7	7	8	9	7	9	6	8	9	9	9	7	10	8	12	11	10	12	13	13	12	12	13	14	14	12	14	16	14	16	16	17	18	18	20	22	23	0	1	1	1	8	12	4	1	2	1	19	2	12	9	9	9	9	24	7	13	13	15	15	10	8	19	20	16	24	18	15	38	19	3	29	31	11	24	33	37	11	33	36	41	42	41	36	43	44	1	1	3	1	1	1	1	3	2	2	1	1	2	1	1	2	1	1	1	1	1	1	1	1	2	1	1	2	2	1	3	1	3	5	2	1	3	3	1	1	2	2	1	1	1	3	4	2	3
25000	-268.361402031659964	-266.765480470402053	-1.595921561257924	0.000090347307836	0.000021846511804	0.241805896904233	0.637695273832681	0	2	2	4	5	4	4	3	5	4	6	5	7	7	9	6	8	8	7	6	9	10	9	10	11	8	11	13	12	13	12	12	11	12	13	14	14	14	15	16	13	16	16	17	17	19	19	21	22	0	1	1	2	8	2	3	3	3	2	7	8	9	5	9	2	11	10	11	6	5	26	16	18	18	7	21	23	24	25	15	24	5	27	32	15	21	32	33	39	8	33	36	36	42	44	43	44	44	1	1	1	1	1	1	1	1	1	1	1	1	1	1	1	2	1	2	1	1	2	1	2	1	2	2	1	2	1	1	1	1	3	1	1	3	2	1	2	1	5	2	1	2	1	1	1	2	2
25500	-285.126633463839482	-282.792539071766782	-2.334094392072711	0.000150429521252	0.000014984567672	0.099611881680176	0.797771942773718	0	1	3	2	3	4	4	2	4	4	7	5	7	7	8	8	7	8	8	6	9	10	9	9	10	10	11	12	11	12	14	12	12	12	13	13	15	13	15	15	15	14	17	18	18	19	20	22	24	0	1	2	2	1	8	5	2	8	2	7	5	3	5	12	20	12	10	7	5	15	21	17	17	10	19	5	23	24	18	27	29	19	11	24	20	36	24	42	42	27	33	31	41	42	41	44	44	47	1	1	1	1	1	1	1	1	1	1	2	1	1	2	2	1	2	2	2	1	1	1	1	2	2	1	4	2	1	1	1	1	2	1	2	3	1	3	1	1	2	1	2	1	2	2	1	2	2
26000	-328.619732040269923	-327.129980433995911	-1.489751606274003	0.000124094308771	0.000037480419832	0.302031738631281	0.621630005190229	-1	2	4	4	5	4	4	3	2	4	8	6	6	6	9	9	9	7	8	7	8	10	7	9	9	10	12	12	12	12	13	11	12	11	13	13	13	13	15	16	15	13	17	15	18	20	20	23	22	0	1	9	9	2	8	2	2	1	9	7	4	3	5	3	1	20	10	7	3	3	21	9	11	18	11	16	16	24	16	21	6	15	23	29	32	26	18	42	33	31	33	36	22	39	41	44	43	47	1	2	1	1	1	1	1	1	2	1	2	1	1	1	2	5	1	1	2	2	2	1	2	1	1	1	2	1	2	2	4	2	2	2	1	1	1	3	1	3	1	1	2	4	1	2	2	3	1
26500	-315.118859717722671	-313.417190904377435	-1.701668813345217	0.000120702615000	0.000024502761187	0.203001079859490	0.572353525347589	0	2	4	3	5	2	4	4	5	4	7	6	6	8	8	6	8	8	7	7	9	10	9	9	10	9	11	13	13	13	13	10	12	13	12	13	13	14	14	15	14	14	17	15	18	19	20	22	24	0	1	2	1	1	1	6	1	8	6	7	1	2	13	11	2	13	19	7	7	12	8	16	10	18	11	15	6	24	25	12	12	22	27	24	21	19	22	37	39	23	33	3	22	39	28	46	43	46	1	2	1	1	3	1	1	2	1	1	1	2	2	1	1	2	1	1	2	1	1	2	2	2	1	1	1	5	2	2	3	2	1	1	1	2	3	2	1	1	2	1	6	2	2	3	1	2	2
27000	-297.758336491235241	-295.903179234955644	-1.855157256279617	0.000144910580581	0.000023824885513	0.164410945128614	0.527448982916524	-1	1	3	3	5	4	3	5	4	5	8	5	6	8	8	8	7	8	7	7	10	11	10	9	10	9	10	12	11	12	13	12	11	12	13	13	14	14	15	15	15	14	16	18	17	19	19	22	24	0	1	2	2	4	1	2	4	2	6	4	2	9	6	20	2	8	7	13	13	15	14	18	10	11	11	12	23	24	25	20	24	18	27	24	22	19	29	33	37	37	11	18	36	39	41	41	44	43	1	1	1	1	1	2	1	1	2	1	3	1	1	2	1	4	1	3	1	1	1	1	1	2	1	1	3	2	2	2	4	2	2	1	2	1	4	2	2	1	1	3	2	2	1	3	2	2	4
27500	-301.580867790056118	-299.838301520087271	-1.742566269968866	0.000089684650454	0.000017143021294	0.191147773979497	0.520454427596784	0	2	3	4	4	4	4	2	4	5	8	5	6	6	7	8	8	7	8	6	10	11	10	9	11	9	11	12	11	13	14	12	12	13	12	14	14	15	15	16	15	14	16	17	17	19	20	23	23	0	1	1	1	1	8	3	1	2	7	6	9	1	9	9	4	20	10	7	3	15	12	16	18	18	20	13	16	24	20	8	24	26	20	24	21	11	24	42	42	7	33	36	43	31	31	44	47	47	1	1	2	2	2	1	1	1	1	1	2	1	4	1	1	2	1	1	2	3	1	2	1	1	3	1	2	3	1	2	6	2	2	3	2	2	3	2	1	1	7	1	1	1	1	3	2	2	2
28000	-342.385825193522862	-340.536281302856878	-1.849543890665965	0.000141475882034	0.000023425380032	0.165578610961618	0.468369494201782	-1	2	3	3	4	4	2	4	2	4	8	5	5	8	9	8	8	8	9	7	9	10	10	8	11	9	12	13	9	13	14	13	12	12	12	13	14	13	15	13	14	15	16	17	18	19	19	22	23	0	1	1	2	2	9	1	2	1	9	2	2	6	5	4	9	8	3	17	13	2	24	20	6	15	12	15	23	11	26	20	24	8	21	29	27	2	24	37	26	28	3	41	43	37	42	18	41	43	1	2	2	1	1	1	1	1	2	1	3	1	1	2	4	2	2	2	1	1	4	1	1	2	1	3	2	2	1	2	3	2	4	2	2	1	6	3	1	1	1	5	1	1	2	2	4	4	3
28500	-319.956931045266856	-317.641049870446295	-2.315881174820558	0.000149667266353	0.000015155080703	0.101258485390141	0.518585706867027	0	2	4	3	5	5	3	5	4	4	8	6	6	7	7	6	9	9	8	7	9	10	9	9	10	9	12	12	11	12	13	11	13	11	13	13	14	14	14	15	15	14	14	17	16	19	19	22	24	0	1	2	1	4	2	1	2	2	2	14	5	5	2	9	6	8	10	7	13	14	12	16	10	18	7	22	16	24	24	21	26	11	11	29	24	8	30	19	33	22	8	19	41	39	28	44	46	44	1	1	1	1	1	2	2	2	1	1	1	1	1	3	2	1	2	2	3	1	1	2	2	2	1	3	1	4	1	2	2	2	4	2	1	2	6	2	2	1	2	5	3	2	1	4	1	2	3
29000	-262.207819434905957	-260.316484974152388	-1.891334460753594	0.000091248526746	0.000014346747841	0.157227172350366	0.741073811894494	0	2	2	1	3	3	4	5	4	4	6	5	5	7	8	7	8	7	8	7	10	11	9	9	10	8	11	12	11	13	12	11	11	13	12	13	12	15	13	16	15	15	17	17	17	19	19	21	24	0	1	1	1	1	1	2	3	1	6	9	2	2	5	20	3	20	10	7	13	17	21	16	18	18	11	13	16	24	32	21	24	26	27	29	15	15	32	33	33	36	39	41	41	42	43	44	44	48	1	1	1	1	1	1	1	1	2	1	1	2	1	2	1	2	1	2	2	1	1	1	1	2	1	1	4	2	1	1	2	1	1	1	1	3	3	2	1	2	1	2	2	1	1	1	1	2	1
29500	-285.368717438402882	-283.303275101487316	-2.065442336915595	0.000087540017425	0.000011310297682	0.129201455683957	0.566261747155342	0	1	3	4	4	3	4	3	4	5	6	6	5	8	6	9	8	9	8	7	9	11	7	10	10	9	12	12	12	11	13	12	13	13	13	14	15	14	14	15	14	16	17	17	18	18	19	21	23	0	1	2	1	1	2	2	2	8	6	7	9	9	4	4	23	9	10	11	3	15	21	4	5	18	14	13	16	18	25	2	24	11	27	24	15	7	32	33	33	17	39	41	41	39	31	43	47	36	1	1	1	2	2	1	1	1	1	1	1	1	1	2	1	1	2	4	1	2	1	1	1	3	1	1	2	2	1	1	5	1	3	1	1	4	3	1	1	1	2	1	2	2	2	2	1	1	4
30000	-296.882102436722562	-294.873523153378017	-2.008579283344520	0.000105852772054	0.000014538522413	0.137346638460073	0.520907818482740	0	2	3	3	3	4	4	4	4	5	7	6	7	7	6	8	8	8	8	6	9	10	10	10	10	10	12	12	12	13	14	12	12	10	12	13	14	12	15	15	13	15	15	17	17	18	20	22	22	0	1	1	1	1	5	1	2	5	6	2	3	20	5	4	14	2	10	11	8	12	12	16	18	18	11	34	23	24	25	9	18	26	1	24	21	17	24	26	33	19	37	41	22	42	43	36	47	47	1	1	2	2	1	1	3	2	1	1	2	1	1	2	1	1	3	2	1	1	2	2	1	1	1	2	1	1	1	2	5	2	1	4	1	2	2	1	3	2	2	1	1	4	1	1	3	1	1
30500	-277.817275417223698	-276.136481801655748	-1.680793615567957	0.000098947987574	0.000020741871678	0.209623987174348	0.721655624713985	-2	2	3	2	3	5	4	5	4	4	7	6	5	7	8	8	9	8	6	7	9	10	9	10	11	8	11	13	12	12	13	12	12	12	13	12	14	15	14	16	14	15	15	17	18	20	19	21	23	0	1	1	1	1	3	5	2	3	2	19	8	9	3	8	20	15	19	7	13	12	15	16	6	18	7	21	23	24	25	22	18	21	27	29	19	31	29	33	42	15	39	36	41	33	47	43	44	47	1	2	2	2	2	1	1	1	1	1	1	1	1	1	2	1	1	1	1	1	2	1	1	3	2	2	1	2	1	1	2	2	1	1	1	2	1	3	1	1	1	1	2	1	3	1	2	2	1
31000	-297.706789471629804	-296.081296172624207	-1.625493299005620	0.000083819267394	0.000019234990633	0.229481731717104	0.734419564897679	-1	1	3	3	4	4	4	3	4	4	6	5	6	7	8	7	8	9	7	8	10	11	10	9	10	9	11	10	11	12	12	13	12	13	13	13	13	15	14	16	14	16	17	18	16	19	19	22	23	0	1	1	2	3	2	3	1	4	2	7	8	1	5	9	9	9	19	7	12	20	20	16	8	24	19	20	8	24	25	17	18	2	27	29	15	11	32	33	37	36	37	37	41	33	44	41	47	47	1	1	2	1	1	1	1	2	1	1	2	1	3	2	1	1	2	1	2	1	1	2	1	2	1	1	1	2	1	1	1	1	4	1	2	2	4	1	2	1	1	2	2	2	2	1	2	2	3
31500	-286.031090370769391	-283.905792764232501	-2.125297606536912	0.000128006458467	0.000015548378070	0.121465574908504	0.622567861699402	0	2	3	2	4	4	4	4	5	4	6	5	7	7	8	8	7	8	8	6	8	11	10	8	9	9	11	11	11	12	12	12	11	13	12	14	14	14	14	14	15	15	16	17	18	18	19	22	23	0	1	1	1	2	1	1	2	8	2	7	2	20	5	9	3	6	12	11	8	20	19	16	10	24	12	15	23	12	25	1	24	26	27	29	26	26	31	33	33	37	33	41	41	39	43	36	44	48	1	2	2	1	1	2	1	1	1	1	1	2	1	2	2	2	1	1	1	1	1	1	2	2	1	2	2	1	3	2	4	3	1	1	1	4	2	1	1	2	1	2	1	1	2	1	3	2	1
32000	-279.815493622929921	-278.275321174424448	-1.540172448505462	0.000092508391486	0.000024932567041	0.269516815078751	0.642736098372251	-1	2	4	2	3	3	3	1	4	3	6	5	4	8	7	8	9	8	9	6	9	7	10	10	10	10	10	11	12	13	11	12	11	12	12	12	15	14	13	15	15	15	17	17	17	18	19	22	24	0	8	5	1	8	1	8	1	2	1	2	8	2	12	9	12	15	6	20	13	9	10	16	21	18	11	21	16	24	25	1	24	26	27	24	21	31	24	33	39	28	39	41	41	39	43	44	47	43	1	1	1	1	1	2	1	1	1	2	2	2	1	1	1	1	1	2	2	1	2	2	1	1	1	2	1	2	1	2	6	1	1	1	1	2	2	3	2	1	1	1	1	1	2	1	1	2	4
32500	-288.578333578704701	-286.694647993420062	-1.883685585284656	0.000123569759469	0.000019610362936	0.158698722244716	0.587023380903766	0	2	1	4	4	5	3	4	3	5	7	6	7	7	8	9	8	8	9	7	9	11	10	9	10	9	11	12	12	12	13	12	11	12	13	12	14	14	13	15	14	15	16	17	17	19	19	23	24	0	3	1	3	9	9	3	2	2	8	5	9	12	5	10	14	9	10	1	1	18	17	16	10	16	7	20	23	24	18	36	24	26	27	32	15	19	29	33	33	21	33	41	36	39	44	43	47	48	1	1	1	1	1	1	1	1	1	1	1	2	1	2	2	1	3	2	3	3	1	3	1	2	1	3	2	1	1	2	1	2	2	1	1	2	4	1	1	2	2	2	2	2	2	1	2	2	1
33000	-259.769162909955242	-257.996971506047942	-1.772191403907297	0.000117329084769	0.000021513587040	0.183361074390438	0.777133790428744	-1	2	3	4	5	5	4	5	4	4	8	6	5	7	5	8	8	8	9	7	10	9	9	9	11	10	9	12	12	13	13	10	11	12	12	12	14	15	13	16	13	14	17	17	18	20	19	22	24	0	1	2	3	3	3	2	9	2	2	7	8	9	5	3	12	12	10	7	15	17	8	16	10	18	19	20	16	24	24	36	10	26	27	22	21	26	30	33	33	36	39	41	41	39	43	43	43	48	1	1	1	1	1	1	1	1	1	1	2	1	1	1	1	1	1	2	2	1	1	2	1	2	2	1	1	2	1	2	1	2	1	2	2	1	2	1	1	2	1	1	2	2	1	2	1	2	1
33500	-261.277336699286934	-259.495939550383696	-1.781397148903250	0.000083659563745	0.000015147589599	0.181062259008909	0.829273434419039	0	2	2	2	5	3	4	4	3	4	7	6	7	8	7	8	6	9	8	6	10	10	9	10	11	9	11	11	11	12	14	11	12	12	13	12	12	13	14	14	14	16	16	17	17	20	19	22	24	0	1	1	1	8	2	9	9	2	6	7	9	20	5	12	15	2	10	13	9	5	19	16	18	18	11	20	23	24	25	36	24	26	27	29	21	26	32	37	33	36	33	41	41	37	47	41	41	48	1	1	1	1	1	1	1	1	1	1	1	1	1	2	1	1	1	2	1	1	2	1	1	1	1	1	2	1	1	1	1	1	2	1	1	2	1	1	1	1	2	2	1	1	1	1	2	2	1
34000	-273.155911527161834	-271.580006673459593	-1.575904853702252	0.000099893112049	0.000025072765471	0.250995939127112	0.628913059407059	0	2	4	3	5	4	4	3	2	5	6	6	5	7	8	8	9	8	8	7	8	9	10	10	8	10	10	12	12	12	14	11	12	12	12	13	14	15	14	16	14	16	16	17	17	20	19	21	24	0	1	2	1	3	8	1	1	1	1	7	13	3	5	12	10	12	10	11	12	12	18	16	9	10	11	15	16	18	25	1	18	26	27	32	21	11	30	33	33	36	39	41	41	33	41	44	46	48	1	1	1	2	1	1	2	1	1	2	1	1	1	1	1	2	1	2	1	1	1	1	2	3	1	2	1	2	2	2	7	1	1	1	1	2	4	1	1	1	1	1	1	1	3	3	1	1	1
34500	-277.539152369517637	-276.117967138982465	-1.421185230535174	0.000063945505556	0.000023599985714	0.369064025834840	0.599303891066580	0	2	2	3	5	4	4	3	3	5	7	5	5	7	7	5	9	9	8	7	8	9	9	8	10	9	12	12	11	12	12	12	12	13	12	13	14	14	13	14	14	16	16	17	17	20	19	22	23	0	1	1	1	8	3	3	3	2	6	7	2	9	8	2	9	12	24	4	4	12	21	16	10	24	7	26	16	18	25	13	24	21	27	29	21	26	24	33	33	31	39	41	43	39	47	41	44	47	1	1	1	1	1	1	1	1	1	1	2	1	1	2	1	1	2	1	3	1	1	1	2	2	1	3	2	3	1	1	4	2	3	1	1	2	2	3	1	1	1	2	1	1	1	1	3	2	2
35000	-262.807819220586907	-260.595761214749416	-2.212058005837513	0.000100243880986	0.000011180045646	0.111528459751022	0.647416061602070	-2	2	3	4	5	3	4	4	3	5	7	4	6	6	8	7	9	7	8	7	8	11	9	9	10	10	11	11	12	12	13	11	13	13	13	13	13	14	14	15	15	15	16	18	17	19	20	21	24	0	1	1	3	9	2	2	1	2	6	7	9	8	5	12	9	15	10	7	13	9	21	16	18	18	11	20	16	24	25	17	24	19	27	32	22	26	29	33	33	36	33	41	43	33	43	44	43	47	1	2	3	1	1	1	1	3	1	1	2	1	1	1	1	2	1	1	1	1	3	1	1	1	1	1	2	2	2	2	2	2	2	2	1	1	2	1	1	1	1	1	1	1	2	1	1	3	2
35500	-292.759026856153980	-290.701016091052679	-2.058010765101276	0.000143884905741	0.000018736572087	0.130219163646518	0.729269226288829	0	2	3	2	5	2	4	5	5	5	6	6	6	7	8	8	8	6	7	7	9	7	10	9	10	9	10	12	11	12	12	12	13	11	13	13	12	14	15	14	14	14	17	17	18	19	19	22	25	0	1	1	1	3	1	2	3	3	6	7	9	9	5	8	13	8	10	11	13	5	9	16	18	18	19	20	16	24	25	21	18	11	20	29	34	26	32	22	37	36	37	41	33	33	43	41	43	48	1	1	1	1	1	1	1	1	1	2	1	1	1	1	2	1	1	1	1	1	1	1	1	2	2	1	1	2	1	2	1	2	5	2	2	1	2	1	4	1	1	1	1	2	2	2	2	2	1
36000	-255.061052061423396	-253.055010091062172	-2.006041970361232	0.000062496374616	0.000008607642647	0.137730271557844	0.732634915042522	0	2	3	2	4	4	4	5	4	5	6	6	6	7	9	7	8	8	7	7	10	10	9	9	10	10	11	12	11	13	12	13	12	13	12	13	15	14	15	14	15	13	17	17	17	19	17	22	24	0	1	1	1	2	3	2	2	2	6	7	9	3	5	1	8	8	10	11	13	8	15	16	10	18	7	15	16	24	18	21	29	26	27	29	8	26	32	42	33	36	33	41	28	42	43	41	44	48	1	1	1	1	1	1	1	2	1	1	1	1	1	1	6	1	1	2	1	1	2	1	1	2	1	2	1	3	1	3	1	1	1	1	1	4	2	1	1	1	1	1	1	2	3	1	1	2	1
36500	-308.452803327729271	-306.757027352686521	-1.695775975042724	0.000104361724907	0.000021376230522	0.204828259990425	0.579923748561302	0	1	3	4	4	4	4	5	5	5	7	4	7	8	8	7	8	7	8	8	8	10	9	10	10	9	10	13	12	13	14	13	12	13	12	13	15	15	13	15	15	15	17	17	16	19	20	23	23	0	1	1	2	2	3	1	1	12	6	7	2	9	5	13	8	8	7	10	13	8	26	16	18	18	8	21	23	24	25	27	10	22	20	21	26	36	24	26	33	36	39	41	41	39	31	43	41	47	1	1	1	1	1	1	3	2	1	1	2	1	1	2	1	2	1	1	1	1	2	1	1	2	2	2	1	2	1	1	2	3	1	3	3	2	2	3	2	1	1	1	2	1	1	3	2	4	2
37000	-247.232630103719885	-245.116347923057646	-2.116282180662237	0.000114136131552	0.000013990917525	0.122580968312642	0.640556690689871	0	2	4	3	4	3	2	4	5	5	7	4	5	6	9	8	8	8	7	7	7	10	10	10	9	9	10	12	12	12	14	12	12	12	12	13	12	14	14	16	14	15	15	17	17	20	19	23	25	0	1	2	2	1	2	1	2	8	6	7	2	5	5	9	8	9	10	7	9	13	3	16	15	18	19	9	16	24	25	15	24	26	27	24	27	26	24	33	33	36	39	41	43	42	43	44	46	48	1	1	1	1	2	1	1	1	1	1	2	1	1	1	2	2	1	1	2	1	1	2	2	1	1	1	2	2	1	2	2	1	1	1	1	1	2	2	1	2	1	1	1	1	1	2	1	2	1
37500	-281.941858385293813	-280.321807855712223	-1.620050529581577	0.000082389581741	0.000019085463493	0.231648991168964	0.568138021481609	0	2	2	3	4	5	4	4	5	5	7	6	6	8	9	9	7	8	8	8	9	10	9	10	10	8	11	11	10	12	13	12	11	11	13	12	15	14	15	15	14	16	16	17	17	18	20	23	24	0	1	1	1	1	4	3	1	2	4	7	7	9	8	3	9	9	10	7	13	11	9	17	18	18	7	20	23	18	10	3	24	26	15	24	27	7	24	33	33	15	39	41	43	40	43	44	47	47	1	1	1	2	2	2	1	2	2	1	1	1	1	2	4	2	1	2	1	1	1	2	1	1	1	2	2	1	1	3	4	1	2	1	2	1	4	2	2	2	3	1	2	1	1	1	2	2	3
38000	-302.679159472362585	-300.770533230274054	-1.908626242088516	0.000119803148986	0.000018448268854	0.153988179862695	0.563198688156188	0	1	3	3	5	5	3	1	3	4	7	5	7	7	7	8	8	8	8	6	9	10	9	9	10	10	11	12	12	12	12	11	12	12	12	11	12	15	14	14	15	15	16	17	17	19	20	22	24	0	1	1	2	1	9	2	1	2	3	4	3	20	5	12	4	5	10	6	5	13	5	16	15	10	11	11	16	32	18	21	18	11	27	18	21	5	25	26	37	7	37	37	41	42	44	43	37	47	1	1	1	1	2	1	2	1	1	1	2	1	1	1	1	3	1	2	1	1	1	2	1	1	2	2	2	1	1	2	2	2	2	1	2	1	3	2	2	2	5	2	2	2	1	1	2	6	2
38500	-303.122657505297752	-300.624485550993427	-2.498171954304345	0.000112511633963	0.000009730851931	0.086487517671666	0.506266904351430	-1	2	3	3	5	4	3	1	4	4	8	5	5	7	8	6	9	8	6	7	9	9	10	10	10	10	9	12	12	12	14	13	10	13	12	12	14	14	14	16	14	15	15	16	16	19	18	22	24	0	1	8	8	3	2	8	1	1	2	7	2	4	5	13	3	9	10	2	3	6	3	16	10	18	22	13	23	24	25	8	29	11	27	18	22	21	29	33	33	12	39	36	31	39	44	44	44	48	1	1	2	1	1	1	2	1	3	1	3	2	1	2	2	1	2	2	2	2	2	4	2	3	1	1	2	1	2	1	5	1	1	2	3	2	2	1	2	3	6	1	1	1	2	1	2	4	1
39000	-307.155973934363374	-305.358102438050253	-1.797871496313139	0.000098289304537	0.000017405094183	0.177080245558432	0.464902775717877	0	3	4	4	5	3	4	4	2	5	7	6	6	7	8	7	6	9	9	7	9	11	9	10	10	10	11	12	12	12	14	11	11	12	11	14	15	14	14	14	12	16	15	17	17	19	19	22	24	0	9	9	9	3	1	6	9	1	6	7	2	8	5	12	2	3	10	13	4	3	13	16	10	10	13	11	16	24	25	26	24	19	27	18	21	22	25	33	33	16	39	41	41	26	43	36	43	44	1	1	1	1	1	1	1	1	1	1	2	1	1	1	1	1	1	2	1	1	2	3	1	2	3	1	2	2	2	1	2	1	1	1	1	2	2	2	1	2	2	2	2	2	3	1	3	4	4
39500	-307.640739141649306	-305.645773070997791	-1.994966070651488	0.000140966021011	0.000019654401801	0.139426520374438	0.591660591400246	0	2	3	3	4	5	4	4	4	4	8	5	7	7	8	8	6	6	8	6	9	10	9	9	10	9	11	12	11	12	12	9	13	12	13	13	12	15	12	15	15	15	14	17	17	19	19	23	23	0	1	2	1	3	2	2	2	3	3	7	3	12	9	3	8	8	10	7	2	13	15	16	10	32	7	20	16	24	15	20	12	27	6	24	31	26	24	26	39	43	33	31	43	40	44	43	38	44	1	1	1	1	1	1	1	1	1	1	2	2	1	1	2	1	1	1	1	1	1	1	1	2	1	3	3	2	2	3	2	3	2	3	2	1	2	4	2	1	1	1	1	2	1	1	3	3	2
40000	-248.180727073599769	-246.706003132345160	-1.474723941254610	0.000073827367811	0.000023165077159	0.313773575377412	0.750937801716462	0	2	4	2	5	4	3	4	3	5	7	4	7	7	8	6	9	7	8	5	9	10	8	9	9	10	11	12	11	12	13	12	10	12	13	12	14	14	15	14	13	14	15	17	17	20	18	22	25	0	1	1	1	12	9	1	2	1	6	7	9	20	5	9	9	15	10	11	8	14	21	16	18	18	11	13	23	24	25	36	24	11	27	29	21	26	32	42	33	36	33	41	41	39	47	44	47	47	1	1	2	1	1	1	1	1	1	1	2	1	1	2	2	1	1	1	1	1	1	1	1	1	1	1	2	2	1	1	1	2	1	1	1	1	2	1	1	2	1	2	1	2	1	1	1	2	2
40500	-266.921989225277571	-265.130592677491336	-1.791396547786226	0.000113336866419	0.000020244873375	0.178625667135120	0.637254646285000	0	2	4	4	4	4	3	4	5	4	8	4	6	8	8	7	6	8	8	7	8	10	10	10	9	9	10	11	12	12	14	11	12	12	13	14	14	13	15	16	15	14	17	18	18	19	19	23	25	0	1	2	2	1	1	1	2	3	2	7	1	8	5	13	6	8	10	7	13	3	9	16	18	18	5	15	16	24	25	26	24	19	13	24	23	26	32	42	39	36	33	41	36	39	36	41	47	48	1	1	1	1	2	1	1	1	1	1	2	2	1	2	1	1	1	2	2	1	2	2	2	2	1	2	1	2	1	2	2	1	2	3	2	2	2	1	1	1	1	1	1	2	1	2	1	2	1
41000	-284.702783222903690	-282.932437909506802	-1.770345313396883	0.000121409006681	0.000022318458227	0.183828686493428	0.546153171894364	0	2	3	3	3	4	4	5	4	5	6	5	6	7	8	8	8	7	8	8	9	9	9	9	10	10	9	12	12	13	13	12	12	11	13	13	13	14	14	15	14	13	16	17	17	18	20	22	24	0	1	2	1	1	2	2	1	3	6	7	2	5	3	6	18	12	8	12	13	17	13	16	5	18	11	4	16	24	25	21	15	20	27	29	27	11	32	42	33	8	33	31	31	42	43	43	44	43	1	1	1	1	2	1	1	3	1	1	1	2	1	2	2	1	2	2	1	1	1	2	1	2	1	2	3	3	2	2	2	2	2	1	1	2	3	1	1	2	6	1	2	2	2	1	2	3	3
41500	-268.290836656923943	-266.709732635608759	-1.581104021315174	0.000097772224757	0.000024299895423	0.248535772642136	0.674754870071551	0	2	3	4	4	4	3	4	3	4	7	6	6	7	7	6	5	9	8	7	9	10	9	9	10	9	11	13	9	12	12	12	12	13	13	12	14	15	14	14	14	13	17	18	17	19	20	22	24	0	1	2	2	9	9	1	2	2	2	7	8	8	3	12	3	9	11	20	13	15	15	16	10	18	19	22	23	10	24	22	25	26	11	29	15	19	35	42	33	36	33	41	41	39	43	44	47	47	1	1	1	1	1	1	1	1	1	1	2	1	1	2	1	2	1	1	1	1	1	2	2	3	1	1	1	1	2	2	1	1	2	3	2	2	3	2	1	1	1	1	2	2	1	1	1	1	2
42000	-286.578807875441100	-284.539487127543509	-2.039320747897602	0.000121726242322	0.000016169996966	0.132839038301284	0.605681045478048	0	2	2	2	4	5	4	4	4	5	8	5	6	7	7	7	8	7	8	7	9	11	10	8	10	9	10	13	13	13	13	11	12	12	11	13	14	14	14	15	14	16	17	17	18	18	19	23	23	0	1	1	1	2	8	2	1	1	8	7	3	9	12	13	9	12	10	7	12	20	17	16	18	6	19	11	23	35	32	21	24	19	13	24	6	7	24	26	39	31	37	41	37	42	36	41	44	44	1	1	1	1	1	1	1	2	1	1	2	2	1	1	1	1	2	1	2	1	1	2	2	1	2	1	1	1	1	1	2	2	2	4	2	3	5	3	2	1	1	2	2	2	1	2	3	1	3
42500	-279.242216623113222	-277.308802621893506	-1.933414001219702	0.000127705472947	0.000019097788071	0.149545572561230	0.611039448461037	0	2	2	4	5	3	4	5	3	4	7	4	5	7	9	8	8	8	7	7	9	10	10	8	10	9	10	12	13	12	11	12	13	13	13	13	13	14	13	16	14	15	16	17	17	20	18	22	23	0	1	1	2	2	1	3	4	1	9	7	3	6	2	9	9	14	5	7	13	12	14	16	6	18	19	20	23	24	25	22	24	26	27	24	15	26	32	26	42	36	33	36	41	33	43	36	44	47	1	1	1	1	2	1	1	1	2	1	1	1	1	3	2	2	1	1	2	1	2	1	1	3	1	1	1	1	2	1	1	2	2	1	3	1	2	1	2	1	1	1	2	1	2	2	2	2	2
43000	-296.789350723288294	-295.036112069009050	-1.753238654279221	0.000103238884922	0.000019436924358	0.188271351173496	0.604574856388936	0	3	4	3	4	2	4	3	2	4	8	5	5	7	6	8	6	8	8	7	7	10	10	9	10	9	11	11	11	12	13	13	12	13	13	14	14	14	15	15	15	15	16	17	16	19	20	23	25	0	1	8	9	9	1	4	9	1	6	7	8	8	13	8	20	1	6	2	13	5	19	16	10	18	3	20	16	24	11	6	10	26	27	24	20	22	29	33	33	36	31	22	36	39	41	44	47	48	1	2	1	1	1	1	1	1	1	1	2	2	1	1	1	1	2	3	3	1	1	2	1	2	1	3	2	2	1	2	4	5	1	1	2	3	2	2	2	2	1	1	2	2	1	2	2	1	1
43500	-298.093137719950676	-296.373914981639075	-1.719222738311603	0.000079790944035	0.000015778106103	0.197743068382955	0.622613815354528	-1	2	3	1	5	4	4	5	4	5	7	6	6	8	9	8	8	9	7	8	7	10	9	8	10	9	11	12	13	13	13	12	11	10	13	12	14	14	13	16	14	16	17	17	17	20	19	22	25	0	1	2	1	2	2	2	1	2	2	6	9	9	5	2	3	11	12	7	13	12	5	16	11	18	9	13	16	24	25	11	24	26	13	24	15	26	32	33	39	36	39	41	31	37	43	44	43	48	1	1	1	1	1	1	1	2	1	1	3	1	1	2	2	1	1	1	2	1	1	3	1	1	1	3	3	2	3	2	2	2	1	1	3	1	3	1	1	1	1	1	2	2	2	2	2	2	2
44000	-276.768701053099221	-274.890938625751517	-1.877762427347714	0.000102599702640	0.000016401097994	0.159855219575842	0.558151986085635	0	2	4	4	5	5	4	5	4	5	8	6	6	8	8	8	7	7	8	7	9	10	10	8	10	10	11	11	12	12	13	12	12	12	12	13	14	14	14	15	14	15	16	17	18	19	20	22	24	0	1	2	2	3	2	1	1	1	2	13	3	1	5	1	13	8	3	7	12	3	15	16	18	10	13	8	16	18	25	27	24	26	27	24	12	21	24	33	33	21	39	41	41	39	44	41	41	44	1	1	1	1	1	2	2	3	2	3	1	1	3	1	2	1	1	1	2	1	2	1	1	1	2	2	2	2	2	1	1	2	1	1	2	3	3	3	1	2	2	1	1	1	2	2	3	3	3
44500	-291.136872856437662	-288.963303631025894	-2.173569225411748	0.000117474701129	0.000013599688445	0.115766955052251	0.570172702775752	-1	2	4	1	4	2	4	4	3	3	6	5	7	7	8	7	8	9	8	7	10	10	9	8	10	9	9	12	11	12	13	13	11	12	13	13	12	15	14	15	14	13	16	17	18	20	19	22	24	0	1	9	1	2	1	6	1	1	2	7	9	9	8	9	8	8	10	11	12	15	12	16	10	13	8	13	23	18	25	12	22	26	22	29	15	12	25	42	31	26	33	31	36	39	43	44	41	48	1	1	1	1	1	1	1	2	2	1	1	1	2	1	2	2	2	2	1	1	1	3	1	2	2	4	1	1	1	1	3	1	1	1	1	3	3	2	1	1	2	1	2	2	2	2	1	4	2
45000	-316.059615951746196	-314.362360570196756	-1.697255381549414	0.000099904463823	0.000020417125465	0.204366498589110	0.574423817512065	-1	1	3	3	5	4	3	4	4	5	6	5	6	8	8	8	8	8	9	7	9	11	10	9	11	9	10	12	12	13	12	12	12	12	10	13	15	14	15	15	14	16	16	18	18	20	19	22	24	0	1	2	1	3	7	2	4	2	6	7	9	12	3	9	8	12	10	9	12	17	15	15	10	18	15	20	16	24	25	19	24	7	11	18	4	13	21	36	33	31	39	13	43	33	44	36	43	48	1	1	1	2	1	1	1	1	2	1	1	1	1	2	2	2	2	2	3	1	1	1	1	2	2	1	1	2	1	1	1	2	4	3	1	5	5	2	1	2	1	1	5	1	3	2	2	3	1
45500	-285.741950611546145	-283.852232002819619	-1.889718608726533	0.000076341866086	0.000012026593391	0.157536015389494	0.575649280480272	-1	1	3	4	3	4	4	5	4	3	7	6	6	7	9	8	6	9	8	7	9	10	7	10	10	9	11	10	12	12	13	12	12	12	13	13	15	14	14	16	13	15	16	17	17	19	19	22	23	0	1	2	1	2	2	1	3	2	2	9	9	3	4	9	23	8	4	11	13	4	12	12	10	18	11	8	16	22	25	22	10	4	27	24	21	27	32	33	33	8	33	41	43	42	43	44	47	43	1	1	2	3	1	2	2	1	1	1	1	1	1	1	2	1	1	3	1	1	3	3	1	3	1	1	3	1	1	1	2	4	3	1	2	1	2	1	1	3	3	2	2	1	1	2	1	1	3
46000	-269.587329846525051	-267.632464337975193	-1.954865508549860	0.000103197504107	0.000015054300186	0.145878529874436	0.672639467668042	0	2	3	4	4	4	2	4	4	5	7	5	5	6	8	9	8	8	8	8	9	11	7	9	10	10	11	12	10	12	13	11	11	13	12	12	14	14	14	15	14	16	17	16	17	19	20	21	24	0	1	1	2	2	1	1	3	7	8	12	2	2	8	12	23	12	10	7	13	13	15	5	8	18	11	21	16	24	25	26	24	26	8	29	21	26	32	33	33	36	39	41	41	39	43	41	43	43	1	1	2	1	1	1	1	1	1	1	1	1	1	1	1	1	2	2	2	1	2	1	1	2	1	2	1	1	1	2	1	1	1	5	1	2	2	1	2	2	1	2	2	1	2	1	3	2	2
46500	-289.734910380057272	-287.970387985561274	-1.764522394496013	0.000071714095214	0.000013289945889	0.185318462836259	0.708341029468686	0	1	4	2	4	4	4	4	5	5	7	5	6	7	8	9	8	7	7	7	9	6	8	10	10	9	11	13	12	13	10	11	11	12	13	14	12	14	13	13	13	14	17	17	17	20	19	22	24	0	1	4	2	1	2	1	4	8	1	7	3	8	22	5	23	11	10	13	13	3	1	9	18	10	7	20	23	32	25	9	24	11	27	32	15	26	32	33	33	31	33	41	41	42	43	41	43	48	1	1	1	1	2	1	1	1	1	3	2	1	1	1	1	1	1	1	1	1	2	3	2	1	2	2	2	3	1	2	3	1	2	1	2	3	2	1	2	1	1	2	3	2	2	1	2	3	1
47000	-270.548078815813483	-268.700070489509528	-1.848008326303970	0.000119382416539	0.000019805620137	0.165900646942428	0.671548122166306	-1	1	3	3	5	5	4	4	4	5	8	6	5	6	7	8	8	7	7	6	9	10	7	9	9	9	10	12	10	13	11	12	13	12	12	13	12	14	15	15	13	14	16	17	17	20	19	22	23	0	1	2	1	4	3	3	2	3	3	19	9	3	4	5	23	19	10	7	1	5	15	13	8	18	19	5	23	24	25	11	20	37	27	29	21	26	24	42	33	15	33	36	43	42	47	44	47	47	1	1	1	3	1	1	1	1	1	1	1	2	1	1	1	1	1	1	1	3	2	1	1	1	1	1	2	1	1	2	1	3	1	1	1	2	2	2	1	1	3	1	1	1	2	1	1	1	2
47500	-289.370829047149925	-287.878871196009300	-1.491957851140647	0.000088993523092	0.000026733897785	0.300402735570373	0.551043815476936	0	2	2	4	4	4	3	4	2	5	5	5	6	6	9	8	7	8	7	3	9	9	9	9	10	9	11	13	13	12	13	12	11	13	12	12	15	14	13	15	14	15	15	18	16	19	19	23	25	0	1	1	9	2	3	9	2	1	6	7	1	20	8	6	12	8	10	11	1	14	19	16	10	18	12	15	23	18	25	6	21	19	27	24	13	26	32	33	33	15	39	31	43	40	41	44	44	48	1	1	1	1	1	1	1	1	1	1	1	2	2	1	3	1	2	1	1	2	1	1	1	2	2	2	2	2	2	1	4	2	2	1	2	1	2	1	1	2	3	1	1	2	1	2	1	2	1
48000	-254.603158908767426	-252.746492387119019	-1.856666521648408	0.000110565521694	0.000018143749944	0.164099528185669	0.648365123431966	-1	2	3	2	4	4	4	5	4	5	5	5	6	8	8	8	8	8	8	7	10	11	10	10	10	9	9	13	12	12	13	12	12	12	13	13	15	15	14	14	14	16	16	18	17	19	19	23	24	0	1	2	1	2	4	2	3	2	6	7	2	6	5	13	3	12	10	7	8	27	3	17	18	18	11	13	23	24	25	21	24	26	27	29	22	31	30	33	33	36	39	22	41	39	43	43	43	43	1	1	1	1	1	1	1	1	1	1	1	2	1	2	1	2	2	2	2	1	1	4	1	1	1	2	2	1	1	2	2	2	1	2	1	1	1	2	1	1	1	2	2	2	1	2	2	3	3
48500	-283.734079060119257	-282.331750356984060	-1.402328703135215	0.000088239474691	0.000035073560551	0.397481520299597	0.632982328808397	0	2	3	4	2	4	4	4	4	5	7	4	6	5	8	7	8	8	8	6	10	9	9	9	10	10	10	11	13	13	14	12	11	13	12	13	14	14	13	15	14	13	16	18	17	19	20	20	22	0	1	1	2	1	3	2	1	3	3	13	5	3	5	9	3	8	10	11	8	15	12	16	18	18	20	3	16	32	25	15	24	23	27	24	21	19	35	33	33	36	33	41	41	39	43	43	41	47	1	1	1	1	1	1	1	2	1	1	1	1	1	2	2	2	2	1	1	1	1	2	2	1	2	2	3	2	1	2	3	2	1	2	2	1	2	1	1	2	1	1	2	2	2	1	2	3	2
49000	-300.720734442938976	-298.738877554243288	-1.981856888695688	0.000104365519172	0.000014765721099	0.141480837884400	0.539783510007303	-1	1	4	3	5	3	3	5	3	5	7	5	6	8	9	9	8	9	8	7	9	10	9	9	10	10	10	11	12	12	13	13	12	12	12	11	15	13	14	15	15	16	17	17	16	19	20	23	24	0	1	1	2	9	1	1	1	2	7	5	6	2	13	20	12	13	10	11	13	17	3	10	13	18	11	2	23	18	25	22	3	8	20	24	2	26	36	33	33	22	39	36	41	39	41	36	44	48	1	1	3	1	1	2	1	4	1	1	1	1	2	1	1	2	1	2	1	1	1	3	2	3	1	1	4	1	2	2	1	4	3	2	1	6	2	1	1	2	2	2	3	1	1	2	4	2	1
49500	-265.066582929791309	-263.548259423351453	-1.518323506439839	0.000080315302021	0.000022689868621	0.282509908447724	0.618036034545886	0	2	2	2	5	4	4	5	4	4	7	5	6	7	5	7	8	7	7	7	8	10	9	9	9	9	12	11	12	12	14	12	12	12	13	13	14	14	13	15	15	15	17	18	16	19	20	22	24	0	1	1	1	2	2	2	3	3	3	13	3	3	5	4	5	3	10	7	13	15	13	16	18	18	20	13	23	24	25	34	24	26	20	29	17	19	30	33	33	36	39	36	41	39	43	44	41	47	1	1	1	1	2	1	1	1	1	1	1	2	2	1	1	1	3	2	1	1	2	2	2	1	1	1	2	1	1	2	1	2	2	2	1	2	3	1	1	2	1	1	3	1	1	1	1	4	2
50000	-288.335282279008993	-286.609827878685792	-1.725454400323212	0.000099258553635	0.000019448701965	0.195939808235389	0.520158070626500	0	2	3	4	5	3	3	4	4	5	6	6	6	8	8	8	7	9	8	7	9	11	10	9	10	10	10	12	12	12	12	11	12	12	10	12	14	15	15	15	13	15	16	17	17	19	20	22	24	0	1	1	1	4	1	1	3	2	6	7	2	3	12	3	5	12	13	7	9	8	3	16	15	18	11	20	16	35	25	22	3	26	27	15	21	20	24	3	37	22	33	41	41	42	43	43	44	48	1	1	1	2	1	1	1	1	1	1	2	2	2	1	3	1	1	1	2	2	2	4	1	1	1	2	2	2	1	1	1	4	1	2	1	2	3	3	5	1	1	2	2	3	2	2	3	3	1
50500	-287.505750391893969	-285.445072226308980	-2.060678165584971	0.000159367033317	0.000020694181987	0.129852338696232	0.698625689738242	0	2	4	3	2	4	2	4	5	5	7	6	5	7	8	6	8	8	8	7	9	11	9	10	10	9	9	12	13	12	13	12	12	12	12	13	15	14	15	15	14	16	16	17	17	20	19	21	24	0	1	2	2	1	2	1	2	6	6	8	3	1	13	12	6	6	10	11	12	9	21	16	18	18	11	8	23	18	18	3	24	21	27	24	21	27	32	31	31	21	39	21	36	39	43	44	36	43	1	1	1	1	1	1	1	1	1	1	1	1	2	1	1	1	1	2	1	1	1	1	1	2	1	2	2	1	2	3	3	1	2	1	1	1	3	1	1	1	2	1	3	2	1	2	2	3	4
51000	-284.414050194065851	-282.449530555388606	-1.964519638677256	0.000126665761789	0.000018275183483	0.144278795035952	0.654841488372828	0	2	3	4	4	3	3	5	4	5	8	6	7	7	8	8	8	9	8	8	8	10	8	9	11	10	10	13	13	13	13	10	13	12	12	13	14	12	15	15	15	14	16	17	15	19	19	22	22	0	1	1	2	1	1	2	9	2	6	7	1	9	9	13	9	5	10	7	13	13	11	12	10	18	12	13	16	35	32	12	24	26	3	18	22	33	24	42	33	31	33	12	41	42	43	44	41	44	1	1	1	1	2	1	1	1	1	1	2	2	1	1	1	2	1	2	2	1	1	1	1	1	1	2	1	3	1	1	3	1	2	3	1	1	1	1	1	1	1	1	5	1	1	2	1	3	2
51500	-259.673744814799022	-257.510672757141378	-2.163072057657640	0.000093048455494	0.000010883735661	0.116968471999434	0.751264664744612	-1	2	3	2	4	4	3	4	5	5	7	6	5	8	7	7	7	8	8	7	9	9	9	9	10	10	11	12	12	13	13	12	12	12	13	12	14	14	15	16	14	14	17	17	17	19	20	22	23	0	1	4	1	2	2	2	2	3	6	7	2	7	5	9	12	3	10	7	8	6	15	16	18	18	13	21	16	24	25	36	24	26	27	24	21	26	29	42	33	31	33	41	41	39	36	44	44	47	1	1	1	1	1	1	1	1	1	1	2	1	1	2	1	1	2	2	2	1	2	1	1	1	2	2	1	2	2	2	1	2	2	1	2	1	2	1	1	2	1	1	2	1	1	3	2	2	2
52000	-284.362567056997250	-282.716565325597401	-1.646001731399865	0.000106421753640	0.000023591815863	0.221682269421955	0.668593880922462	0	2	3	3	4	4	4	4	5	5	7	6	6	7	9	8	8	8	8	7	9	9	9	10	10	9	12	13	11	12	12	13	12	12	13	13	14	13	14	14	14	16	16	17	16	20	20	20	25	0	1	1	2	2	2	2	4	8	3	7	8	8	5	17	12	9	11	7	13	4	8	16	21	18	1	3	23	18	18	21	24	3	21	24	18	31	29	33	27	36	39	41	41	39	41	44	44	44	1	1	2	1	1	1	1	1	1	1	2	1	1	1	1	1	2	1	2	1	3	3	1	1	1	4	4	1	2	3	1	2	3	1	2	2	1	1	1	1	1	2	2	1	1	2	2	2	4
52500	-274.061759068787183	-272.191391874816304	-1.870367193970885	0.000106292187297	0.000017147102135	0.161320437283864	0.699248129789491	0	3	2	3	4	5	3	4	4	4	7	4	6	6	9	8	8	8	8	7	9	9	9	8	10	9	10	12	13	13	12	12	12	11	13	14	13	14	14	14	14	15	16	17	18	19	19	22	24	0	1	1	3	2	2	1	1	3	2	7	3	3	8	11	8	9	10	7	13	2	13	16	10	24	20	8	23	32	25	15	24	21	27	21	31	33	32	33	33	31	39	41	36	42	43	43	47	47	1	1	1	1	1	1	2	2	1	1	2	1	2	1	1	2	2	2	2	1	3	3	1	3	1	1	4	2	1	2	2	2	2	1	2	1	1	1	1	2	1	1	2	1	2	1	2	2	2
53000	-261.851987482142192	-260.001122168415463	-1.850865313726726	0.000100818453377	0.000016665531151	0.165302388532657	0.840866394911572	0	2	2	3	5	4	4	3	4	5	6	5	6	7	9	8	7	6	8	5	8	8	10	8	10	9	8	12	11	11	13	12	12	12	12	13	13	14	14	16	14	15	17	17	17	18	20	22	24	0	1	1	3	3	2	3	3	8	6	7	8	20	5	11	13	9	10	11	3	7	12	16	2	21	11	13	23	24	25	22	24	11	27	29	21	26	32	37	37	36	39	41	41	39	41	46	47	48	1	1	1	1	1	1	1	1	1	1	1	1	1	1	2	1	2	1	1	1	2	1	1	2	1	1	1	1	1	1	2	2	2	3	1	2	2	1	1	2	1	1	2	1	1	2	1	1	1
53500	-293.724107726011368	-291.974741236295756	-1.749366489715612	0.000113752897835	0.000021534034884	0.189305374135120	0.591996848282910	0	2	2	3	4	4	4	4	4	4	6	6	5	7	7	8	9	8	8	6	10	10	7	8	10	10	11	11	12	11	12	11	12	12	12	13	15	15	14	16	14	16	16	18	18	17	19	23	25	0	1	1	1	2	2	1	3	3	1	10	8	7	12	3	10	12	12	11	13	4	17	4	7	24	11	15	15	21	25	26	25	26	21	24	27	27	32	33	33	21	39	41	43	39	21	44	41	48	1	2	1	2	1	1	3	1	1	3	1	1	1	1	2	2	1	2	1	1	4	1	3	2	1	2	3	2	2	1	1	1	1	1	2	1	2	1	1	2	2	1	2	1	2	2	1	3	1
54000	-280.985214771767005	-279.537867230797474	-1.447347540969525	0.000129091311114	0.000043731019750	0.338760365606387	0.684377540679251	0	2	3	3	4	4	4	3	5	5	8	6	6	8	8	9	8	7	8	7	8	11	9	10	10	8	10	12	12	12	13	11	12	12	11	13	14	15	14	14	15	16	16	17	18	19	20	21	23	0	1	1	1	2	3	8	2	3	6	7	6	2	12	5	18	20	10	4	8	6	13	12	12	18	12	19	23	35	15	12	25	15	27	24	19	26	31	33	33	31	39	41	43	42	41	44	41	41	1	1	2	2	1	1	1	1	1	1	2	1	2	1	3	1	1	1	3	2	1	2	2	2	2	1	1	1	1	2	4	1	2	1	1	2	3	1	1	1	1	1	1	1	1	3	2	3	4
54500	-284.522346952079033	-282.684384595287042	-1.837962356791995	0.000082929997983	0.000013935208188	0.168035795575988	0.498146780713519	-1	3	3	3	5	5	4	4	4	5	6	4	6	7	7	7	8	7	9	7	9	10	9	9	9	10	9	12	13	13	13	11	12	13	11	13	14	14	13	16	14	15	15	17	17	19	19	21	23	0	1	1	1	4	3	2	1	4	2	7	1	5	12	9	12	9	10	11	4	9	21	1	18	18	19	12	23	35	25	21	24	26	27	24	17	26	24	33	42	5	33	36	43	33	41	43	46	48	1	2	2	2	1	1	1	2	1	1	1	2	1	2	2	1	2	1	1	2	1	1	4	1	1	1	3	1	1	2	2	2	1	2	1	2	2	2	1	1	3	2	1	2	3	3	3	1	1
55000	-288.791926957905957	-286.997743728069111	-1.794183229836842	0.000110780399515	0.000019714201660	0.177957488388183	0.542738862467358	0	2	2	2	5	4	3	5	3	5	7	5	6	6	8	7	7	7	8	7	9	11	8	9	9	9	12	11	12	11	12	12	12	13	13	13	14	14	14	15	14	14	16	17	18	19	19	22	23	0	1	1	1	1	4	1	1	2	6	7	3	6	5	8	5	6	12	7	13	15	21	16	6	18	11	20	23	24	25	11	10	19	15	29	15	26	29	33	33	21	33	31	43	42	41	44	43	47	1	1	1	1	2	1	1	1	1	1	1	2	1	1	1	1	1	1	2	1	1	1	1	2	1	2	3	2	1	1	1	3	1	3	1	3	2	1	2	2	3	1	2	1	3	3	2	3	2
55500	-310.816448930680508	-308.611326827788162	-2.205122102892327	0.000117091292928	0.000013146252409	0.112273526749229	0.490994676090150	-1	1	3	3	4	4	2	3	5	5	7	5	6	8	8	8	8	8	7	7	8	9	9	10	10	9	10	13	13	13	13	12	11	11	13	14	14	15	13	15	14	16	15	17	17	19	19	23	24	0	1	2	2	3	2	2	2	2	4	7	3	3	5	2	8	9	10	7	5	20	9	21	10	18	19	19	23	18	25	10	24	26	9	24	13	26	18	33	33	12	39	8	36	39	31	41	36	47	1	1	1	1	1	2	1	1	2	1	2	1	1	2	2	2	2	2	2	2	1	2	1	3	1	1	1	2	3	2	4	1	1	4	1	3	2	2	1	1	5	2	6	2	1	2	2	4	3
56000	-260.213984828080129	-257.940233682573819	-2.273751145506293	0.000116088289984	0.000012216729737	0.105236537974564	0.673409468292071	-1	3	3	4	5	3	4	4	5	5	7	5	7	7	7	6	8	8	7	8	8	10	9	8	11	9	11	12	12	12	13	12	13	12	11	13	13	14	14	15	15	16	15	17	18	18	19	22	24	0	1	1	3	3	1	3	1	8	2	7	2	12	5	9	2	12	10	7	13	8	21	16	6	24	19	20	23	35	18	22	22	11	27	24	22	26	32	33	33	36	39	36	43	42	41	44	47	43	1	2	2	1	1	2	1	2	1	1	2	1	1	1	1	1	1	2	2	1	2	2	2	3	1	1	2	1	1	2	2	1	2	1	1	2	2	1	1	1	1	1	1	1	1	1	1	3	4
56500	-291.245155817199532	-289.380489640596636	-1.864666176602911	0.000100688219354	0.000016358462423	0.162466498344707	0.588866152423859	0	2	2	4	4	5	4	5	3	4	7	3	6	7	8	8	8	8	8	7	10	9	10	8	10	10	11	12	12	13	13	11	12	11	12	14	13	14	14	15	12	15	15	17	17	20	19	22	24	0	1	1	2	1	12	3	3	1	3	7	1	9	12	5	13	9	9	7	3	15	17	16	6	18	11	13	23	32	25	17	24	26	20	18	20	19	24	33	36	19	39	41	36	39	41	44	47	44	1	1	1	2	1	2	1	2	2	1	1	2	1	2	3	1	2	3	2	2	1	1	1	1	1	2	2	2	1	2	2	2	2	2	2	4	2	3	1	1	3	1	2	2	2	4	2	2	4
57000	-306.596725302623270	-304.996696042302062	-1.600029260321230	0.000100044297833	0.000024011607204	0.240009752922679	0.729568715053372	0	1	4	3	5	5	4	4	2	4	6	6	6	8	9	8	8	7	7	6	8	10	8	9	10	8	11	12	12	12	13	12	12	13	12	12	14	14	14	16	15	16	17	17	17	19	18	22	23	0	1	1	1	2	2	1	1	1	9	8	2	3	5	2	6	5	10	11	3	12	21	20	18	18	12	13	23	24	23	6	24	26	27	24	15	19	24	33	33	31	39	41	41	33	43	37	47	44	1	1	1	1	1	2	2	2	1	1	1	2	1	1	2	1	1	2	1	1	1	1	2	1	2	1	3	1	2	3	5	1	3	1	1	1	2	2	1	3	1	2	2	1	2	1	2	3	3
57500	-296.197477612532168	-294.453532482387971	-1.743945130144196	0.000079341005611	0.000015135997136	0.190771430471136	0.598972118250872	0	2	1	3	4	4	4	5	3	5	8	5	6	8	9	7	8	8	7	7	8	10	10	10	10	9	11	13	12	13	12	12	13	13	13	10	14	14	14	14	14	15	17	16	16	19	18	21	22	0	1	1	1	1	2	2	2	3	9	7	3	5	5	12	12	8	10	7	13	12	19	16	10	18	19	19	31	24	21	15	18	27	27	24	8	19	24	33	11	36	39	3	41	39	43	44	47	48	1	1	1	1	2	1	1	2	2	1	2	1	1	2	2	1	1	2	1	1	2	1	1	3	1	1	2	1	1	2	1	2	1	1	1	2	3	2	1	3	2	1	8	1	1	1	2	1	1
58000	-284.854283022154675	-283.304985989674208	-1.549297032480447	0.000098387074469	0.000026022895059	0.264495058917833	0.611615784780701	-1	1	2	3	5	4	3	4	4	5	6	5	5	6	8	6	8	8	5	7	9	11	9	9	9	9	11	12	12	12	12	13	12	12	13	13	13	15	14	14	15	15	15	18	16	19	18	22	23	0	1	1	2	8	2	3	3	2	6	8	3	9	4	20	8	6	3	8	13	20	26	16	10	18	11	21	23	24	25	26	30	26	27	29	12	22	29	33	26	4	39	36	43	39	44	43	47	47	1	1	1	1	1	1	1	1	1	1	1	1	1	1	1	1	2	4	1	1	1	1	1	2	1	2	1	2	2	2	1	1	2	1	1	3	1	1	1	2	5	1	2	2	1	1	2	3	2
58500	-290.364955012611972	-288.473707739531449	-1.891247273080551	0.000117970217362	0.000018550086367	0.157243809344396	0.711344059748277	0	2	4	2	3	3	3	4	3	5	7	5	6	7	7	8	9	8	9	7	9	11	9	9	9	10	11	12	13	12	13	12	13	12	12	11	13	13	14	15	14	16	15	17	17	20	19	23	24	0	1	4	1	2	2	1	4	2	6	7	9	4	5	2	9	15	10	1	13	9	15	16	18	14	9	20	16	35	25	22	24	15	27	26	17	36	32	26	37	26	39	41	41	39	43	44	47	48	1	1	1	1	1	1	2	1	1	1	2	1	1	2	2	2	1	2	3	1	2	2	1	1	2	4	2	2	1	2	1	1	3	1	1	1	1	1	2	1	2	1	1	2	1	1	1	2	1
59000	-306.403700584435228	-304.549386231485641	-1.854314352949559	0.000144662217223	0.000023809278982	0.164585331532631	0.645182508795490	0	3	3	2	3	5	4	4	4	5	7	6	5	6	8	8	7	8	8	8	9	9	9	9	10	9	10	12	11	12	13	11	11	11	11	13	13	15	14	15	14	16	16	15	16	20	19	23	24	0	1	4	1	1	9	3	2	3	3	7	8	9	5	17	12	12	10	7	13	5	8	17	17	24	11	17	23	24	25	33	18	19	8	24	15	26	21	34	39	21	39	44	36	33	43	44	43	47	1	1	1	1	1	1	1	1	1	1	2	1	1	1	1	1	1	1	2	1	3	2	1	2	1	2	1	1	2	1	2	2	2	4	2	2	2	2	2	1	3	2	1	1	2	2	2	3	3
59500	-301.346040423082798	-299.675249498054825	-1.670790925027970	0.000142586964186	0.000030364265719	0.212952606798152	0.641759237822789	0	2	3	3	4	5	3	2	3	5	7	4	6	6	6	9	7	8	7	5	10	9	6	9	11	10	10	13	12	12	14	12	12	13	12	12	13	13	13	15	14	15	17	17	18	19	19	21	24	0	1	1	1	1	3	8	1	8	3	7	8	20	9	12	23	9	11	4	3	5	1	3	17	10	19	13	23	25	24	27	6	26	27	24	17	11	32	33	33	36	39	41	41	31	43	41	43	47	1	1	1	1	1	1	1	1	1	1	2	1	1	1	1	2	2	1	1	1	2	5	2	2	3	2	2	4	1	1	3	3	1	2	2	2	2	1	1	2	1	1	1	2	2	1	2	2	2
60000	-287.340104980566480	-285.373686391410388	-1.966418589156088	0.000114496184062	0.000016483752097	0.143967698420433	0.589255902889024	0	2	4	2	5	5	3	4	3	4	7	5	5	7	8	9	6	7	9	7	10	10	8	9	10	9	10	11	12	12	13	12	12	13	11	14	13	14	15	14	15	16	16	18	17	17	20	23	24	0	1	9	1	2	8	1	9	1	9	7	3	9	5	6	23	5	10	18	13	15	20	9	18	18	11	23	16	24	18	12	24	26	27	24	21	26	24	33	33	23	37	31	43	39	41	37	44	47	1	1	1	1	2	1	1	1	1	1	2	1	1	1	2	1	1	2	1	1	1	1	2	1	2	1	1	1	2	3	4	2	2	2	1	2	2	2	2	2	5	1	2	1	1	2	3	2	2
60500	-239.831032638320664	-238.296185857210304	-1.534846781110362	0.000079256663718	0.000021601576392	0.272552178942948	0.654447056066243	0	2	2	3	5	4	3	4	4	5	7	6	6	7	6	7	8	7	8	8	10	10	9	9	10	10	11	13	12	12	12	12	12	13	13	12	13	15	13	14	14	16	17	18	17	19	19	21	23	0	1	1	1	3	3	3	3	2	6	7	3	8	5	9	15	15	10	7	13	15	2	16	18	18	11	13	23	24	25	21	24	19	27	29	21	11	32	33	33	31	39	41	41	33	43	43	47	47	1	1	1	1	1	1	1	1	1	1	2	3	1	1	1	1	1	1	2	1	2	3	1	1	1	2	2	2	1	1	1	1	2	1	1	1	2	2	1	1	1	2	2	2	3	1	1	1	2
61000	-282.322477537134148	-279.919087131273216	-2.403390405860944	0.000107762159382	0.000010098985256	0.093715505643483	0.721379197350167	-1	3	2	1	5	3	4	5	4	5	7	6	5	6	8	7	6	8	7	7	9	11	9	9	9	9	10	12	11	12	13	12	12	12	13	12	12	14	14	15	14	15	17	16	17	19	19	21	21	0	3	1	1	4	4	4	2	2	6	17	9	2	5	19	5	2	10	6	12	12	15	16	13	18	11	20	23	24	25	21	24	7	7	29	21	26	32	37	39	36	39	41	41	42	43	36	44	47	1	1	1	2	1	1	1	1	1	1	1	1	1	1	1	1	2	1	2	1	2	2	1	2	1	1	1	1	1	2	2	2	4	5	1	1	2	1	1	1	1	1	2	1	1	1	3	2	1
61500	-306.642011587754610	-304.653632830860715	-1.988378756893896	0.000111181185692	0.000015615660929	0.140452369095279	0.690822032570627	0	2	4	3	5	3	4	2	4	4	7	6	6	6	9	7	8	8	8	6	8	10	10	9	11	8	11	12	12	12	14	10	12	10	12	13	15	13	14	15	15	15	16	18	16	19	19	23	25	0	1	4	1	3	8	2	1	8	6	7	9	8	6	3	10	9	10	20	10	4	26	16	21	18	11	13	23	32	18	27	24	21	17	24	22	26	24	21	33	27	33	36	31	39	43	43	43	47	1	1	1	2	1	1	1	1	1	1	1	1	2	1	2	1	1	2	1	1	4	1	2	1	2	1	3	1	1	2	2	1	4	1	2	2	4	2	2	2	2	2	1	3	1	1	2	4	3
62000	-311.509258615135195	-309.307118674850017	-2.202139940285187	0.000187495123444	0.000021111266640	0.112596350519013	0.693337224009436	0	2	3	3	5	4	3	3	5	4	7	5	7	7	8	7	9	7	7	8	9	9	6	9	11	9	11	12	12	12	12	11	12	11	11	12	13	13	14	15	14	15	17	18	18	18	17	22	23	0	1	1	2	3	2	2	1	2	8	7	8	9	5	12	23	12	10	7	19	18	12	6	18	9	19	13	16	35	18	21	24	19	11	18	20	26	24	6	11	31	37	41	31	42	41	41	37	48	1	1	1	1	1	1	1	1	1	1	2	1	1	1	1	1	2	1	2	1	1	1	1	2	4	1	2	2	1	2	2	1	2	2	2	1	2	2	5	4	1	1	1	3	1	2	2	4	1
62500	-335.361262715440887	-333.546108501185245	-1.815154214255653	0.000176781017652	0.000030596216543	0.173074105745598	0.526200556802504	-1	1	3	2	5	4	4	4	2	5	6	5	6	7	8	8	9	9	8	7	9	9	9	10	10	8	12	13	11	13	14	12	11	12	13	13	12	13	13	16	14	15	16	17	17	19	19	22	24	0	1	2	1	3	9	1	9	1	6	7	4	8	9	6	2	14	10	11	4	10	20	20	26	18	9	19	27	14	25	21	6	26	20	29	19	17	25	15	37	37	20	41	37	37	42	31	47	47	1	1	1	1	1	1	2	1	1	1	1	3	1	3	3	3	1	2	1	3	1	1	1	1	1	3	2	1	2	2	3	3	2	2	1	3	1	2	3	2	1	4	1	3	2	3	2	3	2
63000	-280.933950059206097	-278.719307546339053	-2.214642512867046	0.000129469533739	0.000014403856669	0.111252865850826	0.708707030800760	0	2	3	3	4	4	4	3	2	5	7	6	5	7	9	8	8	8	7	8	10	11	10	9	11	9	11	12	12	13	13	13	12	12	12	13	14	14	14	15	14	16	16	17	18	17	19	22	24	0	1	2	9	9	8	8	9	1	6	7	9	9	2	14	14	12	10	7	13	15	21	16	10	18	11	21	23	25	21	22	29	12	27	24	15	26	29	33	18	36	39	41	41	39	41	41	44	48	1	1	1	1	1	1	1	1	1	1	1	1	1	3	1	1	1	2	2	1	1	1	2	3	2	1	1	1	1	2	1	1	3	1	1	3	3	1	1	2	1	2	1	2	2	2	2	3	1
63500	-263.453717720093096	-261.784417779570049	-1.669299940523019	0.000076163465309	0.000016257692793	0.213457892529807	0.646378943317760	0	2	4	4	4	4	4	4	5	5	7	6	7	8	7	8	8	8	8	5	9	8	10	9	10	10	11	12	11	12	14	12	12	13	12	12	14	14	14	15	15	16	16	17	18	19	19	22	24	0	1	2	2	2	2	2	2	7	6	7	8	20	5	3	9	9	10	7	8	12	9	9	10	18	19	8	23	24	25	36	24	26	27	29	13	26	32	33	33	8	39	36	41	42	41	44	44	48	1	1	1	1	1	1	1	1	1	1	2	1	1	2	1	2	2	2	2	1	1	1	2	2	1	1	2	2	1	2	1	2	1	1	1	3	2	2	1	2	3	1	1	1	1	2	2	3	1
64000	-278.648815478592326	-276.890554916564781	-1.758260562027563	0.000129736923552	0.000024253825388	0.186946204087152	0.681566526739097	-1	2	3	4	4	5	4	4	4	5	7	6	7	7	8	8	6	8	8	8	9	7	10	8	10	9	11	12	11	12	14	12	12	13	13	13	15	14	14	15	14	16	17	17	16	17	20	22	24	0	1	2	3	3	3	3	2	2	9	7	4	4	5	13	13	9	14	7	13	13	12	16	12	18	20	13	23	24	25	19	24	13	27	24	21	19	32	33	33	21	39	37	41	39	41	43	47	47	1	1	1	1	1	1	1	1	1	1	1	1	1	2	1	1	1	1	1	1	1	1	2	1	1	1	2	1	1	2	2	2	2	1	3	1	3	1	1	1	2	2	1	2	1	2	2	2	2
64500	-307.956258871433135	-306.077666277957121	-1.878592593475996	0.000095246550120	0.000015210133444	0.159692224281127	0.632707531989608	-1	1	3	3	4	5	3	4	4	4	7	5	6	7	7	8	7	8	8	8	9	11	7	10	10	10	10	12	11	13	13	12	12	11	12	12	14	14	14	16	15	15	15	18	16	19	18	21	22	0	1	1	1	7	8	2	2	1	3	7	3	8	5	4	23	3	3	3	13	23	21	4	15	21	7	15	16	18	25	33	24	11	21	29	21	26	24	26	33	11	39	36	43	37	41	41	41	48	1	1	2	1	1	1	1	1	2	1	2	1	1	1	3	1	1	2	2	1	2	1	2	1	1	3	2	2	1	1	1	1	4	1	1	1	1	3	2	2	3	1	2	2	1	2	3	2	1
65000	-301.576656506151323	-299.277314404415051	-2.299342101736279	0.000125813776473	0.000012932559062	0.102791279496557	0.556196898961682	0	3	2	3	3	4	4	4	4	5	6	4	6	7	9	8	8	8	8	8	8	11	10	9	10	9	11	13	11	12	13	12	13	12	13	12	12	13	13	15	15	12	16	18	16	19	20	22	24	0	1	1	1	1	2	2	3	3	9	7	3	12	12	1	6	8	8	7	13	12	13	16	10	10	11	20	23	24	25	1	24	42	22	32	21	11	29	42	22	15	19	31	43	39	15	44	44	47	1	2	1	1	2	1	1	1	1	1	1	1	1	1	3	2	1	4	2	1	2	3	1	2	2	2	1	3	1	1	5	2	1	1	1	2	3	1	1	2	4	2	2	1	2	5	2	2	2
65500	-270.563031768658846	-268.724881453449825	-1.838150315209013	0.000086185624362	0.000014478787546	0.167995389643924	0.744898311906630	0	1	2	3	3	3	3	4	5	4	7	5	7	7	9	9	9	7	8	6	7	10	10	9	10	10	11	12	12	11	12	12	12	12	12	12	14	13	14	15	14	13	16	17	17	19	19	21	23	0	1	1	3	2	2	1	2	2	6	7	8	20	9	12	9	13	10	12	8	8	15	16	18	18	19	13	23	24	18	15	24	19	27	24	3	26	32	42	37	31	33	31	43	40	44	44	44	48	1	1	1	1	1	1	1	2	2	1	2	1	1	1	2	2	1	2	1	1	1	1	1	1	2	1	2	1	2	2	1	2	2	1	2	3	2	1	1	1	1	1	3	1	1	1	2	2	1
66000	-287.015731343935897	-285.247210280311549	-1.768521063624370	0.000095592487474	0.000017617024215	0.184292978246911	0.566588814331844	0	1	2	2	4	5	2	5	3	5	7	5	6	7	9	9	8	8	8	4	10	10	8	9	10	9	11	13	11	13	13	11	11	12	12	13	14	14	15	15	14	14	16	16	17	19	18	21	23	0	1	2	2	3	9	1	3	3	2	7	4	8	12	3	23	9	10	7	2	13	13	8	8	18	11	13	6	24	25	15	24	19	15	18	8	26	29	33	33	36	33	41	41	39	41	41	44	47	1	1	1	1	1	1	1	1	1	1	2	1	1	1	4	1	2	1	4	2	2	2	1	2	1	1	3	3	1	2	2	1	2	2	2	2	2	2	2	2	1	2	1	1	1	3	2	3	2
66500	-254.075168132742419	-252.323047999524590	-1.752120133217822	0.000092553050716	0.000017452630127	0.188568934158289	0.813268760135149	0	2	2	4	5	3	4	5	4	5	7	6	7	6	8	9	9	8	9	8	9	10	10	10	10	9	11	12	12	13	13	12	12	12	12	12	15	13	13	15	14	14	17	16	18	18	20	23	24	0	1	1	2	9	3	3	2	3	6	7	9	12	8	12	13	9	8	7	12	5	21	16	18	21	11	21	23	24	25	21	24	21	21	24	21	31	24	33	33	36	39	41	36	42	43	44	41	47	1	1	1	1	1	1	1	2	1	1	1	1	1	1	1	1	2	1	2	1	2	1	1	1	1	1	2	1	1	2	2	1	1	2	2	2	1	1	1	1	1	1	2	1	1	1	2	4	2
67000	-323.348865629422789	-321.030772819179674	-2.318092810243127	0.000132134497558	0.000013353017758	0.101056257111148	0.634972493406128	0	2	4	4	5	3	3	5	3	4	4	5	6	7	9	7	7	9	7	8	8	9	9	9	10	9	11	11	13	13	11	12	11	10	12	12	13	15	13	15	14	15	17	16	15	19	18	22	25	0	1	9	2	9	2	2	2	1	2	7	6	2	8	21	8	12	6	11	13	13	5	16	12	9	8	22	23	24	24	22	9	19	14	24	31	11	22	33	33	19	39	37	36	39	43	44	43	48	1	2	1	1	1	1	1	2	2	1	1	1	2	2	1	1	1	4	1	1	1	2	1	2	4	2	1	1	2	1	1	2	1	2	1	1	4	2	1	2	3	1	2	2	1	1	2	3	1
67500	-322.665578256219931	-320.797652508746182	-1.867925747473722	0.000124392470353	0.000020127877631	0.161809453370097	0.466393264320688	-1	3	2	4	4	3	4	5	3	5	7	5	7	8	9	9	9	7	8	6	9	11	10	9	10	10	10	12	11	12	12	12	12	13	13	11	13	14	13	15	13	16	16	17	18	19	18	22	22	0	1	1	2	3	1	6	6	1	3	10	1	20	6	20	20	8	12	3	10	12	14	16	6	18	19	13	16	24	18	23	15	19	2	29	8	7	32	33	39	27	39	41	36	42	43	21	37	43	1	2	2	1	1	2	1	1	2	1	1	3	1	2	1	1	2	1	3	1	1	2	1	2	3	1	2	2	1	3	1	1	2	5	1	4	4	1	1	1	2	1	2	3	1	2	5	5	3
68000	-323.072064620554784	-321.343720688260419	-1.728343932294377	0.000148487022701	0.000028971961819	0.195114436883932	0.595161701654296	0	1	2	3	3	5	4	3	5	4	7	6	6	8	8	8	8	8	5	6	9	10	10	10	10	10	12	12	13	11	12	12	12	12	12	12	13	14	13	15	13	14	16	18	18	19	19	22	23	0	1	1	3	2	1	1	1	3	3	6	1	2	12	6	13	20	12	2	2	10	12	16	20	18	7	5	23	24	25	21	18	21	19	24	21	26	27	34	39	2	41	31	43	39	43	28	46	43	1	1	1	1	1	2	2	2	1	1	1	3	3	1	1	1	1	1	2	2	3	2	1	2	1	2	5	1	1	1	1	1	2	3	1	2	1	1	1	2	6	1	2	1	2	1	4	2	2
68500	-308.918199471167441	-307.184721830680076	-1.733477640487353	0.000093892831871	0.000018183707282	0.193664488754537	0.594226180067972	-1	2	2	3	4	3	3	4	4	5	6	4	6	8	7	7	7	9	7	7	9	10	10	8	10	10	11	13	13	13	13	13	12	12	11	12	14	13	14	15	14	15	16	15	17	17	19	22	24	0	1	1	1	3	3	2	2	2	6	4	2	1	13	8	13	9	10	12	13	1	20	16	6	18	11	15	16	24	25	27	24	21	27	24	1	26	21	33	19	26	39	15	41	39	43	13	44	44	1	1	2	2	1	1	1	1	1	1	1	1	3	2	1	1	2	2	1	1	4	2	2	2	1	2	2	3	2	2	1	2	2	1	1	7	2	2	1	4	2	1	4	1	1	1	5	3	3
69000	-315.308552913752123	-313.530800830331884	-1.777752083420248	0.000128721781263	0.000023422985877	0.181965986231915	0.622618173826995	0	3	1	3	2	3	4	5	5	5	8	4	7	7	8	8	8	8	6	7	9	11	9	9	11	9	10	13	12	13	10	12	12	12	12	12	14	14	13	16	15	14	16	15	18	19	19	19	24	0	3	1	3	1	1	3	4	4	6	7	2	8	8	6	8	19	6	7	8	4	13	16	13	18	19	19	16	21	24	10	24	26	27	18	27	31	25	33	39	36	15	41	15	42	41	22	43	44	1	1	1	1	1	2	1	1	1	1	2	1	1	1	4	1	1	3	1	1	3	1	1	1	3	1	2	3	2	2	2	2	2	1	2	1	2	1	1	1	2	2	1	2	2	2	5	2	4
69500	-286.292006625822410	-284.475614173392557	-1.816392452429861	0.000104136315531	0.000017994078109	0.172793496846732	0.554608603658776	0	2	3	3	4	3	3	4	2	5	6	6	6	7	7	7	8	8	8	4	8	10	8	9	10	8	8	12	12	12	12	12	11	12	12	14	13	14	12	15	14	16	17	16	17	20	20	22	23	0	1	1	2	2	1	9	1	1	8	7	8	20	4	12	9	15	10	11	9	8	21	16	15	18	7	8	23	24	25	21	24	26	27	24	31	7	35	33	37	31	39	41	41	39	43	26	43	44	1	1	2	1	1	2	1	1	1	1	1	1	1	2	1	3	1	1	1	1	2	1	1	1	1	2	2	2	2	2	2	2	2	2	2	1	5	1	1	1	1	2	2	1	2	2	6	3	4
70000	-279.391193871327289	-277.347446958486330	-2.043746912840959	0.000108029694923	0.000014282674135	0.132210631020485	0.614029176282872	0	1	3	3	4	4	3	4	5	5	7	5	6	6	8	8	7	8	9	7	10	10	10	9	10	9	12	12	11	12	12	12	13	12	13	13	14	15	15	16	14	16	16	16	17	18	19	22	24	0	1	1	2	3	3	1	1	7	6	7	3	1	3	20	13	9	10	7	8	15	15	16	15	18	7	15	23	24	25	22	13	11	20	32	26	15	24	33	39	8	33	41	41	42	41	44	47	48	1	1	2	1	1	1	1	2	1	1	2	1	2	2	1	1	1	1	1	1	1	1	1	1	1	3	2	2	1	1	1	3	2	2	1	1	3	3	2	1	4	2	2	1	1	2	1	2	1
70500	-302.889294733703082	-300.739334862278668	-2.149959871424409	0.000128890934975	0.000015273335865	0.118498138504221	0.643589604672568	-1	2	3	3	4	5	4	5	3	4	7	5	7	6	7	8	8	7	8	5	10	10	10	9	11	9	10	13	11	13	14	13	11	12	13	11	14	14	13	16	13	15	16	17	18	20	18	22	24	0	1	2	2	9	3	9	9	2	3	7	2	3	5	2	20	12	10	7	4	3	17	16	13	18	17	16	16	24	24	36	24	19	27	8	21	21	29	11	26	36	37	41	43	42	43	37	44	46	1	1	1	1	1	1	1	2	1	1	2	1	2	1	2	1	1	2	2	1	2	2	1	1	2	1	1	2	1	3	1	2	1	1	3	1	3	1	2	4	1	1	1	1	2	3	2	2	2
71000	-306.755235478533677	-305.067579126554278	-1.687656351979383	0.000101605804543	0.000021073029448	0.207399858133130	0.694644959343447	-1	2	3	4	3	3	4	1	5	4	6	5	6	7	8	8	7	8	8	8	8	10	9	9	10	10	11	11	12	12	12	11	12	12	12	12	15	13	15	15	14	14	16	16	16	20	20	21	24	0	1	8	3	1	2	8	1	4	2	7	2	12	7	17	4	12	8	7	13	9	15	2	10	18	19	15	16	24	25	15	24	15	15	24	21	26	19	42	33	36	33	41	41	42	44	44	3	47	1	2	2	1	2	1	2	1	1	1	1	2	1	1	1	2	1	4	2	2	1	1	2	2	1	1	2	1	2	1	2	1	2	2	1	1	2	4	1	2	1	1	1	2	1	2	2	9	2
71500	-297.824660152830859	-296.047608637941721	-1.777051514889144	0.000102772737937	0.000018719093190	0.182140649023398	0.661717706847082	-1	2	2	2	5	4	3	3	4	3	6	4	6	8	8	7	9	8	7	7	8	10	10	9	10	10	10	12	11	12	12	11	12	10	13	12	13	14	13	14	14	15	16	16	18	19	18	22	24	0	1	1	1	9	4	2	1	2	3	4	8	9	3	4	9	20	10	5	5	9	21	16	10	18	7	21	23	24	25	32	7	26	20	29	32	4	15	33	33	37	39	31	36	42	44	44	44	48	1	2	1	1	1	1	1	2	1	1	2	1	2	4	3	1	1	2	1	1	1	1	2	3	1	3	1	1	1	2	1	4	1	1	1	1	5	3	1	1	1	1	2	2	1	1	1	2	1
72000	-295.036584122571185	-292.890632965544967	-2.145951157026208	0.000104110224325	0.000012386236459	0.118972334746370	0.646418657148351	0	3	2	3	4	4	3	5	4	4	8	6	6	7	8	6	8	8	9	8	9	9	10	9	10	10	10	11	13	12	14	13	12	11	12	13	15	14	14	14	14	16	16	17	18	19	19	22	24	0	1	1	3	2	2	1	2	3	3	7	8	8	3	8	2	4	10	14	13	8	14	16	18	18	13	21	16	35	25	36	24	12	8	22	21	26	24	33	33	22	39	36	43	42	43	41	44	48	1	1	1	1	1	1	2	1	1	1	2	1	1	2	2	1	3	2	1	1	2	1	2	1	2	1	1	2	1	2	1	2	3	3	2	2	2	2	1	1	3	1	2	1	1	1	3	2	1
72500	-281.015244362739736	-279.636490678313294	-1.378753684426466	0.000064384090878	0.000028954128785	0.449709367483153	0.608331606497824	-1	2	1	4	5	4	4	4	4	3	7	3	6	8	7	8	9	9	8	8	8	10	9	10	11	10	11	12	13	12	13	12	12	12	13	11	14	13	14	15	14	15	17	17	16	19	18	20	23	0	1	1	2	12	3	2	3	3	2	3	1	6	15	2	9	9	10	2	13	8	20	20	10	18	19	19	9	32	25	21	24	15	19	24	19	26	32	33	33	36	39	41	41	39	41	44	44	44	1	2	1	1	1	2	1	1	2	1	3	2	1	1	2	2	2	3	3	1	2	1	1	3	1	1	2	3	1	1	3	1	2	2	2	2	2	1	1	2	1	1	2	1	1	1	1	2	3
73000	-274.596998782132516	-272.970678458908367	-1.626320323224150	0.000092624399618	0.000021225450184	0.229156143213532	0.658774225637146	0	2	2	4	5	4	4	3	4	5	6	4	7	5	9	8	8	8	8	6	9	10	10	10	10	9	12	13	12	12	12	12	12	11	10	13	15	14	13	15	14	15	16	17	18	18	19	22	25	0	1	1	2	3	2	3	2	1	8	7	3	20	9	20	8	9	10	7	4	6	26	16	18	18	19	13	23	35	25	22	24	21	16	18	21	19	32	33	39	36	39	41	43	33	41	44	44	47	1	1	1	1	1	1	1	1	3	1	1	1	1	1	1	2	2	2	1	1	2	1	1	1	1	1	2	2	1	2	1	1	2	1	2	3	4	2	1	1	1	2	2	1	2	2	1	4	2
73500	-274.585811267449117	-272.699060107857576	-1.886751159591560	0.000092699602706	0.000014656364449	0.158106011469051	0.546136720566782	0	3	2	3	4	5	4	4	4	5	7	5	6	7	8	8	7	9	8	8	8	10	10	9	10	9	12	12	11	12	14	13	12	10	13	14	14	14	13	16	13	16	16	17	17	19	18	22	24	0	1	1	1	1	1	4	2	3	4	7	3	9	4	17	12	3	11	7	13	8	17	16	10	18	11	20	16	6	25	22	24	26	17	29	20	26	29	33	33	17	39	31	36	39	43	44	44	48	1	1	1	2	2	2	1	1	1	1	2	2	1	2	1	2	3	2	2	1	2	2	1	1	1	1	2	2	3	1	2	2	2	2	1	4	3	1	1	2	3	2	1	1	2	2	1	2	1
74000	-325.560648154035164	-323.590048431376374	-1.970599722658768	0.000164115278706	0.000023515551328	0.143286789097868	0.579178602173837	0	1	4	4	5	4	4	3	2	3	6	6	6	7	9	8	8	8	9	5	9	10	9	8	8	9	12	12	13	11	14	11	12	11	12	13	14	14	14	15	15	14	16	17	17	17	19	22	25	0	1	8	1	9	2	9	2	2	9	7	5	20	4	5	20	4	8	13	2	3	13	20	4	4	7	13	23	24	25	27	24	21	21	32	12	19	32	15	19	19	27	37	27	39	43	44	43	48	1	1	1	2	1	2	1	1	1	1	1	1	1	1	1	2	2	2	1	1	2	1	2	1	2	3	3	2	3	2	1	2	1	2	1	3	3	2	3	3	3	1	1	2	2	1	1	3	1
74500	-286.877341756417252	-285.029001421905036	-1.848340334512194	0.000140986823349	0.000023379975009	0.165830922730575	0.691596936492108	0	2	2	2	4	3	4	5	3	5	7	4	6	7	8	8	8	8	6	7	10	11	8	10	10	9	7	12	12	12	11	12	13	12	13	13	12	14	13	14	14	16	16	17	17	20	18	21	25	0	1	1	1	3	3	9	9	1	6	19	9	2	5	20	19	8	10	7	13	12	15	13	18	10	11	10	23	24	25	18	6	21	21	29	11	13	37	37	37	36	39	41	41	39	44	31	43	48	1	1	1	1	1	1	1	1	1	2	1	1	2	1	1	1	1	2	1	1	3	2	1	1	2	1	1	2	1	1	1	3	1	1	1	3	3	1	1	1	1	2	1	2	2	1	3	3	2
75000	-283.152069330686970	-281.620068621428629	-1.532000709258329	0.000091061975837	0.000024969882860	0.274207567209813	0.615729832068432	0	2	4	4	5	2	3	5	5	4	7	4	6	8	7	8	8	8	8	8	7	9	10	8	11	10	11	12	11	12	13	12	12	13	12	12	14	14	14	15	15	15	17	18	17	17	19	20	24	0	1	1	1	2	1	1	2	12	6	7	2	3	9	12	21	9	10	7	13	8	21	16	10	24	19	15	23	24	18	21	24	19	13	18	19	26	29	19	33	36	39	41	31	40	41	36	43	44	1	1	2	2	2	1	1	1	1	1	1	1	1	1	2	1	1	2	3	1	1	1	1	2	2	1	2	1	2	2	4	2	2	3	2	2	2	2	2	2	1	1	2	2	1	1	2	1	3
75500	-285.365526976017748	-283.711662753065468	-1.653864222952304	0.000129593454928	0.000028359635316	0.218835398222230	0.597961902172743	-1	1	3	1	3	4	3	4	5	5	7	6	5	7	8	9	8	8	9	7	9	11	10	9	10	10	10	13	12	12	13	12	12	12	13	13	13	14	14	16	15	15	17	18	17	19	17	22	23	0	1	2	1	2	2	2	1	3	6	7	9	3	5	3	18	8	12	11	8	8	21	16	15	10	21	13	23	18	18	12	24	26	8	24	30	12	24	33	33	31	39	41	47	40	47	41	44	44	1	1	1	1	1	1	1	2	1	1	2	1	1	2	2	1	2	1	1	1	2	1	1	1	2	1	2	2	2	2	4	2	1	2	2	1	4	2	1	2	1	1	2	1	1	1	2	2	3
76000	-270.635273745436109	-268.488812563074816	-2.146461182361285	0.000123175705691	0.000014647048668	0.118911830756182	0.802737405411047	0	2	2	3	5	2	4	5	4	4	6	4	5	7	7	8	9	8	8	7	9	9	9	9	10	10	10	11	11	13	13	12	12	12	11	13	14	14	14	16	15	15	17	18	17	18	19	22	25	0	1	1	2	12	1	3	3	3	6	7	3	3	8	5	2	15	10	11	13	18	15	16	8	24	11	20	23	24	25	17	8	11	27	24	27	36	29	18	39	31	39	41	43	42	43	44	44	48	1	1	1	1	1	1	1	3	1	1	1	1	1	1	1	3	1	3	1	1	1	1	1	2	1	2	2	1	2	2	1	2	3	1	1	2	1	1	3	1	1	1	2	1	1	1	1	2	2
76500	-272.937380104302974	-271.312246505058738	-1.625133599244223	0.000062313445654	0.000014308640462	0.229623644010969	0.797520595202197	-1	2	1	3	4	4	3	3	5	5	8	6	6	7	8	7	7	8	7	7	9	10	9	9	9	10	10	10	11	12	11	12	12	11	12	12	9	14	14	15	13	15	16	17	18	19	19	21	23	0	1	1	2	2	3	1	2	3	6	7	2	9	9	8	12	12	10	7	13	6	13	16	6	18	37	21	23	24	25	22	24	37	27	29	15	19	32	33	33	36	39	41	36	39	41	43	44	48	1	1	1	1	1	2	1	1	1	1	3	2	1	1	2	1	1	1	2	1	2	2	2	2	1	1	1	1	1	2	1	2	2	1	1	2	1	1	1	2	1	1	2	2	1	3	2	2	1
77000	-294.565076879532796	-292.391178705674349	-2.173898173858432	0.000117468010734	0.000013594529237	0.115729628450713	0.654104823434038	0	2	2	3	5	3	3	3	4	5	7	5	5	7	8	8	8	9	8	7	8	10	9	10	10	10	12	12	12	13	11	12	12	12	12	13	14	14	15	15	14	14	16	17	17	19	20	18	24	0	1	1	2	3	2	2	1	4	6	7	8	8	12	12	2	12	5	7	9	12	12	20	10	18	2	21	31	24	18	20	18	26	22	18	22	17	32	21	42	22	11	36	41	33	43	48	43	47	1	1	1	1	2	1	1	2	1	1	2	1	1	1	1	4	2	2	2	1	2	2	1	3	1	4	2	1	1	2	1	2	1	1	2	1	3	1	3	1	2	3	2	2	2	1	1	1	1
77500	-279.121318194862738	-277.235386571467075	-1.885931623395669	0.000116807682670	0.000018486460135	0.158264077433836	0.745141877619704	0	3	4	3	4	4	3	5	1	5	7	5	5	7	7	9	7	8	7	7	9	10	9	10	10	10	9	11	12	12	13	12	11	12	12	13	14	14	14	15	15	16	16	18	17	19	19	23	24	0	9	9	9	7	1	9	3	1	3	7	1	2	13	12	12	3	10	7	13	17	8	15	10	18	11	20	23	24	25	21	24	4	13	24	8	18	32	33	39	31	37	41	43	42	41	43	47	48	1	1	1	1	1	2	1	1	1	1	2	2	1	1	1	2	2	2	2	2	1	3	1	3	1	1	1	1	1	1	2	1	4	4	1	4	3	1	2	1	1	1	1	2	1	2	1	2	1
78000	-274.358555731146168	-272.858921125719007	-1.499634605427174	0.000062595415892	0.000018459683292	0.294904715134506	0.694204332062639	-2	2	1	3	4	5	4	4	4	4	7	5	6	7	8	8	8	8	6	8	9	9	10	8	10	10	11	13	13	12	12	11	11	13	12	13	14	15	14	15	14	15	17	18	17	20	20	22	24	0	3	1	1	4	4	4	2	3	2	7	8	12	5	12	8	13	10	7	13	6	8	16	10	24	19	8	23	35	25	21	24	11	27	18	27	26	32	33	39	23	33	41	41	39	44	44	47	48	1	1	2	2	1	1	1	1	2	1	2	1	1	2	2	2	1	2	2	2	2	2	2	2	1	2	3	1	1	1	1	1	2	1	2	1	2	2	2	1	2	1	2	2	2	1	1	2	1
78500	-279.004831601015439	-277.226517439090969	-1.778314161924494	0.000113419722074	0.000020622663260	0.181826078237613	0.744126708365062	0	2	2	3	5	3	3	4	5	4	6	3	6	7	8	7	8	8	9	7	5	11	10	9	10	9	10	12	13	12	13	11	12	12	12	12	13	14	14	16	14	16	17	17	17	19	19	20	24	0	1	1	2	8	3	1	3	3	1	9	1	8	5	8	21	9	10	11	13	12	15	16	10	10	20	21	16	32	25	28	24	9	21	24	23	19	32	33	33	36	39	41	41	39	43	43	47	48	1	1	1	1	1	1	2	1	1	2	1	2	1	1	2	1	1	2	1	1	1	1	2	2	2	1	3	2	1	1	1	1	3	5	1	1	2	2	1	2	1	1	2	2	2	1	1	1	2
79000	-297.758406443895865	-296.102909356412169	-1.655497087483718	0.000120667350749	0.000026336075465	0.218253531722935	0.559563849650381	-1	2	3	3	3	4	4	4	4	5	7	5	5	7	8	8	8	7	9	7	8	10	8	9	9	9	9	12	10	13	13	11	11	12	11	13	14	14	13	14	14	15	17	16	17	19	18	21	25	0	1	2	2	2	1	3	2	3	6	7	6	3	5	12	9	8	10	7	13	20	21	20	6	10	20	13	23	24	10	8	11	11	27	18	22	3	24	33	33	36	39	41	41	42	37	44	44	43	1	1	1	1	1	2	1	1	1	1	1	1	1	2	1	2	2	1	2	2	1	1	1	2	2	1	2	2	1	4	2	3	2	2	3	2	5	3	1	2	1	2	2	1	1	2	1	2	3
79500	-300.897876987112454	-299.431247204057513	-1.466629783054931	0.000106341678086	0.000034095436295	0.320621574803621	0.584052774622050	-1	1	3	3	4	3	4	5	4	4	6	3	7	6	8	8	5	8	9	5	9	10	10	9	10	9	11	12	12	12	13	11	12	11	12	13	14	13	13	16	14	16	15	16	18	20	20	20	23	0	1	2	2	1	2	6	9	2	12	7	2	20	9	3	5	5	5	12	12	17	21	16	10	18	13	19	23	18	25	24	21	26	19	24	27	26	32	19	39	36	39	21	41	39	36	44	44	47	1	1	1	1	2	1	1	1	1	1	1	2	1	1	2	2	1	2	4	1	2	1	2	4	1	1	1	1	3	2	2	1	2	1	1	1	2	1	2	2	1	2	4	1	3	3	2	2	1
80000	-274.811424932103648	-273.257206839868729	-1.554218092234916	0.000092541106772	0.000024234214965	0.261875136472520	0.735659320635527	0	2	3	3	4	4	3	4	5	5	6	6	7	7	9	8	8	8	8	8	8	9	10	9	10	10	11	12	11	12	12	13	12	13	12	13	13	15	14	14	14	15	16	16	17	20	19	20	22	0	1	2	1	7	3	2	4	8	6	7	9	9	9	8	5	9	10	13	9	3	8	16	12	10	11	9	16	24	18	15	29	26	26	29	31	13	32	37	37	36	39	41	41	33	44	44	44	48	1	1	1	1	1	1	1	1	1	1	2	1	1	1	2	2	2	2	1	1	2	3	1	2	2	2	4	2	1	1	1	1	1	1	1	1	3	2	1	1	1	1	1	1	2	2	2	2	1
80500	-283.629782246037848	-281.719446055334458	-1.910336190703417	0.000105848710569	0.000016266225601	0.153674291484237	0.663187997935083	0	2	2	3	5	5	4	4	5	4	8	5	6	7	8	7	8	7	7	6	9	11	9	9	11	10	10	12	13	12	12	12	12	13	13	12	10	14	15	14	14	16	17	17	18	18	19	22	24	0	1	1	1	3	2	1	3	2	1	7	1	6	12	9	12	8	6	7	9	5	12	16	18	21	19	11	23	30	10	26	24	26	27	32	2	11	22	33	33	36	39	41	41	42	41	41	41	47	1	1	2	2	2	2	2	1	1	2	2	2	1	1	1	1	2	1	2	1	2	2	1	2	1	2	1	1	1	4	1	2	1	2	1	4	1	1	1	1	1	1	2	1	1	2	3	4	2
81000	-270.081238771179983	-268.302411471953633	-1.778827299226349	0.000104508538884	0.000018989047715	0.181698528345924	0.625495425785301	0	2	3	2	5	3	2	5	3	5	7	5	7	7	7	8	7	7	8	8	8	10	10	9	10	9	10	12	13	12	13	12	11	12	12	13	12	14	13	13	14	16	16	17	16	20	19	22	24	0	1	2	1	9	4	1	3	2	6	5	2	2	5	9	6	12	5	7	15	5	15	16	18	24	19	21	23	24	25	22	24	26	13	24	9	19	32	33	33	36	33	41	41	39	44	43	44	47	1	1	1	1	1	1	1	1	1	1	1	2	2	1	1	1	1	1	1	1	1	2	1	1	1	1	1	1	2	1	2	1	1	1	2	4	2	1	1	1	1	3	2	2	1	2	1	2	2
81500	-281.361078683924291	-279.176404935502489	-2.184673748421823	0.000091432231059	0.000010470602636	0.114517632511720	0.651709546133681	0	2	3	2	5	3	4	5	4	5	7	6	6	6	9	7	8	8	9	8	8	11	9	9	9	10	12	12	12	13	14	11	13	13	13	12	12	14	14	15	14	16	16	17	18	20	19	22	24	0	1	2	1	2	2	2	2	2	6	7	8	2	5	12	10	1	10	7	2	5	20	16	4	18	11	19	16	24	25	12	24	11	5	29	22	26	32	37	33	36	39	41	41	42	41	44	44	44	1	1	1	1	2	1	1	2	1	2	2	1	2	1	1	1	4	1	2	4	1	2	1	3	1	1	2	3	2	2	5	1	2	4	1	1	1	2	1	1	1	1	1	1	1	3	1	2	3
82000	-312.916436478824608	-311.148396623377778	-1.768039855446839	0.000102502108678	0.000018903010401	0.184415819779773	0.493339233601636	-1	3	1	3	2	3	3	3	5	5	7	5	6	6	7	8	8	7	9	6	8	10	9	10	10	8	10	11	12	12	13	12	12	12	12	12	13	14	14	16	14	15	17	17	18	19	19	22	24	0	3	1	5	1	1	5	3	2	6	6	2	5	1	13	12	15	10	20	12	12	2	15	18	18	3	11	23	24	25	12	24	7	27	24	19	11	24	12	37	36	37	41	36	33	36	41	37	44	1	1	1	1	1	1	1	1	1	1	2	1	2	2	1	1	1	2	2	1	1	3	1	2	1	3	2	1	1	1	4	1	4	1	1	1	4	2	4	2	1	2	2	3	2	3	3	3	3
82500	-324.031869696805416	-322.278183028589410	-1.753686668216005	0.000143137601989	0.000026931684411	0.188152407454111	0.493267663138396	-1	2	3	3	4	4	3	5	5	3	6	5	6	7	8	8	9	7	7	7	10	9	8	8	10	10	9	13	13	12	12	11	13	13	13	12	13	15	14	15	13	15	17	17	17	19	20	19	23	0	1	1	1	2	10	2	3	4	1	7	2	9	12	18	20	3	8	11	13	15	15	20	18	18	19	13	21	32	18	15	24	12	16	30	13	21	32	26	37	12	39	33	36	39	44	43	41	48	1	1	2	2	1	1	1	1	1	2	1	1	1	1	1	1	3	2	1	1	1	1	1	1	2	2	1	1	1	2	1	2	5	3	1	3	2	2	1	2	4	1	1	3	2	1	1	3	2
83000	-289.564080416287595	-287.853199110097080	-1.710881306190533	0.000076873576045	0.000015390703117	0.200207976643631	0.604072344494689	-1	1	2	4	3	3	2	3	5	4	7	5	6	6	8	7	5	7	8	8	10	11	9	9	10	6	11	11	13	13	11	12	11	13	13	13	14	14	14	15	13	16	16	17	17	19	18	23	25	0	1	1	3	1	2	1	1	6	8	7	6	8	3	26	2	8	7	26	13	2	15	16	10	18	9	13	16	24	25	15	24	26	27	18	31	13	32	33	33	21	33	31	43	39	43	43	47	48	1	1	2	1	1	1	2	2	1	1	2	1	1	2	1	3	1	3	1	1	5	2	1	3	2	1	3	2	2	2	2	1	2	1	3	1	3	2	2	2	2	2	2	1	1	2	1	2	1
83500	-297.056943548152901	-295.537746253409921	-1.519197294742974	0.000070986843725	0.000020015549832	0.281961399906497	0.612247343961630	0	1	3	3	5	3	4	5	4	4	7	5	6	7	9	8	7	7	9	7	9	10	9	10	9	9	11	11	13	13	14	12	12	13	13	14	14	13	15	16	15	14	15	16	16	19	19	22	25	0	1	2	1	1	1	3	9	2	6	7	9	9	3	9	12	8	10	9	9	9	13	16	10	18	7	13	16	24	25	15	18	11	15	24	2	11	32	42	33	19	33	21	43	42	41	44	43	47	1	1	1	2	2	2	1	1	2	1	1	1	1	2	3	1	1	2	3	1	3	1	1	3	1	2	3	1	2	2	3	2	3	2	2	4	3	1	1	2	3	1	3	1	1	3	2	3	2
84000	-320.298362410879349	-318.038454653167662	-2.259907757711705	0.000163700764713	0.000017450190833	0.106598102111799	0.524280458973599	0	2	3	2	3	4	4	4	5	5	7	5	6	6	8	8	7	9	9	7	10	11	10	10	10	9	12	12	13	12	13	9	12	11	10	11	14	14	14	16	14	16	17	18	17	18	19	22	24	0	1	1	1	2	2	3	2	5	6	7	1	10	5	5	12	8	17	7	10	6	8	16	20	15	17	21	16	24	32	32	12	22	12	32	13	36	29	33	37	15	33	4	41	39	31	17	36	48	1	1	2	1	1	1	1	2	1	1	2	2	1	1	3	1	2	1	1	1	4	3	2	1	1	1	1	2	2	1	2	2	1	4	1	2	2	1	1	1	2	2	6	2	1	2	6	4	1
84500	-276.755279934214911	-275.033712230283697	-1.721567703931203	0.000088570715670	0.000017453810500	0.197060736925600	0.618727478296441	-1	2	3	4	4	4	3	5	5	5	6	4	6	7	8	8	7	7	8	8	8	10	9	9	10	10	12	11	12	13	14	12	11	11	13	12	13	14	12	15	14	15	16	16	18	20	19	22	24	0	1	2	2	3	3	2	3	3	5	7	2	12	3	17	14	8	10	7	13	17	15	16	18	18	19	20	23	18	25	36	24	11	20	29	19	11	32	33	33	36	39	41	41	33	44	44	43	47	1	1	1	1	1	1	1	1	1	1	1	1	1	2	1	1	2	1	3	2	1	1	1	1	2	1	2	2	3	2	1	1	2	3	1	1	3	1	1	2	1	2	2	1	4	3	2	3	3
85000	-254.073115219337581	-252.472299788159035	-1.600815431178533	0.000074640306154	0.000017888987522	0.239669267770872	0.662517004544899	0	2	2	4	5	4	4	3	3	5	7	4	7	7	8	7	8	8	8	8	10	10	10	9	10	10	11	12	12	13	13	12	12	12	13	12	14	14	14	15	14	16	16	18	18	20	20	22	24	0	1	1	1	2	2	9	1	1	8	7	3	12	5	9	1	4	10	7	4	13	15	16	18	18	11	13	16	24	25	36	24	26	27	32	21	26	24	33	33	36	39	41	41	42	41	43	47	48	1	1	1	2	1	1	1	2	1	2	2	1	1	1	2	3	3	2	2	2	2	1	2	1	1	2	1	2	1	1	1	2	1	1	1	1	2	3	1	2	1	1	2	2	1	2	2	1	1
85500	-277.760716605971083	-276.066956328028141	-1.693760277942967	0.000112369583862	0.000023087538159	0.205460742717651	0.687302184764307	0	2	3	3	4	5	4	4	5	3	7	5	6	7	8	8	9	7	8	7	9	10	10	9	9	10	11	12	11	13	13	13	12	12	12	12	14	14	14	15	14	15	16	18	17	19	19	21	24	0	1	1	1	3	1	3	3	3	2	7	3	5	8	9	9	15	10	6	8	9	15	16	10	8	15	19	21	24	25	36	29	26	8	24	21	34	29	33	33	8	39	41	41	42	43	41	43	47	1	1	1	1	1	2	1	1	1	1	1	1	1	2	1	1	1	2	1	2	2	1	1	3	2	1	1	2	1	1	1	1	1	3	1	1	1	1	1	1	3	1	1	2	1	1	2	2	2
86000	-297.165246018451512	-295.058814120088073	-2.106431898363436	0.000086437526388	0.000010702617664	0.123819110876236	0.558513277014670	0	2	3	4	5	3	4	5	4	5	5	6	5	5	8	8	7	9	8	7	9	9	9	8	10	10	10	11	13	13	13	10	11	12	12	11	14	14	15	15	13	16	16	17	18	19	19	22	22	0	1	1	1	3	1	6	9	1	6	7	3	2	2	9	13	3	6	7	13	13	15	16	6	18	15	20	16	35	25	12	21	12	27	24	21	26	32	41	33	19	39	36	43	39	43	44	47	47	1	1	1	2	2	2	1	1	1	1	1	1	1	1	1	1	3	3	2	1	2	1	1	2	1	1	2	1	1	2	3	1	3	1	2	1	2	2	1	2	3	1	2	1	2	2	2	2	2
86500	-273.699912629901519	-271.748728636300200	-1.951183993601305	0.000116465997009	0.000017061882981	0.146496689324794	0.702745224112319	0	3	2	3	2	5	3	4	5	4	7	6	5	5	7	9	8	7	9	7	10	10	10	9	9	9	12	12	12	13	14	12	12	11	12	12	14	13	14	16	14	16	17	17	17	18	19	22	25	0	1	1	1	1	3	3	1	1	2	7	9	2	8	9	15	12	10	20	13	15	13	16	18	18	11	34	23	24	25	36	24	22	20	24	21	15	29	33	37	36	39	41	7	39	44	43	43	48	1	2	1	1	1	1	1	2	2	1	2	1	1	1	1	1	1	1	1	1	1	2	1	1	1	1	1	1	2	2	1	2	1	1	1	1	3	1	1	1	1	2	2	4	1	1	1	3	2
87000	-246.700148312944464	-244.993189781046823	-1.706958531897634	0.000112517021255	0.000022659581906	0.201388035811114	0.762847904974861	0	2	3	4	4	5	4	4	4	4	7	5	6	6	8	8	8	8	9	7	9	11	10	10	11	10	10	12	11	12	12	13	12	13	13	13	14	15	14	15	14	15	16	17	18	18	20	22	24	0	1	2	2	2	8	2	3	2	2	7	2	9	5	20	5	11	10	11	13	20	12	16	18	24	19	13	16	24	18	18	29	27	27	29	31	26	32	33	33	36	39	41	41	39	41	44	44	48	1	1	1	1	1	1	1	1	1	1	2	1	1	2	1	1	1	2	1	1	1	2	1	1	1	1	2	1	1	2	1	1	1	1	1	1	2	1	1	1	1	1	1	2	2	1	2	2	2
87500	-284.672788834347728	-283.098835135731917	-1.573953698615815	0.000123991709524	0.000031237627687	0.251933196239321	0.688359940650566	0	2	2	4	5	4	3	5	4	5	8	5	7	6	7	8	9	9	9	7	9	10	10	10	10	10	12	12	12	12	13	13	12	13	12	12	13	14	14	15	15	15	15	17	18	19	20	22	23	0	1	1	3	1	1	2	2	3	6	9	3	4	3	9	12	13	10	11	9	20	15	16	13	18	9	13	16	24	25	28	26	11	13	24	21	11	29	33	33	36	39	15	41	42	43	44	44	48	1	1	2	1	2	2	1	2	1	1	1	2	3	2	1	1	1	2	1	2	1	2	1	1	1	3	3	2	1	1	1	1	2	2	1	2	3	1	1	2	1	1	3	1	2	1	2	2	1
88000	-284.336141875375631	-281.876283635825757	-2.459858239549863	0.000167567751266	0.000014964175167	0.089302237772837	0.738326749992089	0	3	2	4	4	4	3	4	4	5	7	5	5	7	7	8	8	7	8	7	9	10	9	10	9	9	10	12	13	11	11	12	12	12	11	12	13	14	13	14	14	16	15	17	18	19	18	20	25	0	3	1	3	3	3	3	3	1	8	7	8	3	5	9	18	20	4	18	13	13	17	16	8	18	19	2	16	24	25	17	24	27	27	24	22	26	32	33	33	31	39	36	31	39	36	41	44	48	1	1	1	1	1	1	1	1	2	1	2	1	1	2	1	1	1	2	1	1	2	1	1	2	1	1	3	2	1	1	1	1	2	1	1	1	2	1	1	1	2	2	1	2	2	4	2	2	2
88500	-296.231079523061510	-294.732261670285425	-1.498817852776085	0.000069962978965	0.000020672489699	0.295477551202155	0.605552651101878	0	2	3	4	5	5	3	4	4	5	8	4	6	8	7	8	8	8	9	7	9	10	9	7	11	9	10	11	12	13	13	13	11	13	13	13	13	14	15	15	14	14	17	16	17	19	20	21	24	0	1	1	2	8	2	2	1	1	12	6	1	9	5	3	3	9	10	7	13	3	4	16	10	18	15	13	9	18	18	16	10	11	27	24	21	19	22	42	33	36	33	41	41	42	43	44	47	48	1	1	2	1	1	1	1	3	2	1	2	1	1	1	2	2	3	2	2	1	2	3	1	1	1	1	2	3	1	3	2	4	2	2	2	2	3	2	1	1	1	2	2	1	1	1	2	1	2
89000	-267.663829479702315	-265.946901554242686	-1.716927925459605	0.000093542216362	0.000018560204068	0.198415269489167	0.802097568188466	0	2	3	2	5	4	4	3	2	5	7	5	6	6	8	7	9	7	6	7	7	9	9	8	9	9	11	12	12	13	13	11	13	13	13	12	13	14	14	16	14	15	16	15	15	19	18	21	24	0	1	9	1	3	9	2	1	1	6	12	8	3	5	11	12	11	10	7	13	12	12	16	10	18	11	20	27	24	25	12	24	7	27	32	21	26	24	33	39	36	39	41	41	33	43	44	44	48	1	1	1	1	1	1	1	1	1	1	1	1	1	1	1	1	1	1	1	1	1	2	1	1	2	1	3	1	2	2	2	2	4	1	1	2	2	3	1	1	1	1	1	1	1	1	2	2	2
89500	-275.175712389350281	-273.657624528142605	-1.518087861207655	0.000064497938353	0.000018230875984	0.282658274814934	0.537212257705255	0	2	4	3	4	5	3	4	4	5	7	4	6	5	8	8	8	7	8	7	9	10	10	9	10	8	11	11	12	13	13	12	13	13	13	12	14	14	14	15	14	15	15	17	17	19	20	22	24	0	1	2	1	2	8	2	1	2	3	7	2	12	5	12	8	9	10	7	13	2	19	16	6	10	11	21	17	24	25	36	24	15	27	29	11	12	29	33	33	36	39	41	43	42	43	41	43	48	1	1	1	2	1	1	1	2	1	1	2	2	1	1	3	2	2	2	2	1	2	1	2	2	2	1	1	1	3	2	1	2	3	1	1	2	4	2	1	1	1	1	1	1	1	2	3	3	1
90000	-255.516909111839993	-253.727579097215340	-1.789330014624639	0.000083380258642	0.000014935421719	0.179124195129311	0.694707018177459	-1	2	3	4	5	5	3	4	3	5	7	6	7	7	9	8	8	8	9	8	9	10	10	9	11	9	11	12	11	12	14	12	11	12	13	13	14	14	14	15	14	14	16	17	16	20	19	21	23	0	1	2	2	3	7	1	3	2	2	3	9	4	5	12	12	2	10	17	11	12	20	16	18	18	11	21	23	24	25	21	24	26	27	29	21	26	32	33	39	36	33	41	36	39	44	44	43	48	1	1	1	1	1	1	2	1	1	1	2	2	1	1	1	1	2	2	1	1	2	1	2	1	2	1	1	1	1	1	4	2	1	1	1	2	2	1	2	1	1	1	1	2	1	2	2	1	1
90500	-261.372530379753414	-259.788961826921252	-1.583568552832144	0.000093306866605	0.000023083006896	0.247388083387096	0.737537422470660	0	1	3	3	5	4	2	3	5	5	8	6	5	8	8	8	7	9	7	7	9	10	9	9	10	10	10	11	13	13	12	11	12	13	13	14	13	14	14	15	14	15	16	17	17	19	20	23	25	0	1	2	2	3	3	1	2	3	8	13	4	2	13	8	9	4	10	8	13	9	21	16	10	24	11	20	23	32	25	15	18	26	27	18	31	26	32	33	15	31	39	41	41	42	43	44	47	48	1	1	1	1	1	1	2	1	1	1	1	1	2	1	1	1	2	2	1	1	2	1	1	2	1	1	1	1	1	2	2	1	1	1	2	1	2	1	1	2	1	1	1	1	1	1	2	2	1
91000	-266.049478637473726	-263.903032127914173	-2.146446509559580	0.000089093027729	0.000010594370050	0.118913570677278	0.830955022395858	0	1	2	4	5	4	4	3	4	5	8	5	6	7	8	8	9	9	6	8	8	10	9	9	10	9	11	11	12	12	11	13	12	11	13	13	14	14	14	15	14	16	16	18	17	20	19	22	23	0	1	2	3	3	2	3	2	1	6	7	9	3	5	12	9	21	10	7	12	9	15	16	6	18	20	21	23	24	25	18	10	11	20	24	31	26	24	33	33	31	39	41	43	39	43	44	44	48	1	1	1	1	1	1	1	1	2	1	2	1	1	1	1	2	1	2	1	1	2	1	1	3	1	1	1	1	2	1	1	3	2	1	2	1	2	2	1	1	2	2	2	1	1	1	1	2	1
91500	-297.918853967789062	-295.466549729600388	-2.452304238188702	0.000128541579183	0.000011552520382	0.089873801579312	0.703520632086756	-1	2	4	4	4	3	4	4	3	4	6	6	6	6	7	9	9	8	8	8	10	9	10	9	10	10	10	11	12	13	13	12	13	13	11	14	14	14	14	15	14	16	16	16	17	19	18	22	20	0	1	1	2	9	2	2	2	1	6	7	1	8	2	8	14	14	10	13	13	18	13	16	14	18	15	20	23	18	25	21	24	11	26	24	31	15	32	33	33	5	39	36	36	39	41	44	47	43	1	1	3	1	1	1	1	1	2	1	2	3	1	3	2	2	1	2	1	1	1	1	1	1	1	2	1	1	2	2	1	2	3	1	1	1	2	1	1	1	5	2	1	1	2	2	1	3	3
92000	-300.071151777810883	-298.052135845680368	-2.019015932130519	0.000142368123084	0.000019331826244	0.135787603467244	0.584256410235383	0	2	4	1	4	4	4	4	3	5	7	5	6	6	7	8	8	7	8	8	9	10	9	9	9	9	11	12	12	12	13	13	11	12	12	12	14	13	13	15	14	16	17	16	18	18	19	22	24	0	1	9	1	2	9	2	2	1	2	7	9	12	10	14	5	10	6	7	13	12	15	16	18	18	19	21	23	24	25	22	24	10	27	18	3	26	24	26	39	36	15	41	41	39	36	41	44	41	1	1	1	1	1	1	1	1	1	2	2	1	1	1	1	1	2	2	2	1	2	1	1	2	1	1	1	1	2	2	1	2	4	1	2	4	2	2	1	2	1	5	2	1	1	2	3	2	4
92500	-264.962149707479796	-263.227116285061982	-1.735033422417841	0.000105049374357	0.000020298603707	0.193229172766539	0.584586312881769	0	3	2	4	5	5	4	4	3	4	7	5	6	6	9	7	9	8	8	7	8	10	9	10	11	9	10	13	12	13	13	8	12	12	12	13	13	13	14	15	14	16	16	17	15	19	18	22	24	0	3	1	3	1	1	3	3	3	3	7	2	8	2	4	8	11	10	7	13	20	5	16	26	24	2	13	23	24	25	15	10	22	27	32	22	26	24	33	33	31	39	31	43	39	44	44	43	48	1	1	1	1	3	2	1	1	1	1	2	1	1	1	1	1	1	2	2	1	1	3	1	1	1	3	2	2	1	1	2	2	1	1	2	2	2	1	1	1	1	1	2	1	1	1	1	3	1
93000	-269.397257685788361	-267.614982475175339	-1.782275210613021	0.000092313840703	0.000016694571776	0.180845815194996	0.717791281215240	0	2	3	3	4	4	4	4	4	5	7	6	6	8	8	8	8	9	8	7	8	10	9	9	10	9	11	12	12	13	12	12	12	12	12	14	13	14	13	16	14	16	17	16	17	19	20	20	22	0	1	1	1	2	2	2	2	1	6	7	9	9	5	3	3	9	10	7	13	12	21	16	10	18	11	20	16	24	25	27	24	21	12	18	31	26	32	33	39	15	39	41	41	42	41	44	44	48	1	1	1	2	2	1	1	1	2	1	2	1	1	2	2	2	1	2	2	1	2	1	1	1	1	1	3	2	1	2	1	2	2	4	2	1	2	1	1	2	2	2	1	1	1	1	2	2	1
93500	-269.493350627337065	-267.510207888407876	-1.983142738929206	0.000120999404297	0.000017094438176	0.141277044093283	0.626214675911103	0	2	3	4	5	4	4	3	5	5	6	5	6	7	8	8	8	7	8	6	8	10	10	9	11	10	10	12	11	13	13	11	12	12	12	12	14	12	15	15	14	15	17	17	17	20	19	23	24	0	1	2	8	3	2	8	1	3	6	7	8	4	3	12	5	8	10	11	7	20	21	16	18	21	19	21	16	24	25	9	18	19	27	29	21	26	24	33	33	31	33	41	41	42	43	43	43	48	1	1	1	1	2	1	1	2	1	1	1	1	1	1	2	2	3	1	1	1	1	1	1	1	2	1	1	4	1	1	3	2	2	1	1	2	2	2	2	2	1	2	2	2	1	1	1	3	1
94000	-273.877880092056273	-271.748254710390654	-2.129625381665594	0.000105932412244	0.000012811049328	0.120936067223385	0.668919245248734	0	2	2	4	4	4	4	4	4	5	8	5	6	7	7	6	8	7	8	7	8	10	9	10	10	9	11	12	11	13	13	12	12	12	13	13	14	14	14	16	14	16	16	18	18	20	20	22	25	0	1	1	3	1	2	3	2	3	6	5	9	9	5	5	4	8	6	8	13	12	5	16	3	18	11	21	23	25	18	19	24	26	27	29	22	33	24	33	33	36	39	41	41	42	41	43	43	48	1	1	1	1	2	1	2	1	1	1	1	1	1	2	1	1	2	2	1	1	2	2	2	3	2	1	1	1	1	2	3	1	1	1	1	1	2	3	1	2	1	1	1	2	1	3	2	3	2
94500	-284.030428555303729	-282.275508204736809	-1.754920350566944	0.000120568175094	0.000022645791434	0.187825613319084	0.483520858049379	-2	1	3	4	4	4	2	5	2	4	7	5	6	7	8	8	8	8	8	7	8	11	9	9	9	10	10	13	12	12	13	12	13	12	13	14	13	15	14	15	15	15	17	17	17	19	20	21	24	0	1	2	9	1	7	2	2	1	9	7	3	2	5	8	2	6	20	7	2	12	19	20	10	18	11	15	23	24	25	15	24	15	27	29	21	26	32	11	39	36	33	41	37	42	43	44	41	47	1	1	1	1	3	1	1	2	2	1	2	1	2	2	2	3	2	1	3	2	2	1	1	2	1	1	1	2	2	2	2	1	2	1	1	3	2	1	4	1	1	1	2	2	1	1	1	3	2
95000	-278.661893084086671	-276.628131116740633	-2.033761967346056	0.000091682583254	0.000012252040276	0.133635417336402	0.642797126342756	0	2	3	2	3	4	4	4	5	5	8	5	5	8	7	7	6	8	9	7	9	10	9	9	11	10	11	12	12	13	12	12	9	12	13	14	13	14	15	12	15	14	16	17	17	19	20	20	24	0	1	2	1	2	2	3	2	3	6	7	3	1	13	12	12	1	10	7	6	9	15	16	18	18	21	20	16	24	25	21	24	7	15	29	15	26	24	42	33	31	33	41	41	39	43	44	44	47	1	1	1	1	1	1	1	1	1	1	2	1	2	2	1	1	2	1	2	1	1	1	1	1	2	1	2	3	2	1	1	2	2	3	1	3	2	3	1	1	2	1	1	1	1	2	2	1	2
95500	-281.889457987464084	-280.364403365767942	-1.525054621696137	0.000128469437712	0.000035759445365	0.278349823912445	0.707129885817705	0	2	4	3	5	4	2	4	2	4	8	3	7	7	7	8	8	7	8	6	9	11	9	9	10	9	11	13	11	12	12	13	12	10	12	13	13	15	15	15	13	15	16	16	18	19	20	21	23	0	1	12	9	12	2	1	12	1	2	7	9	20	5	5	3	8	10	15	8	20	15	16	12	18	15	13	23	24	25	27	29	22	11	29	19	26	32	37	33	21	22	36	41	33	44	41	43	48	1	1	1	1	1	1	1	1	1	1	2	1	1	1	1	2	2	2	1	1	1	2	1	2	2	1	2	2	1	2	1	1	1	1	1	2	2	1	1	2	1	2	2	2	3	1	2	3	1
96000	-278.605949323000914	-277.106517586993846	-1.499431736007065	0.000089004042438	0.000026260352381	0.295046737902273	0.654144031454869	0	2	3	3	4	5	4	5	4	4	8	6	6	7	8	9	8	8	8	7	9	10	8	10	11	10	12	12	12	12	13	13	12	13	13	12	15	15	13	15	14	15	16	17	17	19	18	23	24	0	1	2	2	1	2	1	3	3	2	7	8	9	6	8	23	8	10	7	13	15	12	12	10	10	11	8	16	24	18	20	25	19	22	24	22	7	32	33	33	36	33	36	41	42	43	36	44	48	1	1	1	1	2	1	1	2	1	1	1	1	1	1	1	1	1	2	2	1	1	2	1	2	3	1	3	2	1	2	2	1	2	2	2	1	5	2	1	1	1	2	2	2	1	1	2	2	1
96500	-315.720801578139287	-313.577491416350711	-2.143310161788595	0.000147418557221	0.000017585035309	0.119286442903398	0.569564718728665	-1	1	3	3	4	5	4	4	5	5	8	4	7	7	7	8	8	9	6	6	9	9	9	9	8	9	11	12	11	12	13	13	11	11	11	14	12	15	14	16	14	16	17	17	17	18	19	22	22	0	1	2	2	3	12	3	4	5	8	19	1	20	3	2	1	14	25	7	9	9	6	16	5	10	14	26	23	24	22	14	29	19	15	24	22	26	24	31	39	15	39	31	41	42	44	44	47	44	1	1	1	1	1	1	1	1	1	1	1	2	1	2	3	3	1	1	1	1	2	2	1	3	2	1	1	2	1	2	4	1	4	2	2	1	2	2	1	2	2	1	3	2	1	1	1	2	3
97000	-271.379998168103214	-269.532350504097280	-1.847647664005936	0.000092770047383	0.000015397643028	0.165976448894319	0.677108842355670	-1	2	2	2	5	5	4	3	4	5	8	6	6	7	5	7	7	8	8	7	8	10	9	9	10	9	10	11	13	12	14	11	12	13	12	13	13	14	14	15	15	16	16	17	16	18	19	22	24	0	1	1	1	2	8	3	1	1	8	7	5	9	5	3	6	12	10	13	13	13	19	16	18	26	3	5	23	24	25	27	24	7	27	24	22	6	29	33	37	36	39	41	43	39	31	44	44	48	1	1	1	2	2	1	1	3	3	1	2	1	1	1	2	1	1	1	1	1	1	1	2	1	1	3	2	1	2	1	2	1	3	1	2	1	4	1	1	1	1	1	1	1	1	2	1	2	1
97500	-255.566343666517071	-253.930930669785312	-1.635412996731767	0.000095304609614	0.000021504452565	0.225639165329796	0.717939814087624	0	1	3	2	4	2	3	5	5	5	7	5	6	7	8	8	6	8	8	8	9	11	10	9	10	9	11	11	11	13	10	13	12	12	13	13	14	15	15	16	15	14	16	16	17	20	19	21	24	0	1	1	1	2	1	2	2	3	6	7	3	12	5	8	5	3	10	7	17	8	21	16	10	18	11	21	23	24	25	21	29	19	27	24	31	26	32	42	42	36	33	41	41	42	47	41	44	48	1	1	2	1	2	1	1	2	1	2	1	1	1	1	2	3	1	2	2	1	2	1	1	2	1	1	1	1	1	2	1	2	2	1	2	2	2	1	1	1	1	1	1	1	2	1	2	2	1
98000	-312.012104276532853	-310.387845296287651	-1.624258980245192	0.000105987360209	0.000024373857868	0.229969477681722	0.644350903734623	0	2	1	3	3	5	3	4	4	5	6	6	6	8	9	6	8	8	8	7	7	9	9	9	10	10	12	12	11	13	14	12	11	12	13	13	13	14	15	16	14	16	16	17	17	19	20	20	24	0	1	1	2	3	7	1	2	3	2	7	8	2	8	18	9	13	10	11	9	5	13	16	7	18	19	12	23	24	32	27	25	2	19	29	11	27	29	33	39	6	37	36	43	42	44	44	43	44	1	1	1	1	1	1	2	1	2	1	1	1	2	2	1	1	1	2	2	1	1	2	1	3	2	2	3	2	1	1	1	1	3	2	1	3	1	1	2	1	4	1	2	1	1	2	2	3	4
98500	-264.850160330038648	-262.985453398751872	-1.864706931286748	0.000089550899564	0.000014548282759	0.162458253684027	0.746977604914822	0	2	3	2	4	4	3	5	5	5	7	6	5	7	7	7	7	8	7	7	10	11	10	8	10	10	12	12	11	13	14	12	12	13	11	13	14	14	14	14	14	16	16	18	17	19	19	22	24	0	1	1	1	2	3	2	4	3	6	7	1	1	5	8	13	8	10	7	13	17	20	16	10	18	9	22	23	18	25	22	10	19	22	24	22	22	32	33	33	36	39	41	41	33	41	44	44	48	1	1	2	1	1	1	1	1	1	1	2	2	2	1	1	1	1	2	2	1	1	2	1	2	1	3	1	1	2	2	2	2	3	1	2	1	1	1	1	1	1	1	2	2	2	3	1	2	1
99000	-283.553676592980821	-282.041958144704154	-1.511718448276690	0.000091870601623	0.000026343143338	0.286741818081810	0.572658191511791	0	2	4	3	5	3	3	5	4	5	7	6	6	7	8	8	9	7	9	7	10	10	9	9	10	9	12	12	11	13	13	12	13	12	12	13	14	15	13	15	14	16	17	17	16	19	20	23	25	0	1	1	1	1	1	1	1	4	6	7	10	8	9	12	13	11	10	7	13	7	12	16	8	24	8	4	23	24	25	1	24	26	21	29	26	26	31	21	26	36	39	41	41	39	43	41	43	48	1	1	2	2	2	1	1	3	1	1	2	1	1	2	1	1	1	1	2	1	3	1	1	2	1	2	4	2	1	1	6	1	2	1	1	1	2	2	2	3	1	1	2	2	1	1	4	2	1
99500	-290.652735082086508	-288.459730864318090	-2.193004217768436	0.000115565822204	0.000013127666044	0.113594709869512	0.605757526502145	0	2	3	4	4	4	3	4	2	5	7	5	6	8	8	8	8	8	7	8	8	10	9	10	10	8	10	13	13	12	14	12	11	12	12	13	14	14	13	15	14	15	16	18	15	19	19	21	23	0	1	2	3	9	1	2	9	1	3	7	4	6	5	13	13	19	10	4	9	13	21	16	9	18	2	12	23	32	18	36	24	19	11	24	13	33	24	33	33	19	26	36	41	39	44	41	44	48	1	1	1	1	1	3	1	1	1	1	2	1	1	2	2	1	1	2	3	5	1	1	1	3	1	2	3	2	1	2	1	1	2	2	1	3	2	2	1	1	3	3	2	2	1	1	3	2	1
100000	-277.387340927170214	-275.643822765073139	-1.743518162097084	0.000150016940986	0.000028636406017	0.190887814597351	0.713127840423570	0	2	4	2	4	2	3	4	4	5	8	6	7	6	9	7	9	8	9	7	9	11	9	10	10	10	10	12	12	12	14	12	12	12	13	12	14	14	14	16	15	15	16	17	18	20	18	22	24	0	1	2	1	6	1	6	2	1	6	12	3	9	3	9	8	14	13	13	3	20	19	16	13	18	1	21	16	18	25	15	10	26	27	32	20	19	30	33	37	36	39	41	41	33	43	41	41	46	1	1	1	1	1	1	1	1	1	2	1	1	2	1	3	1	1	1	1	1	1	1	1	2	1	5	1	2	2	1	2	4	1	1	1	2	2	1	1	1	1	1	1	2	3	2	1	3	2