step	p_accept_mu1	p_accept_gamma	p_accept_pi	p_accept_Tinf	sigma_mu1	sigma_gamma	sigma_pi	n_like_zero
1		1.00000	1.00000	-nan	1.00000	0.000100000000000	1.000000000000000	0.010000000000000	0
500		0.96393	0.13026	0.80723	0.32279	0.000100000000000	1.000000000000000	0.010000000000000	0
1000		0.98000	0.14000	0.93800	0.31595	0.000150000000000	0.666666666666667	0.015000000000000	0
1500		0.97800	0.24000	0.90400	0.31332	0.000225000000000	0.444444444444444	0.022500000000000	0
2000		0.98400	0.38800	0.84200	0.30896	0.000337500000000	0.296296296296296	0.033750000000000	0
2500		0.95800	0.39900	0.73800	0.30663	0.000506250000000	0.296296296296296	0.050625000000000	0
3000		0.92600	0.40533	0.61600	0.30289	0.000759375000000	0.296296296296296	0.075937500000000	0
3500		0.92200	0.41300	0.45800	0.29987	0.001139062500000	0.296296296296296	0.113906250000000	0
4000		0.92800	0.42360	0.45300	0.29759	0.001708593750000	0.296296296296296	0.113906250000000	0
4500		0.86800	0.42633	0.45333	0.29471	0.002562890625000	0.296296296296296	0.113906250000000	0
5000		0.81400	0.42971	0.45400	0.29280	0.003844335937500	0.296296296296296	0.113906250000000	0
5500		0.82400	0.43250	0.46520	0.29175	0.005766503906250	0.296296296296296	0.113906250000000	0
6000		0.82600	0.43244	0.46300	0.29190	0.008649755859375	0.296296296296296	0.113906250000000	0
6500		0.89400	0.42560	0.46514	0.29189	0.012974633789063	0.296296296296296	0.113906250000000	0
7000		0.86400	0.42091	0.46850	0.29315	0.019461950683594	0.296296296296296	0.113906250000000	0
7500		0.76800	0.41283	0.47444	0.29534	0.029192926025391	0.296296296296296	0.113906250000000	0
8000		0.52200	0.39692	0.48460	0.29893	0.043789389038086	0.296296296296296	0.113906250000000	0
8500		0.42800	0.38057	0.49291	0.30279	0.065684083557129	0.296296296296296	0.113906250000000	0
9000		0.40500	0.36640	0.49917	0.30559	0.065684083557129	0.296296296296296	0.113906250000000	0
9500		0.41667	0.35663	0.50523	0.30789	0.065684083557129	0.296296296296296	0.113906250000000	0
10000		0.41300	0.34847	0.50871	0.31035	0.065684083557129	0.296296296296296	0.113906250000000	0
10500		0.41280	0.34067	0.51173	0.31242	0.065684083557129	0.296296296296296	0.113906250000000	0
11000		0.40967	0.33326	0.51438	0.31459	0.065684083557129	0.296296296296296	0.113906250000000	0
11500		0.40800	0.32790	0.51741	0.31625	0.065684083557129	0.296296296296296	0.113906250000000	0
12000		0.40525	0.32152	0.51811	0.31754	0.065684083557129	0.296296296296296	0.113906250000000	0
12500		0.40578	0.31618	0.52000	0.31904	0.065684083557129	0.296296296296296	0.113906250000000	0
13000		0.40720	0.31017	0.52090	0.31999	0.065684083557129	0.296296296296296	0.113906250000000	0
13500		0.40982	0.30433	0.52200	0.32138	0.065684083557129	0.296296296296296	0.113906250000000	0
14000		0.41033	0.29928	0.52282	0.32231	0.065684083557129	0.296296296296296	0.113906250000000	0
14500		0.41154	0.29623	0.52470	0.32332	0.065684083557129	0.296296296296296	0.113906250000000	0
15000		0.41100	0.29104	0.52458	0.32421	0.065684083557129	0.296296296296296	0.113906250000000	0
15500		0.41253	0.28793	0.52520	0.32511	0.065684083557129	0.296296296296296	0.113906250000000	0
16000		0.41337	0.28448	0.52708	0.32602	0.065684083557129	0.296296296296296	0.113906250000000	0
16500		0.41271	0.28173	0.52815	0.32677	0.065684083557129	0.296296296296296	0.113906250000000	0
17000		0.41100	0.27948	0.52893	0.32752	0.065684083557129	0.296296296296296	0.113906250000000	0
17500		0.41042	0.27719	0.53179	0.32813	0.065684083557129	0.296296296296296	0.113906250000000	0
18000		0.41060	0.27479	0.53207	0.32872	0.065684083557129	0.296296296296296	0.113906250000000	0
18500		0.40990	0.27206	0.53290	0.32950	0.065684083557129	0.296296296296296	0.113906250000000	0
19000		0.41055	0.26937	0.53381	0.33003	0.065684083557129	0.296296296296296	0.113906250000000	0
19500		0.41287	0.26800	0.53430	0.33053	0.065684083557129	0.296296296296296	0.113906250000000	0
20000		0.41367	0.26573	0.53447	0.33127	0.065684083557129	0.296296296296296	0.113906250000000	0
20500		0.41432	0.26458	0.53526	0.33164	0.065684083557129	0.296296296296296	0.113906250000000	0
21000		0.41515	0.26256	0.53567	0.33202	0.065684083557129	0.296296296296296	0.113906250000000	0
21500		0.41437	0.26055	0.53530	0.33242	0.065684083557129	0.296296296296296	0.113906250000000	0
22000		0.41536	0.25902	0.53663	0.33287	0.065684083557129	0.296296296296296	0.113906250000000	0
22500		0.41497	0.25805	0.53774	0.33324	0.065684083557129	0.296296296296296	0.113906250000000	0
23000		0.41467	0.25707	0.53790	0.33372	0.065684083557129	0.296296296296296	0.113906250000000	0
23500		0.41632	0.25545	0.53834	0.33424	0.065684083557129	0.296296296296296	0.113906250000000	0
24000		0.41556	0.25431	0.53952	0.33479	0.065684083557129	0.296296296296296	0.113906250000000	0
24500		0.41515	0.25348	0.53944	0.33541	0.065684083557129	0.296296296296296	0.113906250000000	0
25000		0.41588	0.25264	0.53991	0.33589	0.065684083557129	0.296296296296296	0.113906250000000	0
25500		0.41611	0.25142	0.54102	0.33625	0.065684083557129	0.296296296296296	0.113906250000000	0
26000		0.41633	0.25098	0.54170	0.33668	0.065684083557129	0.296296296296296	0.113906250000000	0
26500		0.41697	0.25068	0.54191	0.33712	0.065684083557129	0.296296296296296	0.113906250000000	0
27000		0.41700	0.24918	0.54225	0.33735	0.065684083557129	0.296296296296296	0.113906250000000	0
27500		0.41723	0.24800	0.54273	0.33774	0.065684083557129	0.296296296296296	0.113906250000000	0
28000		0.41885	0.24725	0.54328	0.33809	0.065684083557129	0.296296296296296	0.113906250000000	0
28500		0.41902	0.24633	0.54376	0.33842	0.065684083557129	0.296296296296296	0.113906250000000	0
29000		0.41933	0.24495	0.54304	0.33877	0.065684083557129	0.296296296296296	0.113906250000000	0
29500		0.41921	0.24418	0.54272	0.33899	0.065684083557129	0.296296296296296	0.113906250000000	0
30000		0.41977	0.24302	0.54289	0.33907	0.065684083557129	0.296296296296296	0.113906250000000	0
30500		0.42076	0.24221	0.54247	0.33946	0.065684083557129	0.296296296296296	0.113906250000000	0
31000		0.41991	0.24115	0.54300	0.33971	0.065684083557129	0.296296296296296	0.113906250000000	0
31500		0.41979	0.24007	0.54281	0.33997	0.065684083557129	0.296296296296296	0.113906250000000	0
32000		0.41996	0.23934	0.54352	0.34026	0.065684083557129	0.296296296296296	0.113906250000000	0
32500		0.41959	0.23881	0.54424	0.34040	0.065684083557129	0.296296296296296	0.113906250000000	0
33000		0.41992	0.23813	0.54493	0.34063	0.065684083557129	0.296296296296296	0.113906250000000	0
33500		0.41925	0.23734	0.54548	0.34077	0.065684083557129	0.296296296296296	0.113906250000000	0
34000		0.41996	0.23662	0.54574	0.34081	0.065684083557129	0.296296296296296	0.113906250000000	0
34500		0.41947	0.23612	0.54603	0.34098	0.065684083557129	0.296296296296296	0.113906250000000	0
35000		0.41974	0.23549	0.54622	0.34107	0.065684083557129	0.296296296296296	0.113906250000000	0
35500		0.42036	0.23506	0.54686	0.34119	0.065684083557129	0.296296296296296	0.113906250000000	0
36000		0.41982	0.23467	0.54688	0.34132	0.065684083557129	0.296296296296296	0.113906250000000	0
36500		0.41961	0.23394	0.54687	0.34152	0.065684083557129	0.296296296296296	0.113906250000000	0
37000		0.41979	0.23285	0.54726	0.34170	0.065684083557129	0.296296296296296	0.113906250000000	0
37500		0.42007	0.23239	0.54710	0.34187	0.065684083557129	0.296296296296296	0.113906250000000	0
38000		0.42017	0.23184	0.54791	0.34197	0.065684083557129	0.296296296296296	0.113906250000000	0
38500		0.42013	0.23157	0.54794	0.34205	0.065684083557129	0.296296296296296	0.113906250000000	0
39000		0.42035	0.23133	0.54836	0.34219	0.065684083557129	0.296296296296296	0.113906250000000	0
39500		0.42102	0.23105	0.54934	0.34227	0.065684083557129	0.296296296296296	0.113906250000000	0
40000		0.42078	0.23073	0.54941	0.34233	0.065684083557129	0.296296296296296	0.113906250000000	0
40500		0.42077	0.23028	0.54979	0.34258	0.065684083557129	0.296296296296296	0.113906250000000	0
41000		0.42106	0.22977	0.55018	0.34275	0.065684083557129	0.296296296296296	0.113906250000000	0
41500		0.42107	0.22923	0.54987	0.34283	0.065684083557129	0.296296296296296	0.113906250000000	0
42000		0.42168	0.22869	0.54972	0.34297	0.065684083557129	0.296296296296296	0.113906250000000	0
42500		0.42177	0.22837	0.54977	0.34321	0.065684083557129	0.296296296296296	0.113906250000000	0
43000		0.42183	0.22788	0.54995	0.34333	0.065684083557129	0.296296296296296	0.113906250000000	0
43500		0.42158	0.22764	0.55000	0.34342	0.065684083557129	0.296296296296296	0.113906250000000	0
44000		0.42197	0.22762	0.55022	0.34348	0.065684083557129	0.296296296296296	0.113906250000000	0
44500		0.42203	0.22714	0.55022	0.34354	0.065684083557129	0.296296296296296	0.113906250000000	0
45000		0.42257	0.22690	0.55052	0.34364	0.065684083557129	0.296296296296296	0.113906250000000	0
45500		0.42259	0.22711	0.55092	0.34372	0.065684083557129	0.296296296296296	0.113906250000000	0
46000		0.42253	0.22681	0.55107	0.34390	0.065684083557129	0.296296296296296	0.113906250000000	0
46500		0.42234	0.22658	0.55175	0.34405	0.065684083557129	0.296296296296296	0.113906250000000	0
47000		0.42274	0.22602	0.55175	0.34415	0.065684083557129	0.296296296296296	0.113906250000000	0
47500		0.42276	0.22550	0.55196	0.34414	0.065684083557129	0.296296296296296	0.113906250000000	0
48000		0.42273	0.22533	0.55218	0.34419	0.065684083557129	0.296296296296296	0.113906250000000	0
48500		0.42311	0.22540	0.55215	0.34428	0.065684083557129	0.296296296296296	0.113906250000000	0
49000		0.42271	0.22531	0.55280	0.34434	0.065684083557129	0.296296296296296	0.113906250000000	0
49500		0.42267	0.22458	0.55286	0.34443	0.065684083557129	0.296296296296296	0.113906250000000	0
50000		0.42252	0.22445	0.55355	0.34456	0.065684083557129	0.296296296296296	0.113906250000000	0
50500		0.42224	0.22439	0.55331	0.34465	0.065684083557129	0.296296296296296	0.113906250000000	0
51000		0.42209	0.22398	0.55371	0.34474	0.065684083557129	0.296296296296296	0.113906250000000	0
51500		0.42184	0.22390	0.55408	0.34487	0.065684083557129	0.296296296296296	0.113906250000000	0
52000		0.42148	0.22396	0.55402	0.34490	0.065684083557129	0.296296296296296	0.113906250000000	0
52500		0.42108	0.22367	0.55388	0.34499	0.065684083557129	0.296296296296296	0.113906250000000	0
53000		0.42096	0.22336	0.55388	0.34506	0.065684083557129	0.296296296296296	0.113906250000000	0
53500		0.42158	0.22306	0.55366	0.34513	0.065684083557129	0.296296296296296	0.113906250000000	0
54000		0.42196	0.22309	0.55349	0.34520	0.065684083557129	0.296296296296296	0.113906250000000	0
54500		0.42144	0.22300	0.55375	0.34526	0.065684083557129	0.296296296296296	0.113906250000000	0
55000		0.42109	0.22264	0.55400	0.34530	0.065684083557129	0.296296296296296	0.113906250000000	0
55500		0.42095	0.22237	0.55415	0.34542	0.065684083557129	0.296296296296296	0.113906250000000	0
56000		0.42154	0.22213	0.55409	0.34540	0.065684083557129	0.296296296296296	0.113906250000000	0
56500		0.42163	0.22204	0.55372	0.34547	0.065684083557129	0.296296296296296	0.113906250000000	0
57000		0.42163	0.22171	0.55370	0.34553	0.065684083557129	0.296296296296296	0.113906250000000	0
57500		0.42192	0.22159	0.55393	0.34560	0.065684083557129	0.296296296296296	0.113906250000000	0
58000		0.42166	0.22115	0.55418	0.34569	0.065684083557129	0.296296296296296	0.113906250000000	0
58500		0.42127	0.22091	0.55432	0.34581	0.065684083557129	0.296296296296296	0.113906250000000	0
59000		0.42153	0.22045	0.55412	0.34588	0.065684083557129	0.296296296296296	0.113906250000000	0
59500		0.42167	0.21990	0.55458	0.34599	0.065684083557129	0.296296296296296	0.113906250000000	0
60000		0.42163	0.21974	0.55447	0.34605	0.065684083557129	0.296296296296296	0.113906250000000	0
60500		0.42177	0.21934	0.55471	0.34612	0.065684083557129	0.296296296296296	0.113906250000000	0
61000		0.42204	0.21939	0.55472	0.34618	0.065684083557129	0.296296296296296	0.113906250000000	0
61500		0.42196	0.21902	0.55474	0.34628	0.065684083557129	0.296296296296296	0.113906250000000	0
62000		0.42183	0.21886	0.55480	0.34638	0.065684083557129	0.296296296296296	0.113906250000000	0
62500		0.42228	0.21854	0.55476	0.34646	0.065684083557129	0.296296296296296	0.113906250000000	0
63000		0.42231	0.21824	0.55520	0.34652	0.065684083557129	0.296296296296296	0.113906250000000	0
63500		0.42222	0.21789	0.55532	0.34654	0.065684083557129	0.296296296296296	0.113906250000000	0
64000		0.42239	0.21770	0.55518	0.34658	0.065684083557129	0.296296296296296	0.113906250000000	0
64500		0.42230	0.21762	0.55533	0.34673	0.065684083557129	0.296296296296296	0.113906250000000	0
65000		0.42225	0.21740	0.55547	0.34680	0.065684083557129	0.296296296296296	0.113906250000000	0
65500		0.42195	0.21716	0.55590	0.34685	0.065684083557129	0.296296296296296	0.113906250000000	0
66000		0.42228	0.21710	0.55614	0.34692	0.065684083557129	0.296296296296296	0.113906250000000	0
66500		0.42219	0.21700	0.55641	0.34696	0.065684083557129	0.296296296296296	0.113906250000000	0
67000		0.42210	0.21682	0.55625	0.34701	0.065684083557129	0.296296296296296	0.113906250000000	0
67500		0.42222	0.21664	0.55619	0.34704	0.065684083557129	0.296296296296296	0.113906250000000	0
68000		0.42233	0.21665	0.55631	0.34708	0.065684083557129	0.296296296296296	0.113906250000000	0
68500		0.42233	0.21639	0.55623	0.34707	0.065684083557129	0.296296296296296	0.113906250000000	0
69000		0.42241	0.21637	0.55626	0.34709	0.065684083557129	0.296296296296296	0.113906250000000	0
69500		0.42255	0.21622	0.55609	0.34710	0.065684083557129	0.296296296296296	0.113906250000000	0
70000		0.42240	0.21581	0.55593	0.34713	0.065684083557129	0.296296296296296	0.113906250000000	0
70500		0.42264	0.21578	0.55588	0.34723	0.065684083557129	0.296296296296296	0.113906250000000	0
71000		0.42238	0.21541	0.55594	0.34727	0.065684083557129	0.296296296296296	0.113906250000000	0
71500		0.42233	0.21519	0.55603	0.34724	0.065684083557129	0.296296296296296	0.113906250000000	0
72000		0.42222	0.21489	0.55622	0.34730	0.065684083557129	0.296296296296296	0.113906250000000	0
72500		0.42231	0.21472	0.55610	0.34735	0.065684083557129	0.296296296296296	0.113906250000000	0
73000		0.42243	0.21470	0.55613	0.34740	0.065684083557129	0.296296296296296	0.113906250000000	0
73500		0.42231	0.21469	0.55624	0.34742	0.065684083557129	0.296296296296296	0.113906250000000	0
74000		0.42239	0.21481	0.55632	0.34746	0.065684083557129	0.296296296296296	0.113906250000000	0
74500		0.42257	0.21471	0.55631	0.34751	0.065684083557129	0.296296296296296	0.113906250000000	0
75000		0.42312	0.21448	0.55635	0.34755	0.065684083557129	0.296296296296296	0.113906250000000	0
75500		0.42330	0.21453	0.55652	0.34760	0.065684083557129	0.296296296296296	0.113906250000000	0
76000		0.42325	0.21435	0.55636	0.34763	0.065684083557129	0.296296296296296	0.113906250000000	0
76500		0.42309	0.21428	0.55644	0.34768	0.065684083557129	0.296296296296296	0.113906250000000	0
77000		0.42345	0.21425	0.55631	0.34774	0.065684083557129	0.296296296296296	0.113906250000000	0
77500		0.42354	0.21420	0.55623	0.34778	0.065684083557129	0.296296296296296	0.113906250000000	0
78000		0.42389	0.21421	0.55635	0.34779	0.065684083557129	0.296296296296296	0.113906250000000	0
78500		0.42404	0.21392	0.55646	0.34785	0.065684083557129	0.296296296296296	0.113906250000000	0
79000		0.42417	0.21395	0.55651	0.34786	0.065684083557129	0.296296296296296	0.113906250000000	0
79500		0.42436	0.21394	0.55652	0.34791	0.065684083557129	0.296296296296296	0.113906250000000	0
80000		0.42429	0.21394	0.55647	0.34790	0.065684083557129	0.296296296296296	0.113906250000000	0
80500		0.42441	0.21375	0.55635	0.34793	0.065684083557129	0.296296296296296	0.113906250000000	0
81000		0.42462	0.21357	0.55633	0.34792	0.065684083557129	0.296296296296296	0.113906250000000	0
81500		0.42445	0.21349	0.55628	0.34795	0.065684083557129	0.296296296296296	0.113906250000000	0
82000		0.42416	0.21353	0.55652	0.34797	0.065684083557129	0.296296296296296	0.113906250000000	0
82500		0.42423	0.21330	0.55611	0.34796	0.065684083557129	0.296296296296296	0.113906250000000	0
83000		0.42423	0.21329	0.55625	0.34803	0.065684083557129	0.296296296296296	0.113906250000000	0
83500		0.42415	0.21335	0.55629	0.34800	0.065684083557129	0.296296296296296	0.113906250000000	0
84000		0.42386	0.21356	0.55642	0.34801	0.065684083557129	0.296296296296296	0.113906250000000	0
84500		0.42378	0.21369	0.55643	0.34804	0.065684083557129	0.296296296296296	0.113906250000000	0
85000		0.42360	0.21357	0.55635	0.34803	0.065684083557129	0.296296296296296	0.113906250000000	0
85500		0.42377	0.21354	0.55646	0.34803	0.065684083557129	0.296296296296296	0.113906250000000	0
86000		0.42373	0.21367	0.55637	0.34808	0.065684083557129	0.296296296296296	0.113906250000000	0
86500		0.42373	0.21344	0.55677	0.34814	0.065684083557129	0.296296296296296	0.113906250000000	0
87000		0.42376	0.21347	0.55676	0.34818	0.065684083557129	0.296296296296296	0.113906250000000	0
87500		0.42375	0.21317	0.55683	0.34821	0.065684083557129	0.296296296296296	0.113906250000000	0
88000		0.42391	0.21310	0.55682	0.34832	0.065684083557129	0.296296296296296	0.113906250000000	0
88500		0.42406	0.21300	0.55681	0.34836	0.065684083557129	0.296296296296296	0.113906250000000	0
89000		0.42394	0.21285	0.55697	0.34843	0.065684083557129	0.296296296296296	0.113906250000000	0
89500		0.42394	0.21275	0.55712	0.34845	0.065684083557129	0.296296296296296	0.113906250000000	0
90000		0.42391	0.21261	0.55722	0.34847	0.065684083557129	0.296296296296296	0.113906250000000	0
90500		0.42378	0.21242	0.55752	0.34849	0.065684083557129	0.296296296296296	0.113906250000000	0
91000		0.42388	0.21212	0.55776	0.34855	0.065684083557129	0.296296296296296	0.113906250000000	0
91500		0.42383	0.21199	0.55791	0.34857	0.065684083557129	0.296296296296296	0.113906250000000	0
92000		0.42395	0.21190	0.55790	0.34858	0.065684083557129	0.296296296296296	0.113906250000000	0
92500		0.42380	0.21181	0.55796	0.34858	0.065684083557129	0.296296296296296	0.113906250000000	0
93000		0.42362	0.21161	0.55793	0.34856	0.065684083557129	0.296296296296296	0.113906250000000	0
93500		0.42370	0.21142	0.55796	0.34858	0.065684083557129	0.296296296296296	0.113906250000000	0
94000		0.42379	0.21143	0.55799	0.34863	0.065684083557129	0.296296296296296	0.113906250000000	0
94500		0.42388	0.21142	0.55824	0.34869	0.065684083557129	0.296296296296296	0.113906250000000	0
95000		0.42401	0.21127	0.55824	0.34871	0.065684083557129	0.296296296296296	0.113906250000000	0
95500		0.42389	0.21137	0.55826	0.34872	0.065684083557129	0.296296296296296	0.113906250000000	0
96000		0.42373	0.21146	0.55825	0.34878	0.065684083557129	0.296296296296296	0.113906250000000	0
96500		0.42372	0.21143	0.55825	0.34878	0.065684083557129	0.296296296296296	0.113906250000000	0
97000		0.42388	0.21124	0.55832	0.34883	0.065684083557129	0.296296296296296	0.113906250000000	0
97500		0.42390	0.21117	0.55824	0.34887	0.065684083557129	0.296296296296296	0.113906250000000	0
98000		0.42361	0.21082	0.55848	0.34892	0.065684083557129	0.296296296296296	0.113906250000000	0
98500		0.42362	0.21071	0.55870	0.34892	0.065684083557129	0.296296296296296	0.113906250000000	0
99000		0.42347	0.21067	0.55876	0.34900	0.065684083557129	0.296296296296296	0.113906250000000	0
99500		0.42345	0.21055	0.55889	0.34904	0.065684083557129	0.296296296296296	0.113906250000000	0
100000		0.42359	0.21054	0.55869	0.34908	0.065684083557129	0.296296296296296	0.113906250000000	0