step	p_accept_mu1	p_accept_gamma	p_accept_pi	p_accept_Tinf	sigma_mu1	sigma_gamma	sigma_pi	n_like_zero
1		1.00000	1.00000	0.38992	1.00000	0.000100000000000	1.000000000000000	0.010000000000000	0
500		1.00000	1.00000	0.39608	0.15153	0.000100000000000	1.000000000000000	0.010000000000000	0
1000		-nan	-nan	0.40224	0.14670	0.000150000000000	1.000000000000000	0.010000000000000	0
1500		-nan	-nan	0.40831	0.14523	0.000150000000000	1.000000000000000	0.010000000000000	0
2000		-nan	-nan	0.41470	0.14052	0.000150000000000	1.000000000000000	0.010000000000000	0
2500		-nan	-nan	0.42106	0.13705	0.000150000000000	1.000000000000000	0.010000000000000	0
3000		-nan	-nan	0.42709	0.13677	0.000150000000000	1.000000000000000	0.010000000000000	0
3500		-nan	-nan	0.43319	0.13567	0.000150000000000	1.000000000000000	0.010000000000000	0
4000		-nan	-nan	0.43904	0.13616	0.000150000000000	1.000000000000000	0.010000000000000	0
4500		-nan	-nan	0.44460	0.13577	0.000150000000000	1.000000000000000	0.010000000000000	0
5000		-nan	-nan	0.45012	0.13399	0.000150000000000	1.000000000000000	0.010000000000000	0
5500		-nan	-nan	0.45533	0.13348	0.000150000000000	1.000000000000000	0.010000000000000	0
6000		-nan	-nan	0.46054	0.13378	0.000150000000000	1.000000000000000	0.010000000000000	0
6500		-nan	-nan	0.46559	0.13326	0.000150000000000	1.000000000000000	0.010000000000000	0
7000		-nan	-nan	0.47069	0.13246	0.000150000000000	1.000000000000000	0.010000000000000	0
7500		-nan	-nan	0.47519	0.13126	0.000150000000000	1.000000000000000	0.010000000000000	0
8000		-nan	-nan	0.48003	0.13017	0.000150000000000	1.000000000000000	0.010000000000000	0
8500		-nan	-nan	0.48477	0.12959	0.000150000000000	1.000000000000000	0.010000000000000	0
9000		-nan	-nan	0.48932	0.12877	0.000150000000000	1.000000000000000	0.010000000000000	0
9500		-nan	-nan	0.49364	0.12816	0.000150000000000	1.000000000000000	0.010000000000000	0
10000		-nan	-nan	0.49811	0.12842	0.000150000000000	1.000000000000000	0.010000000000000	0
10500		-nan	-nan	0.50255	0.12807	0.000150000000000	1.000000000000000	0.010000000000000	0
11000		-nan	-nan	0.50679	0.12824	0.000150000000000	1.000000000000000	0.010000000000000	0
11500		-nan	-nan	0.51095	0.12823	0.000150000000000	1.000000000000000	0.010000000000000	0
12000		-nan	-nan	0.51513	0.12826	0.000150000000000	1.000000000000000	0.010000000000000	0
12500		-nan	-nan	0.51940	0.12824	0.000150000000000	1.000000000000000	0.010000000000000	0
13000		-nan	-nan	0.52311	0.12804	0.000150000000000	1.000000000000000	0.010000000000000	0
13500		-nan	-nan	0.52706	0.12755	0.000150000000000	1.000000000000000	0.010000000000000	0
14000		-nan	-nan	0.53086	0.12767	0.000150000000000	1.000000000000000	0.010000000000000	0
14500		-nan	-nan	0.53456	0.12759	0.000150000000000	1.000000000000000	0.010000000000000	0
15000		-nan	-nan	0.53817	0.12740	0.000150000000000	1.000000000000000	0.010000000000000	0
15500		-nan	-nan	0.54161	0.12698	0.000150000000000	1.000000000000000	0.010000000000000	0
16000		-nan	-nan	0.54516	0.12672	0.000150000000000	1.000000000000000	0.010000000000000	0
16500		-nan	-nan	0.54860	0.12678	0.000150000000000	1.000000000000000	0.010000000000000	0
17000		-nan	-nan	0.55186	0.12690	0.000150000000000	1.000000000000000	0.010000000000000	0
17500		-nan	-nan	0.55498	0.12723	0.000150000000000	1.000000000000000	0.010000000000000	0
18000		-nan	-nan	0.55804	0.12668	0.000150000000000	1.000000000000000	0.010000000000000	0
18500		-nan	-nan	0.56131	0.12634	0.000150000000000	1.000000000000000	0.010000000000000	0
19000		-nan	-nan	0.56455	0.12600	0.000150000000000	1.000000000000000	0.010000000000000	0
19500		-nan	-nan	0.56781	0.12593	0.000150000000000	1.000000000000000	0.010000000000000	0
20000		-nan	-nan	0.57059	0.12593	0.000150000000000	1.000000000000000	0.010000000000000	0
20500		-nan	-nan	0.57348	0.12607	0.000150000000000	1.000000000000000	0.010000000000000	0
21000		-nan	-nan	0.57617	0.12591	0.000150000000000	1.000000000000000	0.010000000000000	0
21500		-nan	-nan	0.57918	0.12571	0.000150000000000	1.000000000000000	0.010000000000000	0
22000		-nan	-nan	0.58217	0.12569	0.000150000000000	1.000000000000000	0.010000000000000	0
22500		-nan	-nan	0.58499	0.12562	0.000150000000000	1.000000000000000	0.010000000000000	0
23000		-nan	-nan	0.58792	0.12544	0.000150000000000	1.000000000000000	0.010000000000000	0
23500		-nan	-nan	0.59055	0.12522	0.000150000000000	1.000000000000000	0.010000000000000	0
24000		-nan	-nan	0.59331	0.12506	0.000150000000000	1.000000000000000	0.010000000000000	0
24500		-nan	-nan	0.59607	0.12509	0.000150000000000	1.000000000000000	0.010000000000000	0
25000		-nan	-nan	0.59875	0.12506	0.000150000000000	1.000000000000000	0.010000000000000	0
25500		-nan	-nan	0.60119	0.12483	0.000150000000000	1.000000000000000	0.010000000000000	0
26000		-nan	-nan	0.60382	0.12469	0.000150000000000	1.000000000000000	0.010000000000000	0
26500		-nan	-nan	0.60639	0.12474	0.000150000000000	1.000000000000000	0.010000000000000	0
27000		-nan	-nan	0.60905	0.12469	0.000150000000000	1.000000000000000	0.010000000000000	0
27500		-nan	-nan	0.61144	0.12468	0.000150000000000	1.000000000000000	0.010000000000000	0
28000		-nan	-nan	0.61394	0.12469	0.000150000000000	1.000000000000000	0.010000000000000	0
28500		-nan	-nan	0.61631	0.12446	0.000150000000000	1.000000000000000	0.010000000000000	0
29000		-nan	-nan	0.61859	0.12432	0.000150000000000	1.000000000000000	0.010000000000000	0
29500		-nan	-nan	0.62097	0.12440	0.000150000000000	1.000000000000000	0.010000000000000	0
30000		-nan	-nan	0.62316	0.12444	0.000150000000000	1.000000000000000	0.010000000000000	0
30500		-nan	-nan	0.62548	0.12434	0.000150000000000	1.000000000000000	0.010000000000000	0
31000		-nan	-nan	0.62754	0.12427	0.000150000000000	1.000000000000000	0.010000000000000	0
31500		-nan	-nan	0.62969	0.12433	0.000150000000000	1.000000000000000	0.010000000000000	0
32000		-nan	-nan	0.63165	0.12433	0.000150000000000	1.000000000000000	0.010000000000000	0
32500		-nan	-nan	0.63372	0.12429	0.000150000000000	1.000000000000000	0.010000000000000	0
33000		-nan	-nan	0.63579	0.12436	0.000150000000000	1.000000000000000	0.010000000000000	0
33500		-nan	-nan	0.63797	0.12417	0.000150000000000	1.000000000000000	0.010000000000000	0
34000		-nan	-nan	0.64005	0.12415	0.000150000000000	1.000000000000000	0.010000000000000	0
34500		-nan	-nan	0.64203	0.12411	0.000150000000000	1.000000000000000	0.010000000000000	0
35000		-nan	-nan	0.64401	0.12406	0.000150000000000	1.000000000000000	0.010000000000000	0
35500		-nan	-nan	0.64598	0.12398	0.000150000000000	1.000000000000000	0.010000000000000	0
36000		-nan	-nan	0.64802	0.12407	0.000150000000000	1.000000000000000	0.010000000000000	0
36500		-nan	-nan	0.65000	0.12407	0.000150000000000	1.000000000000000	0.010000000000000	0
37000		-nan	-nan	0.65189	0.12413	0.000150000000000	1.000000000000000	0.010000000000000	0
37500		-nan	-nan	0.65376	0.12411	0.000150000000000	1.000000000000000	0.010000000000000	0
38000		-nan	-nan	0.65571	0.12405	0.000150000000000	1.000000000000000	0.010000000000000	0
38500		-nan	-nan	0.65760	0.12406	0.000150000000000	1.000000000000000	0.010000000000000	0
39000		-nan	-nan	0.65934	0.12400	0.000150000000000	1.000000000000000	0.010000000000000	0
39500		-nan	-nan	0.66096	0.12392	0.000150000000000	1.000000000000000	0.010000000000000	0
40000		-nan	-nan	0.66241	0.12384	0.000150000000000	1.000000000000000	0.010000000000000	0
40500		-nan	-nan	0.66417	0.12393	0.000150000000000	1.000000000000000	0.010000000000000	0
41000		-nan	-nan	0.66586	0.12397	0.000150000000000	1.000000000000000	0.010000000000000	0
41500		-nan	-nan	0.66766	0.12400	0.000150000000000	1.000000000000000	0.010000000000000	0
42000		-nan	-nan	0.66934	0.12393	0.000150000000000	1.000000000000000	0.010000000000000	0
42500		-nan	-nan	0.67097	0.12388	0.000150000000000	1.000000000000000	0.010000000000000	0
43000		-nan	-nan	0.67265	0.12391	0.000150000000000	1.000000000000000	0.010000000000000	0
43500		-nan	-nan	0.67433	0.12395	0.000150000000000	1.000000000000000	0.010000000000000	0
44000		-nan	-nan	0.67600	0.12406	0.000150000000000	1.000000000000000	0.010000000000000	0
44500		-nan	-nan	0.67758	0.12414	0.000150000000000	1.000000000000000	0.010000000000000	0
45000		-nan	-nan	0.67893	0.12431	0.000150000000000	1.000000000000000	0.010000000000000	0
45500		-nan	-nan	0.68046	0.12435	0.000150000000000	1.000000000000000	0.010000000000000	0
46000		-nan	-nan	0.68196	0.12445	0.000150000000000	1.000000000000000	0.010000000000000	0
46500		-nan	-nan	0.68330	0.12444	0.000150000000000	1.000000000000000	0.010000000000000	0
47000		-nan	-nan	0.68470	0.12433	0.000150000000000	1.000000000000000	0.010000000000000	0
47500		-nan	-nan	0.68617	0.12411	0.000150000000000	1.000000000000000	0.010000000000000	0
48000		-nan	-nan	0.68764	0.12395	0.000150000000000	1.000000000000000	0.010000000000000	0
48500		-nan	-nan	0.68902	0.12392	0.000150000000000	1.000000000000000	0.010000000000000	0
49000		-nan	-nan	0.69046	0.12388	0.000150000000000	1.000000000000000	0.010000000000000	0
49500		-nan	-nan	0.69192	0.12388	0.000150000000000	1.000000000000000	0.010000000000000	0
50000		-nan	-nan	0.69323	0.12382	0.000150000000000	1.000000000000000	0.010000000000000	0
50500		-nan	-nan	0.69468	0.12387	0.000150000000000	1.000000000000000	0.010000000000000	0
51000		-nan	-nan	0.69603	0.12380	0.000150000000000	1.000000000000000	0.010000000000000	0
51500		-nan	-nan	0.69739	0.12366	0.000150000000000	1.000000000000000	0.010000000000000	0
52000		-nan	-nan	0.69881	0.12366	0.000150000000000	1.000000000000000	0.010000000000000	0
52500		-nan	-nan	0.70015	0.12369	0.000150000000000	1.000000000000000	0.010000000000000	0
53000		-nan	-nan	0.70150	0.12378	0.000150000000000	1.000000000000000	0.010000000000000	0
53500		-nan	-nan	0.70284	0.12375	0.000150000000000	1.000000000000000	0.010000000000000	0
54000		-nan	-nan	0.70407	0.12372	0.000150000000000	1.000000000000000	0.010000000000000	0
54500		-nan	-nan	0.70523	0.12366	0.000150000000000	1.000000000000000	0.010000000000000	0
55000		-nan	-nan	0.70639	0.12355	0.000150000000000	1.000000000000000	0.010000000000000	0
55500		-nan	-nan	0.70771	0.12346	0.000150000000000	1.000000000000000	0.010000000000000	0
56000		-nan	-nan	0.70888	0.12339	0.000150000000000	1.000000000000000	0.010000000000000	0
56500		-nan	-nan	0.71016	0.12351	0.000150000000000	1.000000000000000	0.010000000000000	0
57000		-nan	-nan	0.71147	0.12350	0.000150000000000	1.000000000000000	0.010000000000000	0
57500		-nan	-nan	0.71264	0.12347	0.000150000000000	1.000000000000000	0.010000000000000	0
58000		-nan	-nan	0.71383	0.12343	0.000150000000000	1.000000000000000	0.010000000000000	0
58500		-nan	-nan	0.71495	0.12327	0.000150000000000	1.000000000000000	0.010000000000000	0
59000		-nan	-nan	0.71608	0.12312	0.000150000000000	1.000000000000000	0.010000000000000	0
59500		-nan	-nan	0.71702	0.12309	0.000150000000000	1.000000000000000	0.010000000000000	0
60000		-nan	-nan	0.71808	0.12310	0.000150000000000	1.000000000000000	0.010000000000000	0
60500		-nan	-nan	0.71911	0.12317	0.000150000000000	1.000000000000000	0.010000000000000	0
61000		-nan	-nan	0.72024	0.12315	0.000150000000000	1.000000000000000	0.010000000000000	0
61500		-nan	-nan	0.72121	0.12312	0.000150000000000	1.000000000000000	0.010000000000000	0
62000		-nan	-nan	0.72218	0.12321	0.000150000000000	1.000000000000000	0.010000000000000	0
62500		-nan	-nan	0.72325	0.12318	0.000150000000000	1.000000000000000	0.010000000000000	0
63000		-nan	-nan	0.72430	0.12319	0.000150000000000	1.000000000000000	0.010000000000000	0
63500		-nan	-nan	0.72530	0.12318	0.000150000000000	1.000000000000000	0.010000000000000	0
64000		-nan	-nan	0.72642	0.12315	0.000150000000000	1.000000000000000	0.010000000000000	0
64500		-nan	-nan	0.72748	0.12317	0.000150000000000	1.000000000000000	0.010000000000000	0
65000		-nan	-nan	0.72846	0.12314	0.000150000000000	1.000000000000000	0.010000000000000	0
65500		-nan	-nan	0.72960	0.12313	0.000150000000000	1.000000000000000	0.010000000000000	0
66000		-nan	-nan	0.73059	0.12308	0.000150000000000	1.000000000000000	0.010000000000000	0
66500		-nan	-nan	0.73167	0.12305	0.000150000000000	1.000000000000000	0.010000000000000	0
67000		-nan	-nan	0.73267	0.12299	0.000150000000000	1.000000000000000	0.010000000000000	0
67500		-nan	-nan	0.73363	0.12284	0.000150000000000	1.000000000000000	0.010000000000000	0
68000		-nan	-nan	0.73460	0.12282	0.000150000000000	1.000000000000000	0.010000000000000	0
68500		-nan	-nan	0.73555	0.12283	0.000150000000000	1.000000000000000	0.010000000000000	0
69000		-nan	-nan	0.73640	0.12284	0.000150000000000	1.000000000000000	0.010000000000000	0
69500		-nan	-nan	0.73734	0.12274	0.000150000000000	1.000000000000000	0.010000000000000	0
70000		-nan	-nan	0.73819	0.12279	0.000150000000000	1.000000000000000	0.010000000000000	0
70500		-nan	-nan	0.73911	0.12280	0.000150000000000	1.000000000000000	0.010000000000000	0
71000		-nan	-nan	0.73998	0.12274	0.000150000000000	1.000000000000000	0.010000000000000	0
71500		-nan	-nan	0.74091	0.12266	0.000150000000000	1.000000000000000	0.010000000000000	0
72000		-nan	-nan	0.74190	0.12259	0.000150000000000	1.000000000000000	0.010000000000000	0
72500		-nan	-nan	0.74284	0.12249	0.000150000000000	1.000000000000000	0.010000000000000	0
73000		-nan	-nan	0.74373	0.12244	0.000150000000000	1.000000000000000	0.010000000000000	0
73500		-nan	-nan	0.74464	0.12240	0.000150000000000	1.000000000000000	0.010000000000000	0
74000		-nan	-nan	0.74537	0.12240	0.000150000000000	1.000000000000000	0.010000000000000	0
74500		-nan	-nan	0.74624	0.12236	0.000150000000000	1.000000000000000	0.010000000000000	0
75000		-nan	-nan	0.74717	0.12228	0.000150000000000	1.000000000000000	0.010000000000000	0
75500		-nan	-nan	0.74807	0.12227	0.000150000000000	1.000000000000000	0.010000000000000	0
76000		-nan	-nan	0.74893	0.12239	0.000150000000000	1.000000000000000	0.010000000000000	0
76500		-nan	-nan	0.74979	0.12231	0.000150000000000	1.000000000000000	0.010000000000000	0
77000		-nan	-nan	0.75072	0.12232	0.000150000000000	1.000000000000000	0.010000000000000	0
77500		-nan	-nan	0.75148	0.12222	0.000150000000000	1.000000000000000	0.010000000000000	0
78000		-nan	-nan	0.75227	0.12220	0.000150000000000	1.000000000000000	0.010000000000000	0
78500		-nan	-nan	0.75311	0.12215	0.000150000000000	1.000000000000000	0.010000000000000	0
79000		-nan	-nan	0.75389	0.12208	0.000150000000000	1.000000000000000	0.010000000000000	0
79500		-nan	-nan	0.75466	0.12210	0.000150000000000	1.000000000000000	0.010000000000000	0
80000		-nan	-nan	0.75551	0.12208	0.000150000000000	1.000000000000000	0.010000000000000	0
80500		-nan	-nan	0.75618	0.12206	0.000150000000000	1.000000000000000	0.010000000000000	0
81000		-nan	-nan	0.75685	0.12208	0.000150000000000	1.000000000000000	0.010000000000000	0
81500		-nan	-nan	0.75768	0.12205	0.000150000000000	1.000000000000000	0.010000000000000	0
82000		-nan	-nan	0.75837	0.12197	0.000150000000000	1.000000000000000	0.010000000000000	0
82500		-nan	-nan	0.75918	0.12194	0.000150000000000	1.000000000000000	0.010000000000000	0
83000		-nan	-nan	0.75984	0.12193	0.000150000000000	1.000000000000000	0.010000000000000	0
83500		-nan	-nan	0.76061	0.12193	0.000150000000000	1.000000000000000	0.010000000000000	0
84000		-nan	-nan	0.76127	0.12193	0.000150000000000	1.000000000000000	0.010000000000000	0
84500		-nan	-nan	0.76207	0.12197	0.000150000000000	1.000000000000000	0.010000000000000	0
85000		-nan	-nan	0.76287	0.12188	0.000150000000000	1.000000000000000	0.010000000000000	0
85500		-nan	-nan	0.76364	0.12184	0.000150000000000	1.000000000000000	0.010000000000000	0
86000		-nan	-nan	0.76431	0.12181	0.000150000000000	1.000000000000000	0.010000000000000	0
86500		-nan	-nan	0.76505	0.12181	0.000150000000000	1.000000000000000	0.010000000000000	0
87000		-nan	-nan	0.76569	0.12178	0.000150000000000	1.000000000000000	0.010000000000000	0
87500		-nan	-nan	0.76644	0.12174	0.000150000000000	1.000000000000000	0.010000000000000	0
88000		-nan	-nan	0.76714	0.12175	0.000150000000000	1.000000000000000	0.010000000000000	0
88500		-nan	-nan	0.76780	0.12179	0.000150000000000	1.000000000000000	0.010000000000000	0
89000		-nan	-nan	0.76843	0.12173	0.000150000000000	1.000000000000000	0.010000000000000	0
89500		-nan	-nan	0.76898	0.12168	0.000150000000000	1.000000000000000	0.010000000000000	0
90000		-nan	-nan	0.76959	0.12164	0.000150000000000	1.000000000000000	0.010000000000000	0
90500		-nan	-nan	0.77029	0.12170	0.000150000000000	1.000000000000000	0.010000000000000	0
91000		-nan	-nan	0.77098	0.12176	0.000150000000000	1.000000000000000	0.010000000000000	0
91500		-nan	-nan	0.77164	0.12171	0.000150000000000	1.000000000000000	0.010000000000000	0
92000		-nan	-nan	0.77223	0.12176	0.000150000000000	1.000000000000000	0.010000000000000	0
92500		-nan	-nan	0.77278	0.12173	0.000150000000000	1.000000000000000	0.010000000000000	0
93000		-nan	-nan	0.77341	0.12164	0.000150000000000	1.000000000000000	0.010000000000000	0
93500		-nan	-nan	0.77401	0.12154	0.000150000000000	1.000000000000000	0.010000000000000	0
94000		-nan	-nan	0.77457	0.12151	0.000150000000000	1.000000000000000	0.010000000000000	0
94500		-nan	-nan	0.77513	0.12152	0.000150000000000	1.000000000000000	0.010000000000000	0
95000		-nan	-nan	0.77575	0.12154	0.000150000000000	1.000000000000000	0.010000000000000	0
95500		-nan	-nan	0.77630	0.12151	0.000150000000000	1.000000000000000	0.010000000000000	0
96000		-nan	-nan	0.77681	0.12145	0.000150000000000	1.000000000000000	0.010000000000000	0
96500		-nan	-nan	0.77735	0.12136	0.000150000000000	1.000000000000000	0.010000000000000	0
97000		-nan	-nan	0.77795	0.12130	0.000150000000000	1.000000000000000	0.010000000000000	0
97500		-nan	-nan	0.77856	0.12133	0.000150000000000	1.000000000000000	0.010000000000000	0
98000		-nan	-nan	0.77919	0.12137	0.000150000000000	1.000000000000000	0.010000000000000	0
98500		-nan	-nan	0.77984	0.12141	0.000150000000000	1.000000000000000	0.010000000000000	0
99000		-nan	-nan	0.78048	0.12134	0.000150000000000	1.000000000000000	0.010000000000000	0
99500		-nan	-nan	0.78103	0.12131	0.000150000000000	1.000000000000000	0.010000000000000	0
100000		-nan	-nan	0.78169	0.12130	0.000150000000000	1.000000000000000	0.010000000000000	0