step	p_accept_mu1	p_accept_gamma	p_accept_pi	p_accept_Tinf	sigma_mu1	sigma_gamma	sigma_pi	n_like_zero
1		1.00000	1.00000	1.00000	1.00000	0.000100000000000	1.000000000000000	0.010000000000000	0
500		0.98998	0.13828	1.00000	0.34893	0.000100000000000	1.000000000000000	0.010000000000000	0
1000		0.98200	0.25600	0.92400	0.33713	0.000150000000000	0.666666666666667	0.015000000000000	0
1500		0.97800	0.27200	0.92000	0.33102	0.000225000000000	0.666666666666667	0.022500000000000	0
2000		0.97600	0.26333	0.87400	0.32481	0.000337500000000	0.666666666666667	0.033750000000000	0
2500		0.98600	0.28450	0.81800	0.32061	0.000506250000000	0.666666666666667	0.050625000000000	0
3000		0.98000	0.29720	0.69000	0.31627	0.000759375000000	0.666666666666667	0.075937500000000	0
3500		0.96000	0.30867	0.54000	0.31443	0.001139062500000	0.666666666666667	0.113906250000000	0
4000		0.94600	0.31914	0.42800	0.31072	0.001708593750000	0.666666666666667	0.170859375000000	0
4500		0.91600	0.32575	0.43300	0.30806	0.002562890625000	0.666666666666667	0.170859375000000	0
5000		0.89800	0.32622	0.43600	0.30682	0.003844335937500	0.666666666666667	0.170859375000000	0
5500		0.85000	0.33120	0.44950	0.30672	0.005766503906250	0.666666666666667	0.170859375000000	0
6000		0.82400	0.33145	0.45720	0.30711	0.008649755859375	0.666666666666667	0.170859375000000	0
6500		0.90000	0.32867	0.45400	0.30802	0.012974633789063	0.666666666666667	0.170859375000000	0
7000		0.88800	0.32631	0.45571	0.30925	0.019461950683594	0.666666666666667	0.170859375000000	0
7500		0.83800	0.32143	0.45950	0.31030	0.029192926025391	0.666666666666667	0.170859375000000	0
8000		0.78600	0.31707	0.46044	0.31123	0.043789389038086	0.666666666666667	0.170859375000000	0
8500		0.68000	0.31000	0.46900	0.31209	0.065684083557129	0.666666666666667	0.170859375000000	0
9000		0.54600	0.30624	0.47582	0.31398	0.098526125335693	0.666666666666667	0.170859375000000	0
9500		0.39600	0.30356	0.48283	0.31497	0.147789188003540	0.666666666666667	0.170859375000000	0
10000		0.40700	0.30021	0.48615	0.31591	0.147789188003540	0.666666666666667	0.170859375000000	0
10500		0.41533	0.29920	0.48900	0.31651	0.147789188003540	0.666666666666667	0.170859375000000	0
11000		0.40950	0.29686	0.48920	0.31791	0.147789188003540	0.666666666666667	0.170859375000000	0
11500		0.39920	0.29400	0.49125	0.31980	0.147789188003540	0.666666666666667	0.170859375000000	0
12000		0.39233	0.29096	0.49271	0.32120	0.147789188003540	0.666666666666667	0.170859375000000	0
12500		0.39486	0.28725	0.49711	0.32299	0.147789188003540	0.666666666666667	0.170859375000000	0
13000		0.39275	0.28640	0.49811	0.32427	0.147789188003540	0.666666666666667	0.170859375000000	0
13500		0.38889	0.28469	0.50000	0.32575	0.147789188003540	0.666666666666667	0.170859375000000	0
14000		0.38960	0.28370	0.50286	0.32723	0.147789188003540	0.666666666666667	0.170859375000000	0
14500		0.38909	0.28250	0.50336	0.32830	0.147789188003540	0.666666666666667	0.170859375000000	0
15000		0.38800	0.28166	0.50504	0.32903	0.147789188003540	0.666666666666667	0.170859375000000	0
15500		0.38954	0.28060	0.50550	0.32984	0.147789188003540	0.666666666666667	0.170859375000000	0
16000		0.39271	0.27890	0.50624	0.33033	0.147789188003540	0.666666666666667	0.170859375000000	0
16500		0.39427	0.27800	0.50738	0.33083	0.147789188003540	0.666666666666667	0.170859375000000	0
17000		0.39450	0.27697	0.50726	0.33123	0.147789188003540	0.666666666666667	0.170859375000000	0
17500		0.39835	0.27606	0.50793	0.33177	0.147789188003540	0.666666666666667	0.170859375000000	0
18000		0.40300	0.27651	0.50779	0.33191	0.147789188003540	0.666666666666667	0.170859375000000	0
18500		0.40389	0.27506	0.50747	0.33201	0.147789188003540	0.666666666666667	0.170859375000000	0
19000		0.40460	0.27286	0.50748	0.33242	0.147789188003540	0.666666666666667	0.170859375000000	0
19500		0.40695	0.27121	0.50794	0.33296	0.147789188003540	0.666666666666667	0.170859375000000	0
20000		0.40845	0.27036	0.50800	0.33335	0.147789188003540	0.666666666666667	0.170859375000000	0
20500		0.41130	0.27010	0.50818	0.33377	0.147789188003540	0.666666666666667	0.170859375000000	0
21000		0.41058	0.26966	0.50737	0.33406	0.147789188003540	0.666666666666667	0.170859375000000	0
21500		0.41088	0.26933	0.50806	0.33444	0.147789188003540	0.666666666666667	0.170859375000000	0
22000		0.41377	0.26851	0.50811	0.33465	0.147789188003540	0.666666666666667	0.170859375000000	0
22500		0.41415	0.26773	0.50832	0.33469	0.147789188003540	0.666666666666667	0.170859375000000	0
23000		0.41429	0.26667	0.50969	0.33503	0.147789188003540	0.666666666666667	0.170859375000000	0
23500		0.41572	0.26591	0.51010	0.33543	0.147789188003540	0.666666666666667	0.170859375000000	0
24000		0.41627	0.26647	0.51107	0.33577	0.147789188003540	0.666666666666667	0.170859375000000	0
24500		0.41568	0.26679	0.51048	0.33583	0.147789188003540	0.666666666666667	0.170859375000000	0
25000		0.41581	0.26714	0.50995	0.33594	0.147789188003540	0.666666666666667	0.170859375000000	0
25500		0.41594	0.26632	0.51100	0.33623	0.147789188003540	0.666666666666667	0.170859375000000	0
26000		0.41659	0.26522	0.51062	0.33656	0.147789188003540	0.666666666666667	0.170859375000000	0
26500		0.41617	0.26458	0.51143	0.33679	0.147789188003540	0.666666666666667	0.170859375000000	0
27000		0.41550	0.26381	0.51149	0.33720	0.147789188003540	0.666666666666667	0.170859375000000	0
27500		0.41530	0.26307	0.51208	0.33727	0.147789188003540	0.666666666666667	0.170859375000000	0
28000		0.41568	0.26215	0.51220	0.33757	0.147789188003540	0.666666666666667	0.170859375000000	0
28500		0.41651	0.26182	0.51240	0.33781	0.147789188003540	0.666666666666667	0.170859375000000	0
29000		0.41700	0.26116	0.51239	0.33834	0.147789188003540	0.666666666666667	0.170859375000000	0
29500		0.41717	0.26097	0.51312	0.33879	0.147789188003540	0.666666666666667	0.170859375000000	0
30000		0.41771	0.26129	0.51275	0.33885	0.147789188003540	0.666666666666667	0.170859375000000	0
30500		0.41833	0.26140	0.51267	0.33892	0.147789188003540	0.666666666666667	0.170859375000000	0
31000		0.41882	0.26046	0.51364	0.33891	0.147789188003540	0.666666666666667	0.170859375000000	0
31500		0.41844	0.26032	0.51354	0.33884	0.147789188003540	0.666666666666667	0.170859375000000	0
32000		0.41870	0.26016	0.51333	0.33873	0.147789188003540	0.666666666666667	0.170859375000000	0
32500		0.41936	0.25978	0.51272	0.33873	0.147789188003540	0.666666666666667	0.170859375000000	0
33000		0.41992	0.25883	0.51214	0.33897	0.147789188003540	0.666666666666667	0.170859375000000	0
33500		0.41963	0.25815	0.51263	0.33921	0.147789188003540	0.666666666666667	0.170859375000000	0
34000		0.41924	0.25767	0.51256	0.33925	0.147789188003540	0.666666666666667	0.170859375000000	0
34500		0.41937	0.25776	0.51252	0.33930	0.147789188003540	0.666666666666667	0.170859375000000	0
35000		0.41873	0.25733	0.51251	0.33942	0.147789188003540	0.666666666666667	0.170859375000000	0
35500		0.41849	0.25697	0.51250	0.33964	0.147789188003540	0.666666666666667	0.170859375000000	0
36000		0.41881	0.25690	0.51274	0.33994	0.147789188003540	0.666666666666667	0.170859375000000	0
36500		0.41909	0.25653	0.51288	0.33994	0.147789188003540	0.666666666666667	0.170859375000000	0
37000		0.41961	0.25611	0.51278	0.34001	0.147789188003540	0.666666666666667	0.170859375000000	0
37500		0.41968	0.25565	0.51335	0.34010	0.147789188003540	0.666666666666667	0.170859375000000	0
38000		0.42003	0.25600	0.51293	0.34018	0.147789188003540	0.666666666666667	0.170859375000000	0
38500		0.42014	0.25624	0.51294	0.34017	0.147789188003540	0.666666666666667	0.170859375000000	0
39000		0.42030	0.25636	0.51273	0.34021	0.147789188003540	0.666666666666667	0.170859375000000	0
39500		0.41967	0.25674	0.51289	0.34039	0.147789188003540	0.666666666666667	0.170859375000000	0
40000		0.41906	0.25684	0.51274	0.34044	0.147789188003540	0.666666666666667	0.170859375000000	0
40500		0.41952	0.25703	0.51300	0.34066	0.147789188003540	0.666666666666667	0.170859375000000	0
41000		0.41947	0.25681	0.51269	0.34083	0.147789188003540	0.666666666666667	0.170859375000000	0
41500		0.41905	0.25629	0.51297	0.34089	0.147789188003540	0.666666666666667	0.170859375000000	0
42000		0.41894	0.25607	0.51356	0.34100	0.147789188003540	0.666666666666667	0.170859375000000	0
42500		0.41904	0.25626	0.51326	0.34112	0.147789188003540	0.666666666666667	0.170859375000000	0
43000		0.41956	0.25551	0.51375	0.34131	0.147789188003540	0.666666666666667	0.170859375000000	0
43500		0.41936	0.25547	0.51385	0.34138	0.147789188003540	0.666666666666667	0.170859375000000	0
44000		0.41946	0.25559	0.51380	0.34138	0.147789188003540	0.666666666666667	0.170859375000000	0
44500		0.41938	0.25507	0.51339	0.34150	0.147789188003540	0.666666666666667	0.170859375000000	0
45000		0.41922	0.25479	0.51361	0.34147	0.147789188003540	0.666666666666667	0.170859375000000	0
45500		0.41907	0.25460	0.51374	0.34153	0.147789188003540	0.666666666666667	0.170859375000000	0
46000		0.41916	0.25411	0.51367	0.34159	0.147789188003540	0.666666666666667	0.170859375000000	0
46500		0.41931	0.25374	0.51381	0.34179	0.147789188003540	0.666666666666667	0.170859375000000	0
47000		0.41889	0.25383	0.51407	0.34197	0.147789188003540	0.666666666666667	0.170859375000000	0
47500		0.41857	0.25321	0.51400	0.34220	0.147789188003540	0.666666666666667	0.170859375000000	0
48000		0.41849	0.25326	0.51418	0.34223	0.147789188003540	0.666666666666667	0.170859375000000	0
48500		0.41846	0.25298	0.51436	0.34237	0.147789188003540	0.666666666666667	0.170859375000000	0
49000		0.41850	0.25272	0.51400	0.34245	0.147789188003540	0.666666666666667	0.170859375000000	0
49500		0.41872	0.25257	0.51398	0.34252	0.147789188003540	0.666666666666667	0.170859375000000	0
50000		0.41917	0.25261	0.51389	0.34240	0.147789188003540	0.666666666666667	0.170859375000000	0
50500		0.41894	0.25252	0.51381	0.34255	0.147789188003540	0.666666666666667	0.170859375000000	0
51000		0.41895	0.25234	0.51392	0.34272	0.147789188003540	0.666666666666667	0.170859375000000	0
51500		0.41913	0.25243	0.51400	0.34266	0.147789188003540	0.666666666666667	0.170859375000000	0
52000		0.41935	0.25206	0.51398	0.34253	0.147789188003540	0.666666666666667	0.170859375000000	0
52500		0.41924	0.25196	0.51412	0.34257	0.147789188003540	0.666666666666667	0.170859375000000	0
53000		0.41911	0.25143	0.51440	0.34271	0.147789188003540	0.666666666666667	0.170859375000000	0
53500		0.41888	0.25106	0.51452	0.34280	0.147789188003540	0.666666666666667	0.170859375000000	0
54000		0.41827	0.25097	0.51418	0.34286	0.147789188003540	0.666666666666667	0.170859375000000	0
54500		0.41892	0.25130	0.51390	0.34283	0.147789188003540	0.666666666666667	0.170859375000000	0
55000		0.41915	0.25138	0.51419	0.34289	0.147789188003540	0.666666666666667	0.170859375000000	0
55500		0.41938	0.25178	0.51402	0.34280	0.147789188003540	0.666666666666667	0.170859375000000	0
56000		0.41949	0.25191	0.51356	0.34278	0.147789188003540	0.666666666666667	0.170859375000000	0
56500		0.41958	0.25204	0.51330	0.34280	0.147789188003540	0.666666666666667	0.170859375000000	0
57000		0.41983	0.25177	0.51357	0.34285	0.147789188003540	0.666666666666667	0.170859375000000	0
57500		0.42014	0.25135	0.51391	0.34302	0.147789188003540	0.666666666666667	0.170859375000000	0
58000		0.41971	0.25110	0.51380	0.34325	0.147789188003540	0.666666666666667	0.170859375000000	0
58500		0.41980	0.25095	0.51418	0.34344	0.147789188003540	0.666666666666667	0.170859375000000	0
59000		0.42002	0.25092	0.51449	0.34348	0.147789188003540	0.666666666666667	0.170859375000000	0
59500		0.42018	0.25090	0.51479	0.34353	0.147789188003540	0.666666666666667	0.170859375000000	0
60000		0.42016	0.25072	0.51488	0.34350	0.147789188003540	0.666666666666667	0.170859375000000	0
60500		0.42002	0.25060	0.51502	0.34358	0.147789188003540	0.666666666666667	0.170859375000000	0
61000		0.42023	0.25035	0.51515	0.34365	0.147789188003540	0.666666666666667	0.170859375000000	0
61500		0.41981	0.25016	0.51505	0.34378	0.147789188003540	0.666666666666667	0.170859375000000	0
62000		0.41987	0.25039	0.51535	0.34386	0.147789188003540	0.666666666666667	0.170859375000000	0
62500		0.42007	0.25042	0.51505	0.34389	0.147789188003540	0.666666666666667	0.170859375000000	0
63000		0.41970	0.25026	0.51514	0.34405	0.147789188003540	0.666666666666667	0.170859375000000	0
63500		0.41921	0.24995	0.51518	0.34417	0.147789188003540	0.666666666666667	0.170859375000000	0
64000		0.41887	0.24969	0.51555	0.34433	0.147789188003540	0.666666666666667	0.170859375000000	0
64500		0.41863	0.24964	0.51559	0.34443	0.147789188003540	0.666666666666667	0.170859375000000	0
65000		0.41850	0.24943	0.51569	0.34449	0.147789188003540	0.666666666666667	0.170859375000000	0
65500		0.41857	0.24932	0.51587	0.34465	0.147789188003540	0.666666666666667	0.170859375000000	0
66000		0.41875	0.24936	0.51579	0.34454	0.147789188003540	0.666666666666667	0.170859375000000	0
66500		0.41910	0.24930	0.51583	0.34446	0.147789188003540	0.666666666666667	0.170859375000000	0
67000		0.41931	0.24923	0.51572	0.34436	0.147789188003540	0.666666666666667	0.170859375000000	0
67500		0.41926	0.24919	0.51555	0.34435	0.147789188003540	0.666666666666667	0.170859375000000	0
68000		0.41951	0.24921	0.51560	0.34429	0.147789188003540	0.666666666666667	0.170859375000000	0
68500		0.41998	0.24897	0.51577	0.34429	0.147789188003540	0.666666666666667	0.170859375000000	0
69000		0.42022	0.24889	0.51577	0.34426	0.147789188003540	0.666666666666667	0.170859375000000	0
69500		0.42045	0.24888	0.51614	0.34420	0.147789188003540	0.666666666666667	0.170859375000000	0
70000		0.42039	0.24889	0.51589	0.34422	0.147789188003540	0.666666666666667	0.170859375000000	0
70500		0.42049	0.24897	0.51612	0.34422	0.147789188003540	0.666666666666667	0.170859375000000	0
71000		0.42063	0.24884	0.51612	0.34424	0.147789188003540	0.666666666666667	0.170859375000000	0
71500		0.42054	0.24868	0.51604	0.34422	0.147789188003540	0.666666666666667	0.170859375000000	0
72000		0.42081	0.24863	0.51593	0.34420	0.147789188003540	0.666666666666667	0.170859375000000	0
72500		0.42063	0.24856	0.51601	0.34416	0.147789188003540	0.666666666666667	0.170859375000000	0
73000		0.42058	0.24817	0.51590	0.34425	0.147789188003540	0.666666666666667	0.170859375000000	0
73500		0.42036	0.24792	0.51626	0.34434	0.147789188003540	0.666666666666667	0.170859375000000	0
74000		0.42046	0.24766	0.51613	0.34437	0.147789188003540	0.666666666666667	0.170859375000000	0
74500		0.42056	0.24777	0.51608	0.34443	0.147789188003540	0.666666666666667	0.170859375000000	0
75000		0.42074	0.24804	0.51592	0.34445	0.147789188003540	0.666666666666667	0.170859375000000	0
75500		0.42047	0.24819	0.51608	0.34444	0.147789188003540	0.666666666666667	0.170859375000000	0
76000		0.42046	0.24797	0.51611	0.34450	0.147789188003540	0.666666666666667	0.170859375000000	0
76500		0.42077	0.24830	0.51616	0.34446	0.147789188003540	0.666666666666667	0.170859375000000	0
77000		0.42107	0.24847	0.51599	0.34440	0.147789188003540	0.666666666666667	0.170859375000000	0
77500		0.42145	0.24869	0.51584	0.34436	0.147789188003540	0.666666666666667	0.170859375000000	0
78000		0.42143	0.24868	0.51584	0.34428	0.147789188003540	0.666666666666667	0.170859375000000	0
78500		0.42154	0.24881	0.51580	0.34426	0.147789188003540	0.666666666666667	0.170859375000000	0
79000		0.42191	0.24889	0.51596	0.34419	0.147789188003540	0.666666666666667	0.170859375000000	0
79500		0.42243	0.24848	0.51603	0.34414	0.147789188003540	0.666666666666667	0.170859375000000	0
80000		0.42214	0.24836	0.51578	0.34415	0.147789188003540	0.666666666666667	0.170859375000000	0
80500		0.42210	0.24868	0.51583	0.34410	0.147789188003540	0.666666666666667	0.170859375000000	0
81000		0.42201	0.24861	0.51606	0.34412	0.147789188003540	0.666666666666667	0.170859375000000	0
81500		0.42206	0.24869	0.51613	0.34420	0.147789188003540	0.666666666666667	0.170859375000000	0
82000		0.42156	0.24842	0.51643	0.34427	0.147789188003540	0.666666666666667	0.170859375000000	0
82500		0.42161	0.24827	0.51642	0.34432	0.147789188003540	0.666666666666667	0.170859375000000	0
83000		0.42157	0.24835	0.51649	0.34439	0.147789188003540	0.666666666666667	0.170859375000000	0
83500		0.42132	0.24810	0.51663	0.34450	0.147789188003540	0.666666666666667	0.170859375000000	0
84000		0.42135	0.24801	0.51682	0.34450	0.147789188003540	0.666666666666667	0.170859375000000	0
84500		0.42123	0.24783	0.51667	0.34453	0.147789188003540	0.666666666666667	0.170859375000000	0
85000		0.42136	0.24775	0.51667	0.34445	0.147789188003540	0.666666666666667	0.170859375000000	0
85500		0.42144	0.24766	0.51646	0.34449	0.147789188003540	0.666666666666667	0.170859375000000	0
86000		0.42143	0.24749	0.51632	0.34447	0.147789188003540	0.666666666666667	0.170859375000000	0
86500		0.42164	0.24744	0.51612	0.34446	0.147789188003540	0.666666666666667	0.170859375000000	0
87000		0.42174	0.24738	0.51582	0.34443	0.147789188003540	0.666666666666667	0.170859375000000	0
87500		0.42185	0.24740	0.51586	0.34439	0.147789188003540	0.666666666666667	0.170859375000000	0
88000		0.42189	0.24750	0.51591	0.34433	0.147789188003540	0.666666666666667	0.170859375000000	0
88500		0.42233	0.24752	0.51591	0.34433	0.147789188003540	0.666666666666667	0.170859375000000	0
89000		0.42197	0.24760	0.51586	0.34435	0.147789188003540	0.666666666666667	0.170859375000000	0
89500		0.42200	0.24755	0.51584	0.34442	0.147789188003540	0.666666666666667	0.170859375000000	0
90000		0.42220	0.24770	0.51595	0.34440	0.147789188003540	0.666666666666667	0.170859375000000	0
90500		0.42226	0.24771	0.51586	0.34439	0.147789188003540	0.666666666666667	0.170859375000000	0
91000		0.42215	0.24773	0.51587	0.34446	0.147789188003540	0.666666666666667	0.170859375000000	0
91500		0.42224	0.24754	0.51582	0.34451	0.147789188003540	0.666666666666667	0.170859375000000	0
92000		0.42225	0.24754	0.51582	0.34447	0.147789188003540	0.666666666666667	0.170859375000000	0
92500		0.42230	0.24772	0.51599	0.34444	0.147789188003540	0.666666666666667	0.170859375000000	0
93000		0.42265	0.24791	0.51596	0.34445	0.147789188003540	0.666666666666667	0.170859375000000	0
93500		0.42286	0.24796	0.51608	0.34447	0.147789188003540	0.666666666666667	0.170859375000000	0
94000		0.42281	0.24791	0.51619	0.34447	0.147789188003540	0.666666666666667	0.170859375000000	0
94500		0.42313	0.24802	0.51623	0.34446	0.147789188003540	0.666666666666667	0.170859375000000	0
95000		0.42315	0.24779	0.51644	0.34450	0.147789188003540	0.666666666666667	0.170859375000000	0
95500		0.42319	0.24779	0.51623	0.34460	0.147789188003540	0.666666666666667	0.170859375000000	0
96000		0.42314	0.24772	0.51632	0.34470	0.147789188003540	0.666666666666667	0.170859375000000	0
96500		0.42311	0.24767	0.51631	0.34475	0.147789188003540	0.666666666666667	0.170859375000000	0
97000		0.42312	0.24755	0.51637	0.34480	0.147789188003540	0.666666666666667	0.170859375000000	0
97500		0.42333	0.24742	0.51627	0.34481	0.147789188003540	0.666666666666667	0.170859375000000	0
98000		0.42362	0.24761	0.51605	0.34478	0.147789188003540	0.666666666666667	0.170859375000000	0
98500		0.42324	0.24758	0.51607	0.34477	0.147789188003540	0.666666666666667	0.170859375000000	0
99000		0.42320	0.24742	0.51608	0.34481	0.147789188003540	0.666666666666667	0.170859375000000	0
99500		0.42313	0.24734	0.51610	0.34482	0.147789188003540	0.666666666666667	0.170859375000000	0
100000		0.42318	0.24730	0.51625	0.34487	0.147789188003540	0.666666666666667	0.170859375000000	0