step	p_accept_mu1	p_accept_gamma	p_accept_pi	p_accept_Tinf	sigma_mu1	sigma_gamma	sigma_pi	n_like_zero
1		1.00000	1.00000	1.00000	1.00000	0.000100000000000	1.000000000000000	0.010000000000000	0
500		1.00000	1.00000	1.00000	0.35009	0.000100000000000	1.000000000000000	0.010000000000000	0
1000		-nan	-nan	0.91000	0.33749	0.000150000000000	1.000000000000000	0.015000000000000	0
1500		-nan	-nan	0.89400	0.33240	0.000150000000000	1.000000000000000	0.022500000000000	0
2000		-nan	-nan	0.84000	0.32840	0.000150000000000	1.000000000000000	0.033750000000000	0
2500		-nan	-nan	0.78200	0.32535	0.000150000000000	1.000000000000000	0.050625000000000	0
3000		-nan	-nan	0.63600	0.32363	0.000150000000000	1.000000000000000	0.075937500000000	0
3500		-nan	-nan	0.49400	0.32213	0.000150000000000	1.000000000000000	0.113906250000000	0
4000		-nan	-nan	0.48100	0.31839	0.000150000000000	1.000000000000000	0.113906250000000	0
4500		-nan	-nan	0.47000	0.31633	0.000150000000000	1.000000000000000	0.113906250000000	0
5000		-nan	-nan	0.47800	0.31484	0.000150000000000	1.000000000000000	0.113906250000000	0
5500		-nan	-nan	0.47840	0.31349	0.000150000000000	1.000000000000000	0.113906250000000	0
6000		-nan	-nan	0.48067	0.31208	0.000150000000000	1.000000000000000	0.113906250000000	0
6500		-nan	-nan	0.47857	0.31176	0.000150000000000	1.000000000000000	0.113906250000000	0
7000		-nan	-nan	0.48375	0.31151	0.000150000000000	1.000000000000000	0.113906250000000	0
7500		-nan	-nan	0.48333	0.31194	0.000150000000000	1.000000000000000	0.113906250000000	0
8000		-nan	-nan	0.49160	0.31201	0.000150000000000	1.000000000000000	0.113906250000000	0
8500		-nan	-nan	0.49200	0.31155	0.000150000000000	1.000000000000000	0.113906250000000	0
9000		-nan	-nan	0.49250	0.31104	0.000150000000000	1.000000000000000	0.113906250000000	0
9500		-nan	-nan	0.49492	0.31084	0.000150000000000	1.000000000000000	0.113906250000000	0
10000		-nan	-nan	0.49629	0.31077	0.000150000000000	1.000000000000000	0.113906250000000	0
10500		-nan	-nan	0.49853	0.31063	0.000150000000000	1.000000000000000	0.113906250000000	0
11000		-nan	-nan	0.49862	0.31054	0.000150000000000	1.000000000000000	0.113906250000000	0
11500		-nan	-nan	0.49776	0.31005	0.000150000000000	1.000000000000000	0.113906250000000	0
12000		-nan	-nan	0.49633	0.31019	0.000150000000000	1.000000000000000	0.113906250000000	0
12500		-nan	-nan	0.49800	0.31041	0.000150000000000	1.000000000000000	0.113906250000000	0
13000		-nan	-nan	0.49540	0.31011	0.000150000000000	1.000000000000000	0.113906250000000	0
13500		-nan	-nan	0.49848	0.31021	0.000150000000000	1.000000000000000	0.113906250000000	0
14000		-nan	-nan	0.49736	0.31009	0.000150000000000	1.000000000000000	0.113906250000000	0
14500		-nan	-nan	0.49835	0.30984	0.000150000000000	1.000000000000000	0.113906250000000	0
15000		-nan	-nan	0.49942	0.30975	0.000150000000000	1.000000000000000	0.113906250000000	0
15500		-nan	-nan	0.50184	0.30984	0.000150000000000	1.000000000000000	0.113906250000000	0
16000		-nan	-nan	0.50192	0.30978	0.000150000000000	1.000000000000000	0.113906250000000	0
16500		-nan	-nan	0.50185	0.30959	0.000150000000000	1.000000000000000	0.113906250000000	0
17000		-nan	-nan	0.50029	0.30932	0.000150000000000	1.000000000000000	0.113906250000000	0
17500		-nan	-nan	0.50110	0.30918	0.000150000000000	1.000000000000000	0.113906250000000	0
18000		-nan	-nan	0.50167	0.30944	0.000150000000000	1.000000000000000	0.113906250000000	0
18500		-nan	-nan	0.50142	0.30928	0.000150000000000	1.000000000000000	0.113906250000000	0
19000		-nan	-nan	0.50162	0.30924	0.000150000000000	1.000000000000000	0.113906250000000	0
19500		-nan	-nan	0.50230	0.30939	0.000150000000000	1.000000000000000	0.113906250000000	0
20000		-nan	-nan	0.50076	0.30921	0.000150000000000	1.000000000000000	0.113906250000000	0
20500		-nan	-nan	0.49954	0.30879	0.000150000000000	1.000000000000000	0.113906250000000	0
21000		-nan	-nan	0.49928	0.30878	0.000150000000000	1.000000000000000	0.113906250000000	0
21500		-nan	-nan	0.49935	0.30863	0.000150000000000	1.000000000000000	0.113906250000000	0
22000		-nan	-nan	0.49821	0.30862	0.000150000000000	1.000000000000000	0.113906250000000	0
22500		-nan	-nan	0.49815	0.30856	0.000150000000000	1.000000000000000	0.113906250000000	0
23000		-nan	-nan	0.49795	0.30867	0.000150000000000	1.000000000000000	0.113906250000000	0
23500		-nan	-nan	0.49751	0.30865	0.000150000000000	1.000000000000000	0.113906250000000	0
24000		-nan	-nan	0.49790	0.30846	0.000150000000000	1.000000000000000	0.113906250000000	0
24500		-nan	-nan	0.49874	0.30844	0.000150000000000	1.000000000000000	0.113906250000000	0
25000		-nan	-nan	0.49936	0.30815	0.000150000000000	1.000000000000000	0.113906250000000	0
25500		-nan	-nan	0.50027	0.30841	0.000150000000000	1.000000000000000	0.113906250000000	0
26000		-nan	-nan	0.50070	0.30830	0.000150000000000	1.000000000000000	0.113906250000000	0
26500		-nan	-nan	0.50098	0.30828	0.000150000000000	1.000000000000000	0.113906250000000	0
27000		-nan	-nan	0.50133	0.30826	0.000150000000000	1.000000000000000	0.113906250000000	0
27500		-nan	-nan	0.50029	0.30813	0.000150000000000	1.000000000000000	0.113906250000000	0
28000		-nan	-nan	0.49956	0.30807	0.000150000000000	1.000000000000000	0.113906250000000	0
28500		-nan	-nan	0.50000	0.30818	0.000150000000000	1.000000000000000	0.113906250000000	0
29000		-nan	-nan	0.50058	0.30830	0.000150000000000	1.000000000000000	0.113906250000000	0
29500		-nan	-nan	0.50094	0.30838	0.000150000000000	1.000000000000000	0.113906250000000	0
30000		-nan	-nan	0.50111	0.30840	0.000150000000000	1.000000000000000	0.113906250000000	0
30500		-nan	-nan	0.50109	0.30829	0.000150000000000	1.000000000000000	0.113906250000000	0
31000		-nan	-nan	0.50093	0.30834	0.000150000000000	1.000000000000000	0.113906250000000	0
31500		-nan	-nan	0.50144	0.30836	0.000150000000000	1.000000000000000	0.113906250000000	0
32000		-nan	-nan	0.50228	0.30839	0.000150000000000	1.000000000000000	0.113906250000000	0
32500		-nan	-nan	0.50264	0.30847	0.000150000000000	1.000000000000000	0.113906250000000	0
33000		-nan	-nan	0.50220	0.30846	0.000150000000000	1.000000000000000	0.113906250000000	0
33500		-nan	-nan	0.50282	0.30843	0.000150000000000	1.000000000000000	0.113906250000000	0
34000		-nan	-nan	0.50342	0.30850	0.000150000000000	1.000000000000000	0.113906250000000	0
34500		-nan	-nan	0.50375	0.30861	0.000150000000000	1.000000000000000	0.113906250000000	0
35000		-nan	-nan	0.50459	0.30870	0.000150000000000	1.000000000000000	0.113906250000000	0
35500		-nan	-nan	0.50520	0.30880	0.000150000000000	1.000000000000000	0.113906250000000	0
36000		-nan	-nan	0.50594	0.30882	0.000150000000000	1.000000000000000	0.113906250000000	0
36500		-nan	-nan	0.50627	0.30882	0.000150000000000	1.000000000000000	0.113906250000000	0
37000		-nan	-nan	0.50638	0.30881	0.000150000000000	1.000000000000000	0.113906250000000	0
37500		-nan	-nan	0.50661	0.30871	0.000150000000000	1.000000000000000	0.113906250000000	0
38000		-nan	-nan	0.50689	0.30877	0.000150000000000	1.000000000000000	0.113906250000000	0
38500		-nan	-nan	0.50656	0.30876	0.000150000000000	1.000000000000000	0.113906250000000	0
39000		-nan	-nan	0.50647	0.30882	0.000150000000000	1.000000000000000	0.113906250000000	0
39500		-nan	-nan	0.50649	0.30883	0.000150000000000	1.000000000000000	0.113906250000000	0
40000		-nan	-nan	0.50697	0.30877	0.000150000000000	1.000000000000000	0.113906250000000	0
40500		-nan	-nan	0.50619	0.30858	0.000150000000000	1.000000000000000	0.113906250000000	0
41000		-nan	-nan	0.50668	0.30853	0.000150000000000	1.000000000000000	0.113906250000000	0
41500		-nan	-nan	0.50636	0.30849	0.000150000000000	1.000000000000000	0.113906250000000	0
42000		-nan	-nan	0.50608	0.30832	0.000150000000000	1.000000000000000	0.113906250000000	0
42500		-nan	-nan	0.50582	0.30822	0.000150000000000	1.000000000000000	0.113906250000000	0
43000		-nan	-nan	0.50572	0.30823	0.000150000000000	1.000000000000000	0.113906250000000	0
43500		-nan	-nan	0.50486	0.30815	0.000150000000000	1.000000000000000	0.113906250000000	0
44000		-nan	-nan	0.50534	0.30820	0.000150000000000	1.000000000000000	0.113906250000000	0
44500		-nan	-nan	0.50518	0.30830	0.000150000000000	1.000000000000000	0.113906250000000	0
45000		-nan	-nan	0.50590	0.30835	0.000150000000000	1.000000000000000	0.113906250000000	0
45500		-nan	-nan	0.50546	0.30842	0.000150000000000	1.000000000000000	0.113906250000000	0
46000		-nan	-nan	0.50528	0.30839	0.000150000000000	1.000000000000000	0.113906250000000	0
46500		-nan	-nan	0.50536	0.30840	0.000150000000000	1.000000000000000	0.113906250000000	0
47000		-nan	-nan	0.50555	0.30835	0.000150000000000	1.000000000000000	0.113906250000000	0
47500		-nan	-nan	0.50571	0.30836	0.000150000000000	1.000000000000000	0.113906250000000	0
48000		-nan	-nan	0.50580	0.30839	0.000150000000000	1.000000000000000	0.113906250000000	0
48500		-nan	-nan	0.50552	0.30844	0.000150000000000	1.000000000000000	0.113906250000000	0
49000		-nan	-nan	0.50537	0.30842	0.000150000000000	1.000000000000000	0.113906250000000	0
49500		-nan	-nan	0.50576	0.30842	0.000150000000000	1.000000000000000	0.113906250000000	0
50000		-nan	-nan	0.50626	0.30843	0.000150000000000	1.000000000000000	0.113906250000000	0
50500		-nan	-nan	0.50632	0.30843	0.000150000000000	1.000000000000000	0.113906250000000	0
51000		-nan	-nan	0.50665	0.30842	0.000150000000000	1.000000000000000	0.113906250000000	0
51500		-nan	-nan	0.50623	0.30833	0.000150000000000	1.000000000000000	0.113906250000000	0
52000		-nan	-nan	0.50596	0.30836	0.000150000000000	1.000000000000000	0.113906250000000	0
52500		-nan	-nan	0.50612	0.30841	0.000150000000000	1.000000000000000	0.113906250000000	0
53000		-nan	-nan	0.50624	0.30846	0.000150000000000	1.000000000000000	0.113906250000000	0
53500		-nan	-nan	0.50646	0.30858	0.000150000000000	1.000000000000000	0.113906250000000	0
54000		-nan	-nan	0.50698	0.30868	0.000150000000000	1.000000000000000	0.113906250000000	0
54500		-nan	-nan	0.50674	0.30864	0.000150000000000	1.000000000000000	0.113906250000000	0
55000		-nan	-nan	0.50679	0.30860	0.000150000000000	1.000000000000000	0.113906250000000	0
55500		-nan	-nan	0.50640	0.30856	0.000150000000000	1.000000000000000	0.113906250000000	0
56000		-nan	-nan	0.50617	0.30851	0.000150000000000	1.000000000000000	0.113906250000000	0
56500		-nan	-nan	0.50591	0.30839	0.000150000000000	1.000000000000000	0.113906250000000	0
57000		-nan	-nan	0.50606	0.30839	0.000150000000000	1.000000000000000	0.113906250000000	0
57500		-nan	-nan	0.50639	0.30847	0.000150000000000	1.000000000000000	0.113906250000000	0
58000		-nan	-nan	0.50669	0.30856	0.000150000000000	1.000000000000000	0.113906250000000	0
58500		-nan	-nan	0.50683	0.30857	0.000150000000000	1.000000000000000	0.113906250000000	0
59000		-nan	-nan	0.50634	0.30852	0.000150000000000	1.000000000000000	0.113906250000000	0
59500		-nan	-nan	0.50639	0.30840	0.000150000000000	1.000000000000000	0.113906250000000	0
60000		-nan	-nan	0.50589	0.30836	0.000150000000000	1.000000000000000	0.113906250000000	0
60500		-nan	-nan	0.50584	0.30829	0.000150000000000	1.000000000000000	0.113906250000000	0
61000		-nan	-nan	0.50614	0.30831	0.000150000000000	1.000000000000000	0.113906250000000	0
61500		-nan	-nan	0.50650	0.30839	0.000150000000000	1.000000000000000	0.113906250000000	0
62000		-nan	-nan	0.50608	0.30827	0.000150000000000	1.000000000000000	0.113906250000000	0
62500		-nan	-nan	0.50580	0.30819	0.000150000000000	1.000000000000000	0.113906250000000	0
63000		-nan	-nan	0.50557	0.30815	0.000150000000000	1.000000000000000	0.113906250000000	0
63500		-nan	-nan	0.50529	0.30813	0.000150000000000	1.000000000000000	0.113906250000000	0
64000		-nan	-nan	0.50500	0.30807	0.000150000000000	1.000000000000000	0.113906250000000	0
64500		-nan	-nan	0.50499	0.30809	0.000150000000000	1.000000000000000	0.113906250000000	0
65000		-nan	-nan	0.50482	0.30808	0.000150000000000	1.000000000000000	0.113906250000000	0
65500		-nan	-nan	0.50456	0.30801	0.000150000000000	1.000000000000000	0.113906250000000	0
66000		-nan	-nan	0.50444	0.30796	0.000150000000000	1.000000000000000	0.113906250000000	0
66500		-nan	-nan	0.50425	0.30790	0.000150000000000	1.000000000000000	0.113906250000000	0
67000		-nan	-nan	0.50380	0.30784	0.000150000000000	1.000000000000000	0.113906250000000	0
67500		-nan	-nan	0.50364	0.30777	0.000150000000000	1.000000000000000	0.113906250000000	0
68000		-nan	-nan	0.50368	0.30776	0.000150000000000	1.000000000000000	0.113906250000000	0
68500		-nan	-nan	0.50357	0.30773	0.000150000000000	1.000000000000000	0.113906250000000	0
69000		-nan	-nan	0.50347	0.30771	0.000150000000000	1.000000000000000	0.113906250000000	0
69500		-nan	-nan	0.50319	0.30768	0.000150000000000	1.000000000000000	0.113906250000000	0
70000		-nan	-nan	0.50318	0.30769	0.000150000000000	1.000000000000000	0.113906250000000	0
70500		-nan	-nan	0.50304	0.30777	0.000150000000000	1.000000000000000	0.113906250000000	0
71000		-nan	-nan	0.50341	0.30777	0.000150000000000	1.000000000000000	0.113906250000000	0
71500		-nan	-nan	0.50347	0.30777	0.000150000000000	1.000000000000000	0.113906250000000	0
72000		-nan	-nan	0.50414	0.30783	0.000150000000000	1.000000000000000	0.113906250000000	0
72500		-nan	-nan	0.50430	0.30792	0.000150000000000	1.000000000000000	0.113906250000000	0
73000		-nan	-nan	0.50443	0.30794	0.000150000000000	1.000000000000000	0.113906250000000	0
73500		-nan	-nan	0.50437	0.30785	0.000150000000000	1.000000000000000	0.113906250000000	0
74000		-nan	-nan	0.50476	0.30792	0.000150000000000	1.000000000000000	0.113906250000000	0
74500		-nan	-nan	0.50490	0.30796	0.000150000000000	1.000000000000000	0.113906250000000	0
75000		-nan	-nan	0.50514	0.30798	0.000150000000000	1.000000000000000	0.113906250000000	0
75500		-nan	-nan	0.50483	0.30795	0.000150000000000	1.000000000000000	0.113906250000000	0
76000		-nan	-nan	0.50458	0.30793	0.000150000000000	1.000000000000000	0.113906250000000	0
76500		-nan	-nan	0.50507	0.30796	0.000150000000000	1.000000000000000	0.113906250000000	0
77000		-nan	-nan	0.50496	0.30797	0.000150000000000	1.000000000000000	0.113906250000000	0
77500		-nan	-nan	0.50486	0.30795	0.000150000000000	1.000000000000000	0.113906250000000	0
78000		-nan	-nan	0.50476	0.30795	0.000150000000000	1.000000000000000	0.113906250000000	0
78500		-nan	-nan	0.50483	0.30798	0.000150000000000	1.000000000000000	0.113906250000000	0
79000		-nan	-nan	0.50472	0.30796	0.000150000000000	1.000000000000000	0.113906250000000	0
79500		-nan	-nan	0.50461	0.30800	0.000150000000000	1.000000000000000	0.113906250000000	0
80000		-nan	-nan	0.50443	0.30801	0.000150000000000	1.000000000000000	0.113906250000000	0
80500		-nan	-nan	0.50410	0.30800	0.000150000000000	1.000000000000000	0.113906250000000	0
81000		-nan	-nan	0.50414	0.30796	0.000150000000000	1.000000000000000	0.113906250000000	0
81500		-nan	-nan	0.50385	0.30792	0.000150000000000	1.000000000000000	0.113906250000000	0
82000		-nan	-nan	0.50397	0.30798	0.000150000000000	1.000000000000000	0.113906250000000	0
82500		-nan	-nan	0.50397	0.30799	0.000150000000000	1.000000000000000	0.113906250000000	0
83000		-nan	-nan	0.50365	0.30794	0.000150000000000	1.000000000000000	0.113906250000000	0
83500		-nan	-nan	0.50401	0.30792	0.000150000000000	1.000000000000000	0.113906250000000	0
84000		-nan	-nan	0.50430	0.30802	0.000150000000000	1.000000000000000	0.113906250000000	0
84500		-nan	-nan	0.50458	0.30807	0.000150000000000	1.000000000000000	0.113906250000000	0
85000		-nan	-nan	0.50450	0.30807	0.000150000000000	1.000000000000000	0.113906250000000	0
85500		-nan	-nan	0.50418	0.30801	0.000150000000000	1.000000000000000	0.113906250000000	0
86000		-nan	-nan	0.50398	0.30797	0.000150000000000	1.000000000000000	0.113906250000000	0
86500		-nan	-nan	0.50389	0.30798	0.000150000000000	1.000000000000000	0.113906250000000	0
87000		-nan	-nan	0.50406	0.30806	0.000150000000000	1.000000000000000	0.113906250000000	0
87500		-nan	-nan	0.50407	0.30810	0.000150000000000	1.000000000000000	0.113906250000000	0
88000		-nan	-nan	0.50427	0.30814	0.000150000000000	1.000000000000000	0.113906250000000	0
88500		-nan	-nan	0.50428	0.30813	0.000150000000000	1.000000000000000	0.113906250000000	0
89000		-nan	-nan	0.50476	0.30822	0.000150000000000	1.000000000000000	0.113906250000000	0
89500		-nan	-nan	0.50479	0.30824	0.000150000000000	1.000000000000000	0.113906250000000	0
90000		-nan	-nan	0.50483	0.30822	0.000150000000000	1.000000000000000	0.113906250000000	0
90500		-nan	-nan	0.50487	0.30820	0.000150000000000	1.000000000000000	0.113906250000000	0
91000		-nan	-nan	0.50519	0.30825	0.000150000000000	1.000000000000000	0.113906250000000	0
91500		-nan	-nan	0.50519	0.30826	0.000150000000000	1.000000000000000	0.113906250000000	0
92000		-nan	-nan	0.50509	0.30825	0.000150000000000	1.000000000000000	0.113906250000000	0
92500		-nan	-nan	0.50533	0.30826	0.000150000000000	1.000000000000000	0.113906250000000	0
93000		-nan	-nan	0.50540	0.30830	0.000150000000000	1.000000000000000	0.113906250000000	0
93500		-nan	-nan	0.50551	0.30832	0.000150000000000	1.000000000000000	0.113906250000000	0
94000		-nan	-nan	0.50598	0.30835	0.000150000000000	1.000000000000000	0.113906250000000	0
94500		-nan	-nan	0.50602	0.30836	0.000150000000000	1.000000000000000	0.113906250000000	0
95000		-nan	-nan	0.50596	0.30838	0.000150000000000	1.000000000000000	0.113906250000000	0
95500		-nan	-nan	0.50589	0.30843	0.000150000000000	1.000000000000000	0.113906250000000	0
96000		-nan	-nan	0.50617	0.30845	0.000150000000000	1.000000000000000	0.113906250000000	0
96500		-nan	-nan	0.50633	0.30843	0.000150000000000	1.000000000000000	0.113906250000000	0
97000		-nan	-nan	0.50604	0.30841	0.000150000000000	1.000000000000000	0.113906250000000	0
97500		-nan	-nan	0.50586	0.30834	0.000150000000000	1.000000000000000	0.113906250000000	0
98000		-nan	-nan	0.50558	0.30829	0.000150000000000	1.000000000000000	0.113906250000000	0
98500		-nan	-nan	0.50562	0.30829	0.000150000000000	1.000000000000000	0.113906250000000	0
99000		-nan	-nan	0.50559	0.30831	0.000150000000000	1.000000000000000	0.113906250000000	0
99500		-nan	-nan	0.50534	0.30831	0.000150000000000	1.000000000000000	0.113906250000000	0
100000		-nan	-nan	0.50516	0.30829	0.000150000000000	1.000000000000000	0.113906250000000	0