step	p_accept_mu1	p_accept_gamma	p_accept_pi	p_accept_Tinf	sigma_mu1	sigma_gamma	sigma_pi	n_like_zero
1		1.00000	1.00000	1.00000	1.00000	0.000100000000000	1.000000000000000	0.010000000000000	0
500		1.00000	1.00000	1.00000	0.33383	0.000100000000000	1.000000000000000	0.010000000000000	0
1000		-nan	-nan	0.92200	0.31415	0.000150000000000	1.000000000000000	0.015000000000000	0
1500		-nan	-nan	0.75000	0.30070	0.000150000000000	1.000000000000000	0.022500000000000	0
2000		-nan	-nan	0.76800	0.29707	0.000150000000000	1.000000000000000	0.033750000000000	0
2500		-nan	-nan	0.70200	0.29605	0.000150000000000	1.000000000000000	0.050625000000000	0
3000		-nan	-nan	0.47600	0.29304	0.000150000000000	1.000000000000000	0.075937500000000	0
3500		-nan	-nan	0.47700	0.29170	0.000150000000000	1.000000000000000	0.075937500000000	0
4000		-nan	-nan	0.49067	0.29080	0.000150000000000	1.000000000000000	0.075937500000000	0
4500		-nan	-nan	0.48650	0.28990	0.000150000000000	1.000000000000000	0.075937500000000	0
5000		-nan	-nan	0.49080	0.28853	0.000150000000000	1.000000000000000	0.075937500000000	0
5500		-nan	-nan	0.48833	0.28857	0.000150000000000	1.000000000000000	0.075937500000000	0
6000		-nan	-nan	0.47714	0.28782	0.000150000000000	1.000000000000000	0.075937500000000	0
6500		-nan	-nan	0.48100	0.28798	0.000150000000000	1.000000000000000	0.075937500000000	0
7000		-nan	-nan	0.47733	0.28733	0.000150000000000	1.000000000000000	0.075937500000000	0
7500		-nan	-nan	0.48720	0.28777	0.000150000000000	1.000000000000000	0.075937500000000	0
8000		-nan	-nan	0.50382	0.28824	0.000150000000000	1.000000000000000	0.075937500000000	0
8500		-nan	-nan	0.50867	0.28857	0.000150000000000	1.000000000000000	0.075937500000000	0
9000		-nan	-nan	0.50877	0.28781	0.000150000000000	1.000000000000000	0.075937500000000	0
9500		-nan	-nan	0.50786	0.28760	0.000150000000000	1.000000000000000	0.075937500000000	0
10000		-nan	-nan	0.50107	0.28701	0.000150000000000	1.000000000000000	0.075937500000000	0
10500		-nan	-nan	0.50575	0.28695	0.000150000000000	1.000000000000000	0.075937500000000	0
11000		-nan	-nan	0.50706	0.28696	0.000150000000000	1.000000000000000	0.075937500000000	0
11500		-nan	-nan	0.51022	0.28691	0.000150000000000	1.000000000000000	0.075937500000000	0
12000		-nan	-nan	0.50737	0.28685	0.000150000000000	1.000000000000000	0.075937500000000	0
12500		-nan	-nan	0.50410	0.28673	0.000150000000000	1.000000000000000	0.075937500000000	0
13000		-nan	-nan	0.49610	0.28686	0.000150000000000	1.000000000000000	0.075937500000000	0
13500		-nan	-nan	0.49600	0.28696	0.000150000000000	1.000000000000000	0.075937500000000	0
14000		-nan	-nan	0.49635	0.28661	0.000150000000000	1.000000000000000	0.075937500000000	0
14500		-nan	-nan	0.49800	0.28671	0.000150000000000	1.000000000000000	0.075937500000000	0
15000		-nan	-nan	0.49592	0.28670	0.000150000000000	1.000000000000000	0.075937500000000	0
15500		-nan	-nan	0.49515	0.28657	0.000150000000000	1.000000000000000	0.075937500000000	0
16000		-nan	-nan	0.49585	0.28657	0.000150000000000	1.000000000000000	0.075937500000000	0
16500		-nan	-nan	0.49871	0.28656	0.000150000000000	1.000000000000000	0.075937500000000	0
17000		-nan	-nan	0.49766	0.28623	0.000150000000000	1.000000000000000	0.075937500000000	0
17500		-nan	-nan	0.49547	0.28617	0.000150000000000	1.000000000000000	0.075937500000000	0
18000		-nan	-nan	0.49510	0.28610	0.000150000000000	1.000000000000000	0.075937500000000	0
18500		-nan	-nan	0.49488	0.28610	0.000150000000000	1.000000000000000	0.075937500000000	0
19000		-nan	-nan	0.49588	0.28624	0.000150000000000	1.000000000000000	0.075937500000000	0
19500		-nan	-nan	0.49729	0.28653	0.000150000000000	1.000000000000000	0.075937500000000	0
20000		-nan	-nan	0.49674	0.28660	0.000150000000000	1.000000000000000	0.075937500000000	0
20500		-nan	-nan	0.49572	0.28635	0.000150000000000	1.000000000000000	0.075937500000000	0
21000		-nan	-nan	0.49616	0.28645	0.000150000000000	1.000000000000000	0.075937500000000	0
21500		-nan	-nan	0.49353	0.28642	0.000150000000000	1.000000000000000	0.075937500000000	0
22000		-nan	-nan	0.49000	0.28644	0.000150000000000	1.000000000000000	0.075937500000000	0
22500		-nan	-nan	0.48875	0.28641	0.000150000000000	1.000000000000000	0.075937500000000	0
23000		-nan	-nan	0.49005	0.28638	0.000150000000000	1.000000000000000	0.075937500000000	0
23500		-nan	-nan	0.49124	0.28621	0.000150000000000	1.000000000000000	0.075937500000000	0
24000		-nan	-nan	0.49381	0.28619	0.000150000000000	1.000000000000000	0.075937500000000	0
24500		-nan	-nan	0.49386	0.28601	0.000150000000000	1.000000000000000	0.075937500000000	0
25000		-nan	-nan	0.49329	0.28600	0.000150000000000	1.000000000000000	0.075937500000000	0
25500		-nan	-nan	0.49643	0.28616	0.000150000000000	1.000000000000000	0.075937500000000	0
26000		-nan	-nan	0.49979	0.28646	0.000150000000000	1.000000000000000	0.075937500000000	0
26500		-nan	-nan	0.50092	0.28643	0.000150000000000	1.000000000000000	0.075937500000000	0
27000		-nan	-nan	0.50171	0.28629	0.000150000000000	1.000000000000000	0.075937500000000	0
27500		-nan	-nan	0.50032	0.28613	0.000150000000000	1.000000000000000	0.075937500000000	0
28000		-nan	-nan	0.49847	0.28605	0.000150000000000	1.000000000000000	0.075937500000000	0
28500		-nan	-nan	0.49569	0.28580	0.000150000000000	1.000000000000000	0.075937500000000	0
29000		-nan	-nan	0.49611	0.28576	0.000150000000000	1.000000000000000	0.075937500000000	0
29500		-nan	-nan	0.49704	0.28600	0.000150000000000	1.000000000000000	0.075937500000000	0
30000		-nan	-nan	0.49862	0.28621	0.000150000000000	1.000000000000000	0.075937500000000	0
30500		-nan	-nan	0.49857	0.28625	0.000150000000000	1.000000000000000	0.075937500000000	0
31000		-nan	-nan	0.49979	0.28619	0.000150000000000	1.000000000000000	0.075937500000000	0
31500		-nan	-nan	0.49797	0.28621	0.000150000000000	1.000000000000000	0.075937500000000	0
32000		-nan	-nan	0.49942	0.28625	0.000150000000000	1.000000000000000	0.075937500000000	0
32500		-nan	-nan	0.50037	0.28638	0.000150000000000	1.000000000000000	0.075937500000000	0
33000		-nan	-nan	0.50023	0.28622	0.000150000000000	1.000000000000000	0.075937500000000	0
33500		-nan	-nan	0.50248	0.28633	0.000150000000000	1.000000000000000	0.075937500000000	0
34000		-nan	-nan	0.50375	0.28630	0.000150000000000	1.000000000000000	0.075937500000000	0
34500		-nan	-nan	0.50456	0.28626	0.000150000000000	1.000000000000000	0.075937500000000	0
35000		-nan	-nan	0.50538	0.28617	0.000150000000000	1.000000000000000	0.075937500000000	0
35500		-nan	-nan	0.50506	0.28618	0.000150000000000	1.000000000000000	0.075937500000000	0
36000		-nan	-nan	0.50525	0.28603	0.000150000000000	1.000000000000000	0.075937500000000	0
36500		-nan	-nan	0.50494	0.28608	0.000150000000000	1.000000000000000	0.075937500000000	0
37000		-nan	-nan	0.50278	0.28593	0.000150000000000	1.000000000000000	0.075937500000000	0
37500		-nan	-nan	0.50357	0.28590	0.000150000000000	1.000000000000000	0.075937500000000	0
38000		-nan	-nan	0.50524	0.28591	0.000150000000000	1.000000000000000	0.075937500000000	0
38500		-nan	-nan	0.50536	0.28584	0.000150000000000	1.000000000000000	0.075937500000000	0
39000		-nan	-nan	0.50433	0.28583	0.000150000000000	1.000000000000000	0.075937500000000	0
39500		-nan	-nan	0.50489	0.28588	0.000150000000000	1.000000000000000	0.075937500000000	0
40000		-nan	-nan	0.50523	0.28588	0.000150000000000	1.000000000000000	0.075937500000000	0
40500		-nan	-nan	0.50482	0.28597	0.000150000000000	1.000000000000000	0.075937500000000	0
41000		-nan	-nan	0.50618	0.28610	0.000150000000000	1.000000000000000	0.075937500000000	0
41500		-nan	-nan	0.50746	0.28611	0.000150000000000	1.000000000000000	0.075937500000000	0
42000		-nan	-nan	0.50833	0.28614	0.000150000000000	1.000000000000000	0.075937500000000	0
42500		-nan	-nan	0.50970	0.28619	0.000150000000000	1.000000000000000	0.075937500000000	0
43000		-nan	-nan	0.50956	0.28620	0.000150000000000	1.000000000000000	0.075937500000000	0
43500		-nan	-nan	0.50990	0.28623	0.000150000000000	1.000000000000000	0.075937500000000	0
44000		-nan	-nan	0.51154	0.28635	0.000150000000000	1.000000000000000	0.075937500000000	0
44500		-nan	-nan	0.51276	0.28639	0.000150000000000	1.000000000000000	0.075937500000000	0
45000		-nan	-nan	0.51139	0.28622	0.000150000000000	1.000000000000000	0.075937500000000	0
45500		-nan	-nan	0.51067	0.28627	0.000150000000000	1.000000000000000	0.075937500000000	0
46000		-nan	-nan	0.50989	0.28613	0.000150000000000	1.000000000000000	0.075937500000000	0
46500		-nan	-nan	0.50955	0.28598	0.000150000000000	1.000000000000000	0.075937500000000	0
47000		-nan	-nan	0.50924	0.28587	0.000150000000000	1.000000000000000	0.075937500000000	0
47500		-nan	-nan	0.51056	0.28604	0.000150000000000	1.000000000000000	0.075937500000000	0
48000		-nan	-nan	0.51059	0.28597	0.000150000000000	1.000000000000000	0.075937500000000	0
48500		-nan	-nan	0.51061	0.28603	0.000150000000000	1.000000000000000	0.075937500000000	0
49000		-nan	-nan	0.51009	0.28598	0.000150000000000	1.000000000000000	0.075937500000000	0
49500		-nan	-nan	0.51028	0.28604	0.000150000000000	1.000000000000000	0.075937500000000	0
50000		-nan	-nan	0.51025	0.28610	0.000150000000000	1.000000000000000	0.075937500000000	0
50500		-nan	-nan	0.50921	0.28603	0.000150000000000	1.000000000000000	0.075937500000000	0
51000		-nan	-nan	0.50944	0.28600	0.000150000000000	1.000000000000000	0.075937500000000	0
51500		-nan	-nan	0.50914	0.28606	0.000150000000000	1.000000000000000	0.075937500000000	0
52000		-nan	-nan	0.50853	0.28592	0.000150000000000	1.000000000000000	0.075937500000000	0
52500		-nan	-nan	0.50934	0.28595	0.000150000000000	1.000000000000000	0.075937500000000	0
53000		-nan	-nan	0.51034	0.28614	0.000150000000000	1.000000000000000	0.075937500000000	0
53500		-nan	-nan	0.51055	0.28620	0.000150000000000	1.000000000000000	0.075937500000000	0
54000		-nan	-nan	0.51091	0.28627	0.000150000000000	1.000000000000000	0.075937500000000	0
54500		-nan	-nan	0.51181	0.28633	0.000150000000000	1.000000000000000	0.075937500000000	0
55000		-nan	-nan	0.51234	0.28627	0.000150000000000	1.000000000000000	0.075937500000000	0
55500		-nan	-nan	0.51308	0.28627	0.000150000000000	1.000000000000000	0.075937500000000	0
56000		-nan	-nan	0.51241	0.28625	0.000150000000000	1.000000000000000	0.075937500000000	0
56500		-nan	-nan	0.51294	0.28622	0.000150000000000	1.000000000000000	0.075937500000000	0
57000		-nan	-nan	0.51389	0.28622	0.000150000000000	1.000000000000000	0.075937500000000	0
57500		-nan	-nan	0.51373	0.28625	0.000150000000000	1.000000000000000	0.075937500000000	0
58000		-nan	-nan	0.51346	0.28619	0.000150000000000	1.000000000000000	0.075937500000000	0
58500		-nan	-nan	0.51296	0.28608	0.000150000000000	1.000000000000000	0.075937500000000	0
59000		-nan	-nan	0.51246	0.28605	0.000150000000000	1.000000000000000	0.075937500000000	0
59500		-nan	-nan	0.51235	0.28603	0.000150000000000	1.000000000000000	0.075937500000000	0
60000		-nan	-nan	0.51235	0.28604	0.000150000000000	1.000000000000000	0.075937500000000	0
60500		-nan	-nan	0.51219	0.28603	0.000150000000000	1.000000000000000	0.075937500000000	0
61000		-nan	-nan	0.51260	0.28608	0.000150000000000	1.000000000000000	0.075937500000000	0
61500		-nan	-nan	0.51290	0.28613	0.000150000000000	1.000000000000000	0.075937500000000	0
62000		-nan	-nan	0.51341	0.28614	0.000150000000000	1.000000000000000	0.075937500000000	0
62500		-nan	-nan	0.51345	0.28615	0.000150000000000	1.000000000000000	0.075937500000000	0
63000		-nan	-nan	0.51197	0.28614	0.000150000000000	1.000000000000000	0.075937500000000	0
63500		-nan	-nan	0.51179	0.28618	0.000150000000000	1.000000000000000	0.075937500000000	0
64000		-nan	-nan	0.51203	0.28606	0.000150000000000	1.000000000000000	0.075937500000000	0
64500		-nan	-nan	0.51260	0.28617	0.000150000000000	1.000000000000000	0.075937500000000	0
65000		-nan	-nan	0.51203	0.28614	0.000150000000000	1.000000000000000	0.075937500000000	0
65500		-nan	-nan	0.51175	0.28613	0.000150000000000	1.000000000000000	0.075937500000000	0
66000		-nan	-nan	0.51135	0.28607	0.000150000000000	1.000000000000000	0.075937500000000	0
66500		-nan	-nan	0.51161	0.28604	0.000150000000000	1.000000000000000	0.075937500000000	0
67000		-nan	-nan	0.51177	0.28604	0.000150000000000	1.000000000000000	0.075937500000000	0
67500		-nan	-nan	0.51149	0.28606	0.000150000000000	1.000000000000000	0.075937500000000	0
68000		-nan	-nan	0.51154	0.28606	0.000150000000000	1.000000000000000	0.075937500000000	0
68500		-nan	-nan	0.51212	0.28608	0.000150000000000	1.000000000000000	0.075937500000000	0
69000		-nan	-nan	0.51265	0.28608	0.000150000000000	1.000000000000000	0.075937500000000	0
69500		-nan	-nan	0.51394	0.28624	0.000150000000000	1.000000000000000	0.075937500000000	0
70000		-nan	-nan	0.51388	0.28622	0.000150000000000	1.000000000000000	0.075937500000000	0
70500		-nan	-nan	0.51425	0.28626	0.000150000000000	1.000000000000000	0.075937500000000	0
71000		-nan	-nan	0.51464	0.28637	0.000150000000000	1.000000000000000	0.075937500000000	0
71500		-nan	-nan	0.51429	0.28634	0.000150000000000	1.000000000000000	0.075937500000000	0
72000		-nan	-nan	0.51386	0.28632	0.000150000000000	1.000000000000000	0.075937500000000	0
72500		-nan	-nan	0.51339	0.28629	0.000150000000000	1.000000000000000	0.075937500000000	0
73000		-nan	-nan	0.51308	0.28626	0.000150000000000	1.000000000000000	0.075937500000000	0
73500		-nan	-nan	0.51338	0.28624	0.000150000000000	1.000000000000000	0.075937500000000	0
74000		-nan	-nan	0.51345	0.28618	0.000150000000000	1.000000000000000	0.075937500000000	0
74500		-nan	-nan	0.51300	0.28616	0.000150000000000	1.000000000000000	0.075937500000000	0
75000		-nan	-nan	0.51287	0.28615	0.000150000000000	1.000000000000000	0.075937500000000	0
75500		-nan	-nan	0.51308	0.28618	0.000150000000000	1.000000000000000	0.075937500000000	0
76000		-nan	-nan	0.51325	0.28620	0.000150000000000	1.000000000000000	0.075937500000000	0
76500		-nan	-nan	0.51334	0.28616	0.000150000000000	1.000000000000000	0.075937500000000	0
77000		-nan	-nan	0.51266	0.28611	0.000150000000000	1.000000000000000	0.075937500000000	0
77500		-nan	-nan	0.51179	0.28605	0.000150000000000	1.000000000000000	0.075937500000000	0
78000		-nan	-nan	0.51208	0.28608	0.000150000000000	1.000000000000000	0.075937500000000	0
78500		-nan	-nan	0.51209	0.28611	0.000150000000000	1.000000000000000	0.075937500000000	0
79000		-nan	-nan	0.51284	0.28618	0.000150000000000	1.000000000000000	0.075937500000000	0
79500		-nan	-nan	0.51281	0.28616	0.000150000000000	1.000000000000000	0.075937500000000	0
80000		-nan	-nan	0.51299	0.28614	0.000150000000000	1.000000000000000	0.075937500000000	0
80500		-nan	-nan	0.51247	0.28611	0.000150000000000	1.000000000000000	0.075937500000000	0
81000		-nan	-nan	0.51315	0.28611	0.000150000000000	1.000000000000000	0.075937500000000	0
81500		-nan	-nan	0.51318	0.28609	0.000150000000000	1.000000000000000	0.075937500000000	0
82000		-nan	-nan	0.51309	0.28606	0.000150000000000	1.000000000000000	0.075937500000000	0
82500		-nan	-nan	0.51326	0.28608	0.000150000000000	1.000000000000000	0.075937500000000	0
83000		-nan	-nan	0.51350	0.28607	0.000150000000000	1.000000000000000	0.075937500000000	0
83500		-nan	-nan	0.51314	0.28606	0.000150000000000	1.000000000000000	0.075937500000000	0
84000		-nan	-nan	0.51335	0.28611	0.000150000000000	1.000000000000000	0.075937500000000	0
84500		-nan	-nan	0.51307	0.28604	0.000150000000000	1.000000000000000	0.075937500000000	0
85000		-nan	-nan	0.51314	0.28603	0.000150000000000	1.000000000000000	0.075937500000000	0
85500		-nan	-nan	0.51355	0.28602	0.000150000000000	1.000000000000000	0.075937500000000	0
86000		-nan	-nan	0.51334	0.28598	0.000150000000000	1.000000000000000	0.075937500000000	0
86500		-nan	-nan	0.51332	0.28597	0.000150000000000	1.000000000000000	0.075937500000000	0
87000		-nan	-nan	0.51385	0.28597	0.000150000000000	1.000000000000000	0.075937500000000	0
87500		-nan	-nan	0.51440	0.28602	0.000150000000000	1.000000000000000	0.075937500000000	0
88000		-nan	-nan	0.51496	0.28607	0.000150000000000	1.000000000000000	0.075937500000000	0
88500		-nan	-nan	0.51483	0.28606	0.000150000000000	1.000000000000000	0.075937500000000	0
89000		-nan	-nan	0.51488	0.28602	0.000150000000000	1.000000000000000	0.075937500000000	0
89500		-nan	-nan	0.51468	0.28601	0.000150000000000	1.000000000000000	0.075937500000000	0
90000		-nan	-nan	0.51466	0.28599	0.000150000000000	1.000000000000000	0.075937500000000	0
90500		-nan	-nan	0.51438	0.28599	0.000150000000000	1.000000000000000	0.075937500000000	0
91000		-nan	-nan	0.51411	0.28597	0.000150000000000	1.000000000000000	0.075937500000000	0
91500		-nan	-nan	0.51409	0.28595	0.000150000000000	1.000000000000000	0.075937500000000	0
92000		-nan	-nan	0.51401	0.28597	0.000150000000000	1.000000000000000	0.075937500000000	0
92500		-nan	-nan	0.51426	0.28601	0.000150000000000	1.000000000000000	0.075937500000000	0
93000		-nan	-nan	0.51409	0.28599	0.000150000000000	1.000000000000000	0.075937500000000	0
93500		-nan	-nan	0.51415	0.28600	0.000150000000000	1.000000000000000	0.075937500000000	0
94000		-nan	-nan	0.51433	0.28605	0.000150000000000	1.000000000000000	0.075937500000000	0
94500		-nan	-nan	0.51490	0.28607	0.000150000000000	1.000000000000000	0.075937500000000	0
95000		-nan	-nan	0.51505	0.28607	0.000150000000000	1.000000000000000	0.075937500000000	0
95500		-nan	-nan	0.51502	0.28606	0.000150000000000	1.000000000000000	0.075937500000000	0
96000		-nan	-nan	0.51491	0.28603	0.000150000000000	1.000000000000000	0.075937500000000	0
96500		-nan	-nan	0.51527	0.28608	0.000150000000000	1.000000000000000	0.075937500000000	0
97000		-nan	-nan	0.51524	0.28606	0.000150000000000	1.000000000000000	0.075937500000000	0
97500		-nan	-nan	0.51552	0.28604	0.000150000000000	1.000000000000000	0.075937500000000	0
98000		-nan	-nan	0.51557	0.28610	0.000150000000000	1.000000000000000	0.075937500000000	0
98500		-nan	-nan	0.51540	0.28612	0.000150000000000	1.000000000000000	0.075937500000000	0
99000		-nan	-nan	0.51473	0.28610	0.000150000000000	1.000000000000000	0.075937500000000	0
99500		-nan	-nan	0.51544	0.28610	0.000150000000000	1.000000000000000	0.075937500000000	0
100000		-nan	-nan	0.51555	0.28607	0.000150000000000	1.000000000000000	0.075937500000000	0