step	p_accept_mu1	p_accept_gamma	p_accept_pi	p_accept_Tinf	sigma_mu1	sigma_gamma	sigma_pi	n_like_zero
1		1.00000	1.00000	1.00000	1.00000	0.000100000000000	1.000000000000000	0.010000000000000	0
500		1.00000	1.00000	1.00000	0.44056	0.000100000000000	1.000000000000000	0.010000000000000	0
1000		-nan	-nan	0.54800	0.43404	0.000150000000000	1.000000000000000	0.015000000000000	0
1500		-nan	-nan	0.39200	0.43184	0.000150000000000	1.000000000000000	0.022500000000000	0
2000		-nan	-nan	0.39900	0.42927	0.000150000000000	1.000000000000000	0.022500000000000	0
2500		-nan	-nan	0.41933	0.42852	0.000150000000000	1.000000000000000	0.022500000000000	0
3000		-nan	-nan	0.42450	0.42721	0.000150000000000	1.000000000000000	0.022500000000000	0
3500		-nan	-nan	0.42840	0.42711	0.000150000000000	1.000000000000000	0.022500000000000	0
4000		-nan	-nan	0.43733	0.42758	0.000150000000000	1.000000000000000	0.022500000000000	0
4500		-nan	-nan	0.44600	0.42746	0.000150000000000	1.000000000000000	0.022500000000000	0
5000		-nan	-nan	0.44475	0.42768	0.000150000000000	1.000000000000000	0.022500000000000	0
5500		-nan	-nan	0.44556	0.42835	0.000150000000000	1.000000000000000	0.022500000000000	0
6000		-nan	-nan	0.44940	0.42832	0.000150000000000	1.000000000000000	0.022500000000000	0
6500		-nan	-nan	0.45055	0.42842	0.000150000000000	1.000000000000000	0.022500000000000	0
7000		-nan	-nan	0.45200	0.42844	0.000150000000000	1.000000000000000	0.022500000000000	0
7500		-nan	-nan	0.45138	0.42823	0.000150000000000	1.000000000000000	0.022500000000000	0
8000		-nan	-nan	0.45343	0.42846	0.000150000000000	1.000000000000000	0.022500000000000	0
8500		-nan	-nan	0.45533	0.42868	0.000150000000000	1.000000000000000	0.022500000000000	0
9000		-nan	-nan	0.45525	0.42817	0.000150000000000	1.000000000000000	0.022500000000000	0
9500		-nan	-nan	0.45471	0.42787	0.000150000000000	1.000000000000000	0.022500000000000	0
10000		-nan	-nan	0.45378	0.42788	0.000150000000000	1.000000000000000	0.022500000000000	0
10500		-nan	-nan	0.45547	0.42820	0.000150000000000	1.000000000000000	0.022500000000000	0
11000		-nan	-nan	0.45540	0.42816	0.000150000000000	1.000000000000000	0.022500000000000	0
11500		-nan	-nan	0.45590	0.42825	0.000150000000000	1.000000000000000	0.022500000000000	0
12000		-nan	-nan	0.45755	0.42811	0.000150000000000	1.000000000000000	0.022500000000000	0
12500		-nan	-nan	0.45748	0.42802	0.000150000000000	1.000000000000000	0.022500000000000	0
13000		-nan	-nan	0.45642	0.42813	0.000150000000000	1.000000000000000	0.022500000000000	0
13500		-nan	-nan	0.45848	0.42822	0.000150000000000	1.000000000000000	0.022500000000000	0
14000		-nan	-nan	0.45831	0.42805	0.000150000000000	1.000000000000000	0.022500000000000	0
14500		-nan	-nan	0.45881	0.42797	0.000150000000000	1.000000000000000	0.022500000000000	0
15000		-nan	-nan	0.45979	0.42782	0.000150000000000	1.000000000000000	0.022500000000000	0
15500		-nan	-nan	0.45959	0.42788	0.000150000000000	1.000000000000000	0.022500000000000	0
16000		-nan	-nan	0.45933	0.42810	0.000150000000000	1.000000000000000	0.022500000000000	0
16500		-nan	-nan	0.45916	0.42825	0.000150000000000	1.000000000000000	0.022500000000000	0
17000		-nan	-nan	0.45937	0.42831	0.000150000000000	1.000000000000000	0.022500000000000	0
17500		-nan	-nan	0.45921	0.42819	0.000150000000000	1.000000000000000	0.022500000000000	0
18000		-nan	-nan	0.45900	0.42819	0.000150000000000	1.000000000000000	0.022500000000000	0
18500		-nan	-nan	0.45874	0.42838	0.000150000000000	1.000000000000000	0.022500000000000	0
19000		-nan	-nan	0.46028	0.42820	0.000150000000000	1.000000000000000	0.022500000000000	0
19500		-nan	-nan	0.46022	0.42804	0.000150000000000	1.000000000000000	0.022500000000000	0
20000		-nan	-nan	0.45968	0.42812	0.000150000000000	1.000000000000000	0.022500000000000	0
20500		-nan	-nan	0.45933	0.42788	0.000150000000000	1.000000000000000	0.022500000000000	0
21000		-nan	-nan	0.46000	0.42816	0.000150000000000	1.000000000000000	0.022500000000000	0
21500		-nan	-nan	0.45820	0.42824	0.000150000000000	1.000000000000000	0.022500000000000	0
22000		-nan	-nan	0.45800	0.42836	0.000150000000000	1.000000000000000	0.022500000000000	0
22500		-nan	-nan	0.45791	0.42837	0.000150000000000	1.000000000000000	0.022500000000000	0
23000		-nan	-nan	0.45759	0.42819	0.000150000000000	1.000000000000000	0.022500000000000	0
23500		-nan	-nan	0.45671	0.42813	0.000150000000000	1.000000000000000	0.022500000000000	0
24000		-nan	-nan	0.45683	0.42821	0.000150000000000	1.000000000000000	0.022500000000000	0
24500		-nan	-nan	0.45660	0.42834	0.000150000000000	1.000000000000000	0.022500000000000	0
25000		-nan	-nan	0.45646	0.42821	0.000150000000000	1.000000000000000	0.022500000000000	0
25500		-nan	-nan	0.45739	0.42818	0.000150000000000	1.000000000000000	0.022500000000000	0
26000		-nan	-nan	0.45668	0.42807	0.000150000000000	1.000000000000000	0.022500000000000	0
26500		-nan	-nan	0.45725	0.42809	0.000150000000000	1.000000000000000	0.022500000000000	0
27000		-nan	-nan	0.45669	0.42814	0.000150000000000	1.000000000000000	0.022500000000000	0
27500		-nan	-nan	0.45664	0.42811	0.000150000000000	1.000000000000000	0.022500000000000	0
28000		-nan	-nan	0.45722	0.42802	0.000150000000000	1.000000000000000	0.022500000000000	0
28500		-nan	-nan	0.45705	0.42799	0.000150000000000	1.000000000000000	0.022500000000000	0
29000		-nan	-nan	0.45671	0.42789	0.000150000000000	1.000000000000000	0.022500000000000	0
29500		-nan	-nan	0.45660	0.42781	0.000150000000000	1.000000000000000	0.022500000000000	0
30000		-nan	-nan	0.45690	0.42778	0.000150000000000	1.000000000000000	0.022500000000000	0
30500		-nan	-nan	0.45715	0.42767	0.000150000000000	1.000000000000000	0.022500000000000	0
31000		-nan	-nan	0.45670	0.42768	0.000150000000000	1.000000000000000	0.022500000000000	0
31500		-nan	-nan	0.45715	0.42778	0.000150000000000	1.000000000000000	0.022500000000000	0
32000		-nan	-nan	0.45671	0.42782	0.000150000000000	1.000000000000000	0.022500000000000	0
32500		-nan	-nan	0.45651	0.42774	0.000150000000000	1.000000000000000	0.022500000000000	0
33000		-nan	-nan	0.45625	0.42780	0.000150000000000	1.000000000000000	0.022500000000000	0
33500		-nan	-nan	0.45646	0.42785	0.000150000000000	1.000000000000000	0.022500000000000	0
34000		-nan	-nan	0.45600	0.42787	0.000150000000000	1.000000000000000	0.022500000000000	0
34500		-nan	-nan	0.45561	0.42801	0.000150000000000	1.000000000000000	0.022500000000000	0
35000		-nan	-nan	0.45626	0.42814	0.000150000000000	1.000000000000000	0.022500000000000	0
35500		-nan	-nan	0.45672	0.42812	0.000150000000000	1.000000000000000	0.022500000000000	0
36000		-nan	-nan	0.45660	0.42808	0.000150000000000	1.000000000000000	0.022500000000000	0
36500		-nan	-nan	0.45651	0.42811	0.000150000000000	1.000000000000000	0.022500000000000	0
37000		-nan	-nan	0.45631	0.42812	0.000150000000000	1.000000000000000	0.022500000000000	0
37500		-nan	-nan	0.45584	0.42818	0.000150000000000	1.000000000000000	0.022500000000000	0
38000		-nan	-nan	0.45519	0.42815	0.000150000000000	1.000000000000000	0.022500000000000	0
38500		-nan	-nan	0.45547	0.42819	0.000150000000000	1.000000000000000	0.022500000000000	0
39000		-nan	-nan	0.45513	0.42817	0.000150000000000	1.000000000000000	0.022500000000000	0
39500		-nan	-nan	0.45504	0.42831	0.000150000000000	1.000000000000000	0.022500000000000	0
40000		-nan	-nan	0.45585	0.42828	0.000150000000000	1.000000000000000	0.022500000000000	0
40500		-nan	-nan	0.45557	0.42831	0.000150000000000	1.000000000000000	0.022500000000000	0
41000		-nan	-nan	0.45550	0.42832	0.000150000000000	1.000000000000000	0.022500000000000	0
41500		-nan	-nan	0.45538	0.42827	0.000150000000000	1.000000000000000	0.022500000000000	0
42000		-nan	-nan	0.45485	0.42832	0.000150000000000	1.000000000000000	0.022500000000000	0
42500		-nan	-nan	0.45453	0.42831	0.000150000000000	1.000000000000000	0.022500000000000	0
43000		-nan	-nan	0.45467	0.42828	0.000150000000000	1.000000000000000	0.022500000000000	0
43500		-nan	-nan	0.45520	0.42817	0.000150000000000	1.000000000000000	0.022500000000000	0
44000		-nan	-nan	0.45574	0.42824	0.000150000000000	1.000000000000000	0.022500000000000	0
44500		-nan	-nan	0.45579	0.42827	0.000150000000000	1.000000000000000	0.022500000000000	0
45000		-nan	-nan	0.45541	0.42820	0.000150000000000	1.000000000000000	0.022500000000000	0
45500		-nan	-nan	0.45569	0.42823	0.000150000000000	1.000000000000000	0.022500000000000	0
46000		-nan	-nan	0.45609	0.42819	0.000150000000000	1.000000000000000	0.022500000000000	0
46500		-nan	-nan	0.45633	0.42822	0.000150000000000	1.000000000000000	0.022500000000000	0
47000		-nan	-nan	0.45570	0.42822	0.000150000000000	1.000000000000000	0.022500000000000	0
47500		-nan	-nan	0.45572	0.42816	0.000150000000000	1.000000000000000	0.022500000000000	0
48000		-nan	-nan	0.45560	0.42818	0.000150000000000	1.000000000000000	0.022500000000000	0
48500		-nan	-nan	0.45583	0.42818	0.000150000000000	1.000000000000000	0.022500000000000	0
49000		-nan	-nan	0.45567	0.42823	0.000150000000000	1.000000000000000	0.022500000000000	0
49500		-nan	-nan	0.45606	0.42828	0.000150000000000	1.000000000000000	0.022500000000000	0
50000		-nan	-nan	0.45584	0.42822	0.000150000000000	1.000000000000000	0.022500000000000	0
50500		-nan	-nan	0.45537	0.42816	0.000150000000000	1.000000000000000	0.022500000000000	0
51000		-nan	-nan	0.45528	0.42811	0.000150000000000	1.000000000000000	0.022500000000000	0
51500		-nan	-nan	0.45556	0.42810	0.000150000000000	1.000000000000000	0.022500000000000	0
52000		-nan	-nan	0.45565	0.42810	0.000150000000000	1.000000000000000	0.022500000000000	0
52500		-nan	-nan	0.45548	0.42811	0.000150000000000	1.000000000000000	0.022500000000000	0
53000		-nan	-nan	0.45533	0.42810	0.000150000000000	1.000000000000000	0.022500000000000	0
53500		-nan	-nan	0.45552	0.42807	0.000150000000000	1.000000000000000	0.022500000000000	0
54000		-nan	-nan	0.45560	0.42802	0.000150000000000	1.000000000000000	0.022500000000000	0
54500		-nan	-nan	0.45536	0.42796	0.000150000000000	1.000000000000000	0.022500000000000	0
55000		-nan	-nan	0.45563	0.42788	0.000150000000000	1.000000000000000	0.022500000000000	0
55500		-nan	-nan	0.45580	0.42794	0.000150000000000	1.000000000000000	0.022500000000000	0
56000		-nan	-nan	0.45553	0.42794	0.000150000000000	1.000000000000000	0.022500000000000	0
56500		-nan	-nan	0.45559	0.42792	0.000150000000000	1.000000000000000	0.022500000000000	0
57000		-nan	-nan	0.45541	0.42785	0.000150000000000	1.000000000000000	0.022500000000000	0
57500		-nan	-nan	0.45529	0.42773	0.000150000000000	1.000000000000000	0.022500000000000	0
58000		-nan	-nan	0.45561	0.42771	0.000150000000000	1.000000000000000	0.022500000000000	0
58500		-nan	-nan	0.45567	0.42767	0.000150000000000	1.000000000000000	0.022500000000000	0
59000		-nan	-nan	0.45567	0.42767	0.000150000000000	1.000000000000000	0.022500000000000	0
59500		-nan	-nan	0.45540	0.42770	0.000150000000000	1.000000000000000	0.022500000000000	0
60000		-nan	-nan	0.45568	0.42774	0.000150000000000	1.000000000000000	0.022500000000000	0
60500		-nan	-nan	0.45550	0.42774	0.000150000000000	1.000000000000000	0.022500000000000	0
61000		-nan	-nan	0.45562	0.42772	0.000150000000000	1.000000000000000	0.022500000000000	0
61500		-nan	-nan	0.45532	0.42778	0.000150000000000	1.000000000000000	0.022500000000000	0
62000		-nan	-nan	0.45554	0.42779	0.000150000000000	1.000000000000000	0.022500000000000	0
62500		-nan	-nan	0.45554	0.42773	0.000150000000000	1.000000000000000	0.022500000000000	0
63000		-nan	-nan	0.45529	0.42778	0.000150000000000	1.000000000000000	0.022500000000000	0
63500		-nan	-nan	0.45506	0.42776	0.000150000000000	1.000000000000000	0.022500000000000	0
64000		-nan	-nan	0.45498	0.42777	0.000150000000000	1.000000000000000	0.022500000000000	0
64500		-nan	-nan	0.45520	0.42784	0.000150000000000	1.000000000000000	0.022500000000000	0
65000		-nan	-nan	0.45517	0.42785	0.000150000000000	1.000000000000000	0.022500000000000	0
65500		-nan	-nan	0.45502	0.42783	0.000150000000000	1.000000000000000	0.022500000000000	0
66000		-nan	-nan	0.45525	0.42791	0.000150000000000	1.000000000000000	0.022500000000000	0
66500		-nan	-nan	0.45519	0.42795	0.000150000000000	1.000000000000000	0.022500000000000	0
67000		-nan	-nan	0.45476	0.42801	0.000150000000000	1.000000000000000	0.022500000000000	0
67500		-nan	-nan	0.45459	0.42803	0.000150000000000	1.000000000000000	0.022500000000000	0
68000		-nan	-nan	0.45454	0.42802	0.000150000000000	1.000000000000000	0.022500000000000	0
68500		-nan	-nan	0.45425	0.42803	0.000150000000000	1.000000000000000	0.022500000000000	0
69000		-nan	-nan	0.45424	0.42805	0.000150000000000	1.000000000000000	0.022500000000000	0
69500		-nan	-nan	0.45448	0.42809	0.000150000000000	1.000000000000000	0.022500000000000	0
70000		-nan	-nan	0.45452	0.42805	0.000150000000000	1.000000000000000	0.022500000000000	0
70500		-nan	-nan	0.45456	0.42804	0.000150000000000	1.000000000000000	0.022500000000000	0
71000		-nan	-nan	0.45467	0.42800	0.000150000000000	1.000000000000000	0.022500000000000	0
71500		-nan	-nan	0.45457	0.42797	0.000150000000000	1.000000000000000	0.022500000000000	0
72000		-nan	-nan	0.45455	0.42796	0.000150000000000	1.000000000000000	0.022500000000000	0
72500		-nan	-nan	0.45439	0.42799	0.000150000000000	1.000000000000000	0.022500000000000	0
73000		-nan	-nan	0.45421	0.42800	0.000150000000000	1.000000000000000	0.022500000000000	0
73500		-nan	-nan	0.45412	0.42800	0.000150000000000	1.000000000000000	0.022500000000000	0
74000		-nan	-nan	0.45411	0.42805	0.000150000000000	1.000000000000000	0.022500000000000	0
74500		-nan	-nan	0.45435	0.42810	0.000150000000000	1.000000000000000	0.022500000000000	0
75000		-nan	-nan	0.45432	0.42812	0.000150000000000	1.000000000000000	0.022500000000000	0
75500		-nan	-nan	0.45416	0.42815	0.000150000000000	1.000000000000000	0.022500000000000	0
76000		-nan	-nan	0.45421	0.42815	0.000150000000000	1.000000000000000	0.022500000000000	0
76500		-nan	-nan	0.45400	0.42816	0.000150000000000	1.000000000000000	0.022500000000000	0
77000		-nan	-nan	0.45412	0.42817	0.000150000000000	1.000000000000000	0.022500000000000	0
77500		-nan	-nan	0.45418	0.42815	0.000150000000000	1.000000000000000	0.022500000000000	0
78000		-nan	-nan	0.45396	0.42815	0.000150000000000	1.000000000000000	0.022500000000000	0
78500		-nan	-nan	0.45388	0.42818	0.000150000000000	1.000000000000000	0.022500000000000	0
79000		-nan	-nan	0.45369	0.42817	0.000150000000000	1.000000000000000	0.022500000000000	0
79500		-nan	-nan	0.45406	0.42815	0.000150000000000	1.000000000000000	0.022500000000000	0
80000		-nan	-nan	0.45419	0.42815	0.000150000000000	1.000000000000000	0.022500000000000	0
80500		-nan	-nan	0.45439	0.42812	0.000150000000000	1.000000000000000	0.022500000000000	0
81000		-nan	-nan	0.45432	0.42815	0.000150000000000	1.000000000000000	0.022500000000000	0
81500		-nan	-nan	0.45427	0.42810	0.000150000000000	1.000000000000000	0.022500000000000	0
82000		-nan	-nan	0.45428	0.42809	0.000150000000000	1.000000000000000	0.022500000000000	0
82500		-nan	-nan	0.45417	0.42809	0.000150000000000	1.000000000000000	0.022500000000000	0
83000		-nan	-nan	0.45413	0.42808	0.000150000000000	1.000000000000000	0.022500000000000	0
83500		-nan	-nan	0.45401	0.42812	0.000150000000000	1.000000000000000	0.022500000000000	0
84000		-nan	-nan	0.45404	0.42803	0.000150000000000	1.000000000000000	0.022500000000000	0
84500		-nan	-nan	0.45407	0.42804	0.000150000000000	1.000000000000000	0.022500000000000	0
85000		-nan	-nan	0.45413	0.42807	0.000150000000000	1.000000000000000	0.022500000000000	0
85500		-nan	-nan	0.45399	0.42807	0.000150000000000	1.000000000000000	0.022500000000000	0
86000		-nan	-nan	0.45409	0.42806	0.000150000000000	1.000000000000000	0.022500000000000	0
86500		-nan	-nan	0.45418	0.42804	0.000150000000000	1.000000000000000	0.022500000000000	0
87000		-nan	-nan	0.45416	0.42804	0.000150000000000	1.000000000000000	0.022500000000000	0
87500		-nan	-nan	0.45422	0.42807	0.000150000000000	1.000000000000000	0.022500000000000	0
88000		-nan	-nan	0.45399	0.42804	0.000150000000000	1.000000000000000	0.022500000000000	0
88500		-nan	-nan	0.45413	0.42801	0.000150000000000	1.000000000000000	0.022500000000000	0
89000		-nan	-nan	0.45411	0.42801	0.000150000000000	1.000000000000000	0.022500000000000	0
89500		-nan	-nan	0.45421	0.42798	0.000150000000000	1.000000000000000	0.022500000000000	0
90000		-nan	-nan	0.45419	0.42800	0.000150000000000	1.000000000000000	0.022500000000000	0
90500		-nan	-nan	0.45430	0.42801	0.000150000000000	1.000000000000000	0.022500000000000	0
91000		-nan	-nan	0.45433	0.42801	0.000150000000000	1.000000000000000	0.022500000000000	0
91500		-nan	-nan	0.45451	0.42801	0.000150000000000	1.000000000000000	0.022500000000000	0
92000		-nan	-nan	0.45473	0.42800	0.000150000000000	1.000000000000000	0.022500000000000	0
92500		-nan	-nan	0.45506	0.42801	0.000150000000000	1.000000000000000	0.022500000000000	0
93000		-nan	-nan	0.45520	0.42802	0.000150000000000	1.000000000000000	0.022500000000000	0
93500		-nan	-nan	0.45534	0.42806	0.000150000000000	1.000000000000000	0.022500000000000	0
94000		-nan	-nan	0.45533	0.42808	0.000150000000000	1.000000000000000	0.022500000000000	0
94500		-nan	-nan	0.45536	0.42813	0.000150000000000	1.000000000000000	0.022500000000000	0
95000		-nan	-nan	0.45536	0.42816	0.000150000000000	1.000000000000000	0.022500000000000	0
95500		-nan	-nan	0.45533	0.42817	0.000150000000000	1.000000000000000	0.022500000000000	0
96000		-nan	-nan	0.45520	0.42817	0.000150000000000	1.000000000000000	0.022500000000000	0
96500		-nan	-nan	0.45501	0.42816	0.000150000000000	1.000000000000000	0.022500000000000	0
97000		-nan	-nan	0.45503	0.42820	0.000150000000000	1.000000000000000	0.022500000000000	0
97500		-nan	-nan	0.45517	0.42814	0.000150000000000	1.000000000000000	0.022500000000000	0
98000		-nan	-nan	0.45533	0.42814	0.000150000000000	1.000000000000000	0.022500000000000	0
98500		-nan	-nan	0.45528	0.42817	0.000150000000000	1.000000000000000	0.022500000000000	0
99000		-nan	-nan	0.45526	0.42815	0.000150000000000	1.000000000000000	0.022500000000000	0
99500		-nan	-nan	0.45536	0.42815	0.000150000000000	1.000000000000000	0.022500000000000	0
100000		-nan	-nan	0.45522	0.42813	0.000150000000000	1.000000000000000	0.022500000000000	0