step	post	like	prior	mu1	mu2	gamma	pi	Tinf_1	Tinf_2	Tinf_3	Tinf_4	Tinf_5	Tinf_6	Tinf_7	Tinf_8	Tinf_9	Tinf_10	Tinf_11	Tinf_12	Tinf_13	Tinf_14	Tinf_15	Tinf_16	Tinf_17	Tinf_18	Tinf_19	Tinf_20	Tinf_21	Tinf_22	Tinf_23	Tinf_24	Tinf_25	Tinf_26	Tinf_27	Tinf_28	Tinf_29	Tinf_30	Tinf_31	alpha_1	alpha_2	alpha_3	alpha_4	alpha_5	alpha_6	alpha_7	alpha_8	alpha_9	alpha_10	alpha_11	alpha_12	alpha_13	alpha_14	alpha_15	alpha_16	alpha_17	alpha_18	alpha_19	alpha_20	alpha_21	alpha_22	alpha_23	alpha_24	alpha_25	alpha_26	alpha_27	alpha_28	alpha_29	alpha_30	alpha_31	kappa_1	kappa_2	kappa_3	kappa_4	kappa_5	kappa_6	kappa_7	kappa_8	kappa_9	kappa_10	kappa_11	kappa_12	kappa_13	kappa_14	kappa_15	kappa_16	kappa_17	kappa_18	kappa_19	kappa_20	kappa_21	kappa_22	kappa_23	kappa_24	kappa_25	kappa_26	kappa_27	kappa_28	kappa_29	kappa_30	kappa_31
1	-1953.560688206136774	-1960.416176157096061	6.855487950959373	0.000080000000000	0.000020000000000	0.250000000000000	0.551568965956527	-1	11	15	13	15	16	18	18	17	18	20	19	20	22	22	24	25	25	24	26	30	35	44	51	52	55	56	56	58	60	63	0	1	1	1	1	1	1	1	1	1	1	1	1	1	1	1	1	1	1	1	1	1	1	1	1	1	1	1	1	1	1	1	6	8	7	8	9	10	10	9	10	11	10	11	12	12	13	13	13	13	14	16	18	23	26	27	28	29	29	30	31	32
500	-359.900597013085530	-366.756084964044931	6.855487950959373	0.000080000000000	0.000020000000000	0.250000000000000	0.166497517914855	0	11	16	13	15	17	18	18	16	18	20	20	21	22	23	25	26	22	24	25	28	35	45	50	52	56	57	56	58	61	64	0	1	5	0	2	2	2	5	4	2	2	9	9	11	9	12	2	2	18	0	2	18	18	18	18	21	2	21	18	18	18	1	5	1	1	2	3	4	1	2	3	5	2	3	1	5	3	8	4	2	1	11	8	13	13	20	14	26	21	22	21	24
1000	-299.400250744462085	-306.255738695421485	6.855487950959373	0.000080000000000	0.000020000000000	0.250000000000000	0.141125577764759	-1	11	16	12	15	16	18	19	17	18	20	20	20	23	22	24	26	26	23	26	30	34	45	51	52	56	57	57	57	58	63	0	1	5	0	2	2	2	3	4	2	2	9	9	11	9	13	10	8	2	0	2	19	19	22	19	22	2	22	19	19	19	1	7	1	1	2	3	4	1	3	3	4	2	2	1	2	1	4	3	6	1	9	5	11	10	13	10	25	13	18	15	22
1500	-292.492000463116483	-299.347488414075883	6.855487950959373	0.000080000000000	0.000020000000000	0.250000000000000	0.201831058518387	-1	11	15	14	16	17	18	17	17	17	20	19	21	23	23	21	25	25	24	27	31	36	44	50	53	56	55	56	59	61	63	0	1	2	0	3	2	10	3	4	2	6	9	4	11	12	9	11	19	8	0	2	21	21	23	21	23	2	21	21	21	21	1	7	2	1	1	3	1	1	2	3	2	1	5	2	1	2	3	1	3	1	12	2	6	3	12	6	22	12	17	12	17
2000	-295.880394914297028	-302.735882865256428	6.855487950959373	0.000080000000000	0.000020000000000	0.250000000000000	0.228641900870112	0	12	14	13	16	16	18	17	17	18	19	19	21	23	21	25	24	25	24	26	30	35	45	50	51	54	56	54	58	60	63	0	1	2	0	3	2	2	3	4	2	6	9	9	11	9	15	2	19	8	0	2	21	22	23	21	23	19	19	19	23	23	1	7	1	1	1	2	3	1	2	3	2	1	3	2	3	2	5	1	4	1	9	2	4	3	10	6	20	11	19	8	10
2500	-282.952466094532213	-289.807954045491613	6.855487950959373	0.000080000000000	0.000020000000000	0.250000000000000	0.227429723357575	-1	12	15	13	15	16	18	18	15	19	18	19	21	21	23	23	26	25	23	26	30	34	44	51	53	55	57	56	58	61	63	0	1	2	0	2	2	6	3	4	2	6	9	9	11	12	13	10	8	8	0	18	18	19	22	22	24	22	23	19	23	25	1	5	1	1	2	2	2	2	1	4	1	2	3	2	2	2	3	3	2	1	2	6	10	7	8	2	15	8	18	10	6
3000	-262.816488192528141	-269.671976143487541	6.855487950959373	0.000080000000000	0.000020000000000	0.250000000000000	0.235782816467714	0	12	16	13	15	16	18	19	15	18	20	20	21	22	23	24	25	25	23	26	30	32	43	50	53	55	57	56	57	59	63	0	1	2	0	2	2	2	5	4	2	6	9	12	11	9	13	7	19	8	0	18	19	22	22	23	25	22	24	22	23	23	1	6	2	1	2	2	5	2	1	4	3	2	1	1	3	1	4	1	2	1	3	5	5	8	7	1	13	3	14	7	10
3500	-252.334392786712357	-259.189880737671729	6.855487950959373	0.000080000000000	0.000020000000000	0.250000000000000	0.278140715536539	-2	12	15	13	16	15	17	19	17	17	20	20	20	22	22	24	26	26	24	25	31	36	44	51	52	55	57	53	57	60	63	0	1	2	0	3	2	2	3	4	2	6	9	4	11	12	13	11	19	8	0	18	19	22	22	22	28	22	24	22	22	25	1	7	1	1	1	2	3	2	2	2	3	2	3	1	1	2	3	1	2	1	3	6	5	8	7	1	8	1	13	11	7
4000	-253.220312991929717	-260.075800942889089	6.855487950959373	0.000080000000000	0.000020000000000	0.250000000000000	0.233992683659670	0	10	15	12	16	17	18	19	17	17	20	19	21	23	22	25	26	24	25	27	31	35	44	52	52	54	56	57	57	61	63	0	1	2	0	3	3	10	2	4	2	3	9	9	11	12	13	10	8	8	0	18	18	22	22	23	25	22	26	22	23	24	1	5	3	1	1	1	1	4	3	5	2	1	3	1	1	2	5	2	4	1	4	7	4	8	5	1	11	2	12	8	5
4500	-253.678487768538986	-260.533975719498358	6.855487950959373	0.000080000000000	0.000020000000000	0.250000000000000	0.202622638140673	-2	12	14	13	16	17	17	18	17	18	20	20	20	22	23	24	26	26	24	26	30	36	44	51	51	54	56	56	59	59	63	0	1	2	0	3	2	2	3	4	2	6	9	9	2	12	13	10	8	2	0	19	19	22	23	22	25	23	26	22	23	24	1	7	1	1	1	2	2	2	3	3	1	2	2	6	2	2	5	4	7	1	3	6	4	5	8	1	7	1	10	10	5
5000	-269.046584413459357	-275.902072364418757	6.855487950959373	0.000080000000000	0.000020000000000	0.250000000000000	0.233369716551628	-2	10	16	14	15	16	19	19	17	17	20	19	20	22	22	25	25	25	25	26	29	36	44	52	53	54	57	56	56	59	63	0	1	5	0	2	2	2	6	4	2	2	9	9	6	12	9	7	3	8	0	18	19	22	23	23	25	23	26	22	22	24	1	7	1	1	2	4	4	1	1	3	4	1	2	4	1	5	3	3	3	1	2	5	4	3	5	1	9	2	11	11	6
5500	-239.997111092107559	-246.852599043066931	6.855487950959373	0.000080000000000	0.000020000000000	0.250000000000000	0.304451429516807	-2	12	16	13	15	14	16	18	17	18	21	19	20	22	21	25	25	25	24	27	30	36	43	50	52	55	56	56	58	60	62	0	1	5	0	2	2	2	2	4	7	6	9	9	2	9	13	14	8	8	0	18	19	22	23	24	25	25	24	22	22	26	1	8	1	1	2	1	2	3	3	1	3	1	2	6	2	3	2	3	3	1	3	6	4	4	1	2	2	2	12	12	3
6000	-236.247104874848532	-243.102592825807903	6.855487950959373	0.000080000000000	0.000020000000000	0.250000000000000	0.428479287405834	-1	12	16	13	14	15	17	18	17	18	20	19	20	23	22	25	25	26	24	27	30	32	44	51	52	55	55	56	58	60	64	0	1	5	0	2	2	2	3	4	2	6	9	9	11	12	13	2	8	2	0	18	18	22	23	24	24	24	26	23	23	24	1	7	1	1	1	2	2	1	2	3	4	1	2	1	1	2	6	4	6	1	3	2	6	4	1	2	2	1	6	9	6
6500	-221.739493039660147	-228.594980990619518	6.855487950959373	0.000080000000000	0.000020000000000	0.250000000000000	0.391460182998172	0	12	16	13	14	14	18	19	17	18	20	19	19	22	21	24	24	25	24	27	30	34	44	52	52	55	55	57	59	60	63	0	1	5	0	2	2	2	3	4	2	2	9	9	11	12	13	2	2	8	0	18	18	22	23	23	25	25	26	25	27	30	1	6	1	1	1	1	4	1	2	3	4	1	1	1	2	2	6	5	3	1	2	4	6	3	3	1	2	1	3	3	2
7000	-228.800711106020572	-235.656199056979943	6.855487950959373	0.000080000000000	0.000020000000000	0.250000000000000	0.367821919208635	-2	11	15	12	16	15	16	19	18	19	21	20	20	23	21	24	25	25	24	26	30	35	44	52	52	55	56	57	58	59	62	0	1	2	0	3	2	2	5	4	2	6	9	9	11	9	13	10	8	8	0	19	19	22	22	23	25	26	26	27	26	25	1	7	2	1	1	2	3	2	3	4	2	1	1	1	2	2	3	4	3	1	3	6	4	9	5	1	1	1	1	1	6
7500	-239.850792432815666	-246.706280383775038	6.855487950959373	0.000080000000000	0.000020000000000	0.250000000000000	0.392390708488685	-2	12	16	13	15	16	17	19	16	18	20	19	21	23	22	25	25	24	23	27	30	35	43	51	52	54	56	56	55	58	62	0	1	5	0	2	2	2	3	4	2	6	9	9	11	9	13	10	8	2	0	18	19	22	23	23	25	26	24	26	28	24	1	9	1	1	1	3	3	1	2	3	2	2	2	2	3	2	4	3	5	1	3	5	3	5	3	1	1	2	1	1	5
8000	-235.982922269683144	-242.838410220642515	6.855487950959373	0.000080000000000	0.000020000000000	0.250000000000000	0.398368664533777	-1	12	15	13	15	16	19	19	16	18	19	20	20	22	21	24	25	25	25	23	31	35	43	51	52	54	55	55	58	59	60	0	1	2	0	2	3	10	2	4	2	2	9	4	11	9	13	11	8	8	0	18	18	22	22	23	25	26	26	27	25	24	1	6	2	1	2	1	1	3	2	3	4	2	3	2	3	2	3	3	3	1	3	5	3	7	4	1	1	1	1	4	6
8500	-232.011737582625727	-238.867225533585099	6.855487950959373	0.000080000000000	0.000020000000000	0.250000000000000	0.392264757589438	0	12	15	12	14	16	18	19	17	19	19	19	19	21	22	24	25	24	25	26	28	36	45	50	51	54	56	56	57	61	60	0	1	5	0	2	2	2	3	4	7	6	9	9	11	12	13	6	8	8	0	18	19	22	22	23	24	26	26	26	31	29	1	6	1	1	1	2	3	3	2	1	2	2	1	1	1	2	6	3	3	1	3	5	4	6	4	2	1	1	2	1	3
9000	-234.892175659684682	-241.747663610644054	6.855487950959373	0.000080000000000	0.000020000000000	0.250000000000000	0.316347327376199	-1	11	14	14	16	16	18	18	17	19	21	19	20	23	22	24	25	24	22	26	30	35	45	52	52	54	55	56	56	61	63	0	1	2	0	2	3	2	5	4	3	6	9	9	11	12	13	10	8	3	0	18	19	22	22	23	25	26	26	27	25	29	1	6	3	1	3	1	4	1	1	3	3	1	1	2	2	3	3	3	3	1	3	5	4	6	3	1	1	1	1	4	4
9500	-222.868963744618185	-229.724451695577557	6.855487950959373	0.000080000000000	0.000020000000000	0.250000000000000	0.400645847485065	0	12	15	13	14	17	19	19	16	18	20	19	20	22	22	24	25	25	23	27	29	36	43	52	53	55	57	56	58	60	64	0	1	5	0	2	2	10	3	4	2	2	9	9	11	12	13	11	8	2	0	19	18	22	22	23	25	25	26	26	29	29	1	7	1	1	1	2	1	2	2	3	4	2	2	1	1	2	3	3	4	1	3	5	4	8	3	1	2	1	2	1	4
10000	-234.130151332018585	-240.985639282977957	6.855487950959373	0.000080000000000	0.000020000000000	0.250000000000000	0.515153824886921	-1	11	15	14	16	16	18	18	16	16	20	20	20	22	22	22	24	25	23	26	28	34	44	52	53	56	56	55	58	61	63	0	1	2	0	2	3	10	3	4	2	6	9	4	6	12	13	10	19	8	0	18	19	22	23	23	25	28	25	27	27	30	1	6	2	1	2	1	1	2	1	2	2	2	3	3	1	1	5	1	3	1	1	4	6	6	4	2	1	1	1	2	1
10500	-238.308495751612980	-245.163983702572352	6.855487950959373	0.000080000000000	0.000020000000000	0.250000000000000	0.299481471474450	-1	12	15	14	16	16	18	19	17	18	18	18	20	23	20	25	24	25	23	25	30	34	44	51	53	56	55	56	58	60	62	0	1	2	0	2	2	2	5	4	2	6	9	9	11	12	9	10	19	2	0	19	19	22	22	23	25	25	27	25	26	29	1	6	2	1	1	3	2	1	2	4	1	1	2	2	1	4	3	1	4	1	3	7	6	8	4	2	1	1	3	2	3
11000	-222.277041015028857	-229.132528965988229	6.855487950959373	0.000080000000000	0.000020000000000	0.250000000000000	0.377500096515598	-1	12	14	12	16	16	17	17	17	19	20	19	20	22	23	25	25	26	23	27	31	35	45	51	52	55	54	56	57	60	62	0	1	2	0	3	2	2	3	4	7	6	9	9	11	12	13	6	19	8	0	18	19	22	22	23	27	25	26	27	29	24	1	6	1	1	1	2	2	2	2	1	2	1	1	1	2	2	5	3	4	1	1	6	6	8	3	1	1	1	2	1	5
11500	-240.937032951096484	-247.792520902055855	6.855487950959373	0.000080000000000	0.000020000000000	0.250000000000000	0.327411254184683	0	11	16	13	15	16	19	19	18	18	20	20	21	21	23	24	25	25	23	27	30	35	44	52	52	54	57	56	58	60	64	0	1	5	0	2	2	10	3	4	2	8	9	4	2	12	9	14	19	2	0	18	19	22	22	23	24	26	26	25	29	25	1	6	1	1	2	3	1	2	3	2	1	1	4	5	1	2	2	1	4	1	3	7	4	9	4	2	2	1	2	1	4
12000	-224.539420865162327	-231.394908816121699	6.855487950959373	0.000080000000000	0.000020000000000	0.250000000000000	0.396968495939816	-1	12	15	14	14	15	19	18	17	18	19	19	21	22	23	25	25	26	24	26	30	36	44	52	51	55	56	56	58	60	63	0	1	2	0	2	2	2	2	4	2	2	9	12	2	9	13	2	19	8	0	19	19	22	22	23	25	26	26	27	27	30	1	5	1	1	1	2	4	3	1	2	4	2	1	4	3	2	5	1	2	1	3	5	4	7	5	1	1	1	1	2	1
12500	-227.790238555972280	-234.645726506931652	6.855487950959373	0.000080000000000	0.000020000000000	0.250000000000000	0.392566873850193	-2	11	13	14	14	16	18	18	17	17	20	18	20	22	21	24	25	26	25	27	30	36	44	50	52	54	55	55	59	60	62	0	1	2	0	2	2	10	5	4	2	6	9	9	11	12	13	11	8	8	0	18	18	22	22	23	25	25	25	25	27	29	1	6	1	1	2	3	1	2	2	4	3	1	2	1	1	2	2	4	5	1	2	5	3	7	4	1	2	2	3	2	1
13000	-221.795742576579556	-228.651230527538928	6.855487950959373	0.000080000000000	0.000020000000000	0.250000000000000	0.477257823188653	-3	11	16	13	15	17	18	17	17	17	20	19	20	22	22	24	23	22	25	26	30	34	44	51	53	55	56	55	58	61	64	0	1	5	0	2	5	10	5	4	2	6	9	12	11	9	13	10	8	18	0	18	21	22	23	24	24	25	24	27	27	29	1	5	1	1	2	1	1	1	2	2	2	1	1	1	3	2	3	3	2	1	5	2	4	3	1	1	1	2	1	2	2
13500	-218.537241888886456	-225.392729839845828	6.855487950959373	0.000080000000000	0.000020000000000	0.250000000000000	0.468036205786864	0	11	15	12	15	17	17	18	17	18	20	18	20	22	22	24	25	24	25	27	30	36	44	50	53	55	57	57	57	60	64	0	1	2	0	2	2	2	3	4	7	6	9	9	11	12	13	5	8	18	0	18	18	22	23	24	25	26	26	26	27	29	1	6	2	1	2	2	2	1	3	1	1	1	2	1	2	2	5	3	1	1	3	4	3	2	2	2	2	1	1	1	3
14000	-220.655689626772016	-227.511177577731388	6.855487950959373	0.000080000000000	0.000020000000000	0.250000000000000	0.495872718704893	-1	11	16	14	15	16	19	17	17	17	20	20	20	22	23	24	26	23	24	26	30	35	44	51	53	53	57	57	56	59	62	0	1	5	0	2	2	10	5	4	2	6	9	9	11	9	13	6	8	18	0	18	19	22	23	24	24	29	26	25	27	30	1	5	1	1	2	3	1	1	2	2	2	2	2	1	2	2	4	3	1	1	3	5	3	3	1	1	1	2	2	1	2
14500	-222.133566306440258	-228.989054257399630	6.855487950959373	0.000080000000000	0.000020000000000	0.250000000000000	0.481281907574571	-2	12	14	13	16	16	18	18	18	17	19	20	19	23	22	23	25	24	25	25	31	35	43	52	53	55	56	57	58	60	64	0	1	2	0	3	2	10	3	4	2	2	9	9	11	12	13	11	8	18	0	18	18	22	23	24	24	25	26	26	29	26	1	7	1	1	1	2	1	2	3	3	3	1	1	3	2	2	3	3	1	1	3	4	4	4	1	2	2	1	2	1	5
15000	-215.494191932380119	-222.349679883339491	6.855487950959373	0.000080000000000	0.000020000000000	0.250000000000000	0.460238747161644	0	10	15	13	12	16	17	18	17	18	20	18	20	22	23	24	24	26	22	27	30	36	44	51	52	55	56	57	58	60	63	0	1	5	0	2	2	2	3	4	7	6	9	12	11	12	13	6	8	8	0	18	18	22	23	24	25	26	27	27	26	29	1	6	2	1	1	3	4	1	2	1	2	1	1	1	3	2	3	4	2	1	2	5	5	3	1	2	1	1	1	3	2
15500	-219.339210311684781	-226.194698262644152	6.855487950959373	0.000080000000000	0.000020000000000	0.250000000000000	0.442942523100500	0	11	16	13	15	16	16	19	17	18	20	19	21	22	23	24	24	25	24	27	30	36	45	51	53	55	56	57	58	60	64	0	1	5	0	2	5	2	5	4	7	6	9	9	11	12	13	11	8	2	0	18	21	22	23	24	24	26	24	28	27	30	1	6	1	1	3	1	2	2	2	1	2	1	2	1	2	2	1	4	6	1	3	4	6	3	1	2	1	3	1	2	2
16000	-214.784073226361357	-221.639561177320729	6.855487950959373	0.000080000000000	0.000020000000000	0.250000000000000	0.405001962292012	-1	10	15	13	16	16	18	18	17	17	20	18	19	22	22	25	25	26	24	26	30	36	43	51	53	54	56	56	59	60	62	0	1	2	0	2	2	10	5	4	2	6	9	12	11	12	13	3	8	5	0	18	18	22	23	24	25	26	26	27	27	29	1	5	3	1	3	4	1	1	2	3	3	1	1	1	2	2	5	5	3	1	1	4	4	3	1	1	1	1	2	2	1
16500	-212.525739359583696	-219.381227310543068	6.855487950959373	0.000080000000000	0.000020000000000	0.250000000000000	0.405205837328540	0	12	14	13	16	17	18	19	18	19	20	19	21	22	23	24	26	25	24	26	30	34	45	51	52	55	54	56	58	59	62	0	1	2	0	3	2	2	2	4	2	6	9	4	11	12	13	6	19	8	0	18	19	22	23	24	27	25	26	27	27	29	1	5	1	1	2	3	3	3	2	4	1	1	3	1	2	1	4	1	2	1	2	4	5	3	1	1	1	1	2	2	2
17000	-219.899504770375756	-226.754992721335128	6.855487950959373	0.000080000000000	0.000020000000000	0.250000000000000	0.438033436592942	-1	11	15	13	14	17	19	19	16	18	21	20	20	22	22	23	26	26	24	25	31	35	44	50	53	55	57	56	58	59	63	0	1	5	0	2	2	2	3	4	6	6	9	9	6	12	13	6	19	2	0	19	19	22	23	24	25	25	24	28	27	29	1	7	1	1	2	4	4	2	1	1	2	2	2	3	1	1	5	1	6	1	3	6	4	3	2	1	2	2	2	1	3
17500	-237.529396247452979	-244.384884198412351	6.855487950959373	0.000080000000000	0.000020000000000	0.250000000000000	0.468081242046463	-3	11	14	14	16	16	18	19	16	18	19	19	20	22	22	23	26	26	24	27	28	36	44	50	53	55	56	56	58	58	62	0	1	2	0	2	3	2	5	4	3	2	9	4	2	12	13	14	19	8	0	19	19	22	23	24	25	26	25	27	25	29	1	4	2	1	2	1	4	1	1	2	3	2	3	5	2	2	3	1	2	1	2	6	3	3	2	1	1	1	1	2	2
18000	-240.265496187564594	-247.120984138523966	6.855487950959373	0.000080000000000	0.000020000000000	0.250000000000000	0.328812732196190	-1	11	14	13	16	14	19	17	18	18	20	19	20	23	23	25	25	25	24	25	31	35	44	51	52	56	56	56	58	60	63	0	1	2	0	3	2	10	5	4	2	10	9	9	6	12	13	6	8	2	0	18	18	22	23	24	24	25	24	26	27	29	1	5	2	1	1	1	1	1	2	5	1	1	1	6	2	3	6	5	5	1	4	6	5	4	1	3	2	2	1	3	2
18500	-202.418972039726810	-209.274459990686182	6.855487950959373	0.000080000000000	0.000020000000000	0.250000000000000	0.461364493913468	-1	12	14	14	15	16	18	17	16	17	21	19	20	22	22	24	25	25	24	25	29	36	44	51	53	54	56	56	59	60	63	0	1	2	0	2	2	2	3	4	2	6	9	12	11	12	13	11	19	8	0	19	19	22	23	24	25	26	26	27	27	29	1	6	1	1	1	2	2	2	1	3	3	2	1	1	2	2	2	1	3	1	2	5	5	3	1	1	1	1	2	2	2
19000	-237.136582567059577	-243.992070518018949	6.855487950959373	0.000080000000000	0.000020000000000	0.250000000000000	0.480287731171578	-1	12	15	11	16	16	18	19	17	18	20	19	21	23	22	25	25	25	24	25	31	34	45	50	52	54	56	57	58	60	64	0	1	2	0	2	2	2	3	4	2	6	9	9	11	9	13	6	19	10	0	19	19	22	23	24	25	26	26	28	26	29	1	7	2	1	2	2	3	1	3	5	2	2	2	1	2	2	5	1	3	1	3	5	5	4	1	1	1	3	1	3	3
19500	-218.774982897538194	-225.630470848497566	6.855487950959373	0.000080000000000	0.000020000000000	0.250000000000000	0.469523497857201	-1	11	14	12	15	17	17	18	17	18	21	19	20	22	22	24	24	26	24	27	30	34	43	51	53	54	55	57	58	60	63	0	1	2	0	2	2	2	6	4	7	6	9	12	11	9	13	6	19	2	0	18	19	22	23	24	24	25	27	27	28	29	1	6	1	1	2	4	2	1	2	1	2	2	1	1	2	3	4	1	5	1	2	5	3	4	1	2	1	1	2	2	3
20000	-227.200066970905084	-234.055554921864456	6.855487950959373	0.000080000000000	0.000020000000000	0.250000000000000	0.455938706958965	-1	11	16	12	13	17	16	17	17	18	19	19	20	21	23	25	25	26	24	26	29	35	44	52	52	55	56	55	59	60	63	0	1	2	0	2	2	2	2	4	7	6	9	12	11	12	13	6	19	2	0	18	19	22	23	23	24	28	25	27	27	29	1	5	2	1	1	3	2	2	3	1	1	2	1	2	2	2	4	1	5	1	2	6	3	4	3	2	1	2	1	3	2
20500	-233.782432861143036	-240.637920812102408	6.855487950959373	0.000080000000000	0.000020000000000	0.250000000000000	0.484266031898101	-1	11	13	12	16	14	17	18	17	19	20	19	19	22	23	25	23	25	23	26	30	34	44	52	52	56	56	55	59	58	63	0	1	2	0	3	2	2	2	4	2	6	9	9	11	12	13	6	19	8	0	19	19	22	23	23	28	25	25	27	27	29	1	6	1	1	2	2	3	3	2	5	3	1	2	1	2	3	4	1	3	1	5	6	5	5	4	1	3	1	2	1	1
21000	-224.967891620174299	-231.823379571133671	6.855487950959373	0.000080000000000	0.000020000000000	0.250000000000000	0.359577382988411	-1	12	16	12	15	15	16	18	17	18	19	19	20	21	22	25	26	26	25	24	31	35	44	52	52	55	56	57	58	61	63	0	1	5	0	2	2	2	5	4	7	6	9	9	11	12	13	6	19	2	0	19	19	22	23	23	24	26	26	25	26	25	1	5	1	1	2	2	2	1	2	2	2	1	1	1	2	2	6	1	6	1	3	4	4	5	5	1	1	1	3	3	7
21500	-238.248429436933776	-245.103917387893148	6.855487950959373	0.000080000000000	0.000020000000000	0.250000000000000	0.549096557468087	-1	11	15	13	16	17	17	18	17	15	19	20	21	22	22	24	24	25	24	24	31	35	44	49	52	55	54	57	58	60	62	0	1	2	0	3	2	2	3	4	2	6	9	9	11	12	13	11	19	2	0	18	19	22	23	24	27	25	25	27	27	27	1	6	2	1	1	2	3	1	3	2	1	2	2	2	2	1	3	1	5	1	3	6	4	2	1	1	1	2	2	2	4
22000	-224.244521879709993	-231.100009830669364	6.855487950959373	0.000080000000000	0.000020000000000	0.250000000000000	0.501600966333795	0	12	15	12	16	16	17	18	17	16	20	19	21	22	20	25	25	26	24	27	30	35	44	51	53	55	56	57	58	60	62	0	1	2	0	3	3	2	3	4	2	6	9	9	11	12	13	2	8	8	0	18	19	22	23	24	24	25	27	24	24	29	1	6	1	1	1	1	2	2	3	2	2	1	2	1	1	2	5	4	3	1	2	5	5	3	1	2	2	1	5	3	1
22500	-229.539607443966190	-236.395095394925562	6.855487950959373	0.000080000000000	0.000020000000000	0.250000000000000	0.415696527703311	-1	12	15	13	16	17	19	18	18	18	20	19	20	21	21	24	26	26	25	27	30	36	45	51	53	56	56	55	58	61	61	0	1	2	0	2	2	10	5	4	6	6	9	4	6	12	9	6	8	2	0	19	19	22	23	24	25	25	25	25	26	29	1	6	1	1	3	3	1	1	2	1	3	1	3	2	1	3	4	3	7	1	2	5	4	3	1	2	2	1	2	2	2
23000	-225.111538340548066	-231.967026291507437	6.855487950959373	0.000080000000000	0.000020000000000	0.250000000000000	0.465736276648553	-1	11	14	13	16	15	18	17	17	18	20	18	20	22	23	25	25	24	24	26	30	36	44	51	53	55	56	57	58	59	61	0	1	2	0	3	3	2	2	4	2	6	9	12	11	12	13	10	2	8	0	19	19	22	23	24	25	25	26	27	24	29	1	6	2	1	1	1	2	4	1	5	3	1	1	1	2	3	3	6	3	1	3	6	4	5	1	1	2	1	1	4	2
23500	-229.715999685393740	-236.571487636353112	6.855487950959373	0.000080000000000	0.000020000000000	0.250000000000000	0.478530273414061	-1	10	15	13	13	15	19	18	17	18	20	19	19	23	22	24	25	25	23	27	30	35	44	51	52	55	57	57	59	59	61	0	1	5	0	2	2	5	5	4	2	2	9	9	11	12	13	3	19	8	0	18	19	22	23	24	24	26	26	27	27	29	1	7	1	1	2	3	2	3	2	4	4	1	1	2	1	2	5	1	2	1	3	7	5	3	1	2	2	2	1	1	1
24000	-223.183105004210603	-230.038592955169975	6.855487950959373	0.000080000000000	0.000020000000000	0.250000000000000	0.376310393187150	0	12	15	14	14	16	18	18	16	18	20	19	20	22	21	24	25	26	24	25	29	35	44	51	53	55	56	55	59	60	62	0	1	5	0	2	2	2	3	4	2	2	4	9	2	9	13	19	19	2	0	18	19	22	23	24	24	26	24	27	27	29	1	6	1	1	1	2	3	1	1	3	4	2	1	4	2	2	1	1	6	1	1	7	4	4	1	2	1	3	2	2	1
24500	-225.665809822756671	-232.521297773716043	6.855487950959373	0.000080000000000	0.000020000000000	0.250000000000000	0.425854890435263	0	12	15	13	15	16	18	18	17	18	20	20	21	23	22	25	25	26	25	26	30	35	43	50	53	56	56	54	58	58	63	0	1	2	0	2	2	2	2	4	2	7	9	9	11	12	9	7	19	8	0	18	19	22	23	24	28	25	25	24	27	29	1	5	1	1	2	2	4	2	2	3	1	2	2	1	1	2	4	1	3	1	1	5	4	4	1	1	2	1	3	1	2
25000	-225.237398355555399	-232.092886306514771	6.855487950959373	0.000080000000000	0.000020000000000	0.250000000000000	0.501759518003205	0	10	15	13	14	16	17	18	16	18	19	20	20	23	22	24	25	26	25	26	30	35	44	51	52	55	56	57	59	61	62	0	1	5	0	2	2	2	5	4	7	6	9	9	11	9	13	2	19	8	0	18	19	22	23	24	25	25	27	26	27	29	1	5	1	1	3	2	3	2	2	1	1	2	2	2	4	2	7	1	3	1	3	5	5	3	1	2	4	1	3	3	2
25500	-217.648434199727603	-224.503922150686975	6.855487950959373	0.000080000000000	0.000020000000000	0.250000000000000	0.518627061063309	0	12	15	13	15	15	19	18	16	17	19	19	20	22	23	23	25	26	25	24	30	36	43	51	53	56	57	57	59	59	64	0	1	2	0	2	2	10	2	4	2	6	9	12	11	12	13	11	19	8	0	19	19	22	23	24	25	26	24	27	27	29	1	5	1	1	1	2	1	3	2	2	2	2	1	2	2	2	3	1	3	1	3	6	3	4	1	1	1	3	1	1	1
26000	-217.294649980158653	-224.150137931118024	6.855487950959373	0.000080000000000	0.000020000000000	0.250000000000000	0.349729815988421	-1	11	16	14	15	16	17	19	16	18	20	19	20	23	22	24	25	25	24	25	30	35	43	51	53	55	57	57	59	60	64	0	1	5	0	2	2	2	3	4	2	6	9	9	11	9	15	6	19	8	0	18	19	22	23	24	25	25	24	27	27	29	1	5	1	1	2	3	2	1	2	3	2	1	2	1	4	1	3	1	3	1	2	6	4	3	1	1	2	4	1	1	2
26500	-239.773001137241238	-246.628489088200610	6.855487950959373	0.000080000000000	0.000020000000000	0.250000000000000	0.424713348632801	0	11	15	14	16	16	18	19	17	17	21	20	20	22	23	25	24	25	24	26	31	36	43	50	52	55	56	56	59	60	64	0	1	2	0	2	2	2	3	4	3	6	9	4	6	9	13	5	19	3	0	18	19	22	23	24	25	24	24	25	26	29	1	6	3	1	2	2	2	2	1	1	3	1	2	4	2	2	4	1	4	1	2	5	4	3	1	2	4	2	5	2	3
27000	-230.709750570506174	-237.565238521465545	6.855487950959373	0.000080000000000	0.000020000000000	0.250000000000000	0.337056238918541	0	10	15	12	16	16	18	18	16	17	19	20	19	21	19	23	25	26	24	25	31	36	43	50	52	55	55	57	59	59	64	0	1	2	0	2	2	10	5	4	3	2	15	9	11	9	13	3	19	8	0	18	19	22	23	24	24	25	26	27	27	29	1	5	2	1	3	2	1	2	2	1	5	1	1	1	2	2	4	1	2	1	3	6	4	4	1	2	1	1	1	2	2
27500	-228.615491162431852	-235.470979113391223	6.855487950959373	0.000080000000000	0.000020000000000	0.250000000000000	0.472353811137275	0	11	13	13	15	16	18	17	17	16	20	19	20	22	22	24	24	24	21	26	29	36	45	49	53	54	56	57	58	59	63	0	1	2	0	3	2	10	2	4	2	8	9	12	11	12	13	10	19	8	0	18	19	22	23	24	24	26	25	25	27	29	1	5	2	1	2	2	1	3	2	3	2	2	1	1	1	3	4	1	2	1	3	6	4	3	2	2	1	2	3	1	2
28000	-220.654472034649501	-227.509959985608873	6.855487950959373	0.000080000000000	0.000020000000000	0.250000000000000	0.430298834142135	-1	11	15	13	16	17	19	19	17	17	19	19	19	22	22	24	25	26	24	26	30	35	44	51	52	55	57	57	59	60	63	0	1	2	0	2	3	10	3	4	2	2	9	9	11	12	13	8	19	8	0	18	19	22	23	24	25	25	24	27	28	29	1	6	1	1	2	1	2	2	3	3	4	1	2	2	2	2	3	1	2	1	2	5	4	3	1	2	2	3	1	2	2
28500	-235.490481141508241	-242.345969092467612	6.855487950959373	0.000080000000000	0.000020000000000	0.250000000000000	0.639397993930455	0	12	14	14	15	17	19	17	17	17	19	18	20	20	22	22	22	26	23	27	30	35	44	50	52	56	55	57	59	59	63	0	1	2	0	2	2	10	3	4	2	6	9	9	11	12	13	10	19	8	0	18	21	22	23	24	27	25	26	26	26	29	1	5	1	1	1	2	1	2	2	4	1	1	3	1	2	1	2	2	3	1	3	3	6	4	1	1	1	1	1	2	2
29000	-215.023082085420100	-221.878570036379472	6.855487950959373	0.000080000000000	0.000020000000000	0.250000000000000	0.440253210704122	0	11	15	14	16	17	18	18	18	17	21	19	20	22	23	24	25	26	24	27	31	35	45	50	52	55	54	57	59	60	64	0	1	2	0	3	2	2	3	4	2	6	9	9	11	9	13	6	19	2	0	19	19	22	23	24	27	24	26	27	27	30	1	5	2	1	1	4	3	2	2	4	2	1	1	1	2	2	4	1	7	1	4	5	6	2	2	1	2	1	2	4	2
29500	-239.663541747114607	-246.519029698073979	6.855487950959373	0.000080000000000	0.000020000000000	0.250000000000000	0.380983629424078	-3	11	15	12	14	16	18	19	17	17	21	18	21	22	23	25	26	26	23	26	30	33	43	51	53	55	55	57	56	60	63	0	1	5	0	2	2	2	3	4	2	6	9	9	6	9	13	6	8	8	0	18	19	22	23	24	25	25	26	27	26	30	1	7	1	1	1	2	3	3	3	2	2	1	2	2	4	2	5	4	2	1	2	2	5	4	1	1	1	1	1	3	1
30000	-221.666552138625917	-228.522040089585289	6.855487950959373	0.000080000000000	0.000020000000000	0.250000000000000	0.470056781401329	-1	11	16	14	14	14	17	18	16	19	20	19	20	22	21	25	25	26	24	26	29	35	44	52	53	55	55	56	58	60	63	0	1	5	0	2	2	2	5	4	7	6	9	9	11	9	13	11	19	8	0	19	19	22	23	24	24	25	24	24	27	29	1	7	1	1	1	1	2	1	1	1	3	3	2	1	2	3	2	1	3	1	2	6	4	4	1	1	1	2	3	3	3
30500	-221.581180742859658	-228.436668693819030	6.855487950959373	0.000080000000000	0.000020000000000	0.250000000000000	0.438933908374471	0	11	14	13	15	15	18	19	18	18	20	20	21	22	22	24	25	26	23	27	29	36	44	50	52	56	55	57	58	61	63	0	1	2	0	3	2	2	2	4	2	6	9	9	11	9	13	7	19	2	0	18	19	22	23	24	27	25	26	26	27	29	1	5	2	1	1	2	3	3	3	3	2	1	2	1	3	2	4	1	7	1	2	7	3	3	1	1	1	1	1	3	3
31000	-221.012554537752095	-227.868042488711467	6.855487950959373	0.000080000000000	0.000020000000000	0.250000000000000	0.480698359644924	-1	10	16	12	14	16	17	17	15	18	20	20	21	22	22	24	26	26	24	26	31	35	43	51	52	55	57	57	57	59	64	0	1	5	0	2	2	2	3	4	7	6	9	12	11	9	13	19	19	8	0	18	19	22	23	24	24	25	26	26	25	30	1	4	1	1	2	3	3	1	1	1	2	2	1	1	3	2	1	1	5	1	3	5	3	5	1	2	2	1	1	4	2
31500	-220.291981726948450	-227.147469677907822	6.855487950959373	0.000080000000000	0.000020000000000	0.250000000000000	0.440035338783434	-1	11	16	14	15	15	17	18	16	18	18	19	20	23	22	23	25	25	24	26	30	36	45	50	52	55	57	55	58	60	63	0	1	5	0	2	2	2	2	4	2	2	9	12	11	12	13	2	19	8	0	19	19	22	23	24	24	26	24	28	27	29	1	6	1	1	2	2	2	2	2	4	3	1	1	2	1	2	6	1	4	1	2	6	4	2	1	3	1	3	2	2	2
32000	-232.808408953746437	-239.663896904705808	6.855487950959373	0.000080000000000	0.000020000000000	0.250000000000000	0.487775762916013	-3	12	16	13	15	17	18	18	16	18	21	20	20	23	23	24	25	25	23	26	30	35	44	50	53	52	57	56	58	60	63	0	1	5	0	2	2	2	3	4	2	2	9	9	11	9	9	11	19	8	0	18	19	22	23	24	24	25	26	27	29	30	1	6	1	1	2	3	3	1	2	2	5	2	2	1	4	3	2	1	1	1	3	6	4	3	2	1	2	2	1	1	1
32500	-218.494098401740388	-225.349586352699760	6.855487950959373	0.000080000000000	0.000020000000000	0.250000000000000	0.476858550250365	-1	12	14	13	16	16	17	17	17	18	21	20	21	23	22	25	25	26	24	26	31	36	45	50	53	54	57	56	59	59	63	0	1	2	0	3	2	2	3	4	7	6	9	9	11	13	13	11	19	8	0	19	19	22	23	24	24	26	26	26	25	30	1	6	1	1	1	2	3	2	2	1	3	2	2	2	1	2	2	1	4	1	4	5	4	3	2	2	2	1	2	2	2
33000	-230.841783613034806	-237.697271563994178	6.855487950959373	0.000080000000000	0.000020000000000	0.250000000000000	0.384821564668478	-1	12	15	10	15	17	19	18	16	19	20	19	20	21	22	24	25	25	23	26	29	34	44	51	53	56	56	57	59	59	63	0	1	2	0	2	2	2	3	4	2	6	9	9	6	12	13	2	19	8	0	18	19	22	23	24	25	25	27	26	27	29	1	7	2	1	2	2	3	1	3	2	1	1	3	2	2	2	5	1	2	1	2	5	6	3	1	2	1	1	2	2	2
33500	-222.998184089746843	-229.853672040706215	6.855487950959373	0.000080000000000	0.000020000000000	0.250000000000000	0.356405711342086	-1	11	16	13	15	16	19	18	15	17	20	19	20	22	22	23	25	26	25	25	30	36	44	51	52	55	56	57	58	60	64	0	1	5	0	2	2	10	3	4	2	6	9	9	11	9	13	10	19	2	0	19	19	22	23	24	25	25	24	28	28	28	1	5	1	1	1	2	1	1	1	4	2	2	2	2	4	1	4	1	6	1	3	5	3	4	1	1	2	3	1	1	5
34000	-235.878522886425202	-242.734010837384574	6.855487950959373	0.000080000000000	0.000020000000000	0.250000000000000	0.365151473915067	-1	11	14	13	16	15	18	19	17	17	19	19	21	20	22	23	25	25	24	26	31	36	44	52	52	56	56	55	58	61	62	0	1	2	0	3	2	10	3	4	2	2	9	9	11	12	13	8	2	8	0	18	18	22	23	23	24	25	25	26	28	27	1	7	1	1	1	2	1	3	2	3	6	1	1	1	2	1	4	9	3	1	3	6	4	4	3	2	3	2	1	2	3
34500	-229.610381491702469	-236.465869442661841	6.855487950959373	0.000080000000000	0.000020000000000	0.250000000000000	0.417026836656474	0	10	16	14	15	16	18	18	17	18	19	20	19	23	22	23	25	25	22	26	30	36	44	49	52	55	57	56	58	59	63	0	1	5	0	2	2	2	2	4	2	6	9	9	11	12	13	7	2	2	0	19	19	22	23	23	25	25	26	25	25	30	1	4	1	1	3	3	3	3	2	4	2	2	1	2	1	2	4	6	5	1	4	7	4	2	3	1	2	1	2	4	2
35000	-236.201971078795054	-243.057459029754426	6.855487950959373	0.000080000000000	0.000020000000000	0.250000000000000	0.426683251039295	0	12	14	12	16	13	17	18	17	19	20	19	19	22	21	24	26	25	23	27	30	35	44	50	52	56	54	54	57	59	62	0	1	2	0	3	2	2	3	4	7	6	9	4	11	12	9	2	2	8	0	18	18	22	23	24	24	25	25	24	26	29	1	6	1	1	1	1	2	1	2	1	3	1	4	1	1	4	4	6	2	1	3	5	4	3	1	3	1	1	4	1	3
35500	-218.347556497154272	-225.203044448113644	6.855487950959373	0.000080000000000	0.000020000000000	0.250000000000000	0.454996044834523	0	12	14	13	16	17	17	17	18	18	20	20	20	22	22	23	25	25	24	27	30	36	44	49	52	55	57	56	58	61	63	0	1	2	0	3	2	2	2	4	7	6	9	9	11	12	13	6	19	2	0	18	19	22	22	24	25	25	24	27	28	30	1	5	1	1	1	3	2	2	2	1	2	1	1	2	1	2	4	1	5	1	3	6	5	4	2	2	2	3	1	2	1
36000	-210.892825610216306	-217.748313561175678	6.855487950959373	0.000080000000000	0.000020000000000	0.250000000000000	0.480712580977049	-1	11	16	14	15	16	17	19	17	19	20	19	21	22	21	23	24	26	24	26	30	36	45	51	53	55	57	57	58	61	63	0	1	5	0	2	2	2	2	4	7	6	9	12	11	12	13	11	19	8	0	18	19	22	23	24	24	25	26	27	24	29	1	6	1	1	2	2	2	2	1	1	4	1	1	1	1	1	2	1	2	1	2	6	6	3	1	2	2	1	1	6	2
36500	-225.466609248567295	-232.322097199526667	6.855487950959373	0.000080000000000	0.000020000000000	0.250000000000000	0.355922714316717	-2	12	15	14	14	17	19	19	17	19	20	19	20	22	23	25	26	25	24	26	30	35	43	50	52	55	55	57	59	60	62	0	1	5	0	2	2	2	3	4	2	6	9	9	11	9	13	7	2	8	0	19	18	22	23	24	24	24	26	24	28	29	1	5	1	1	1	2	6	2	2	3	2	1	2	1	2	3	3	7	4	1	3	4	4	3	1	2	2	1	3	2	2
37000	-219.052820339660371	-225.908308290619743	6.855487950959373	0.000080000000000	0.000020000000000	0.250000000000000	0.413231334337539	-1	11	16	13	16	16	18	19	18	19	21	20	20	23	23	24	25	26	23	26	29	35	43	51	53	55	56	57	58	60	63	0	1	2	0	2	2	2	3	4	6	6	9	9	11	9	13	3	2	8	0	18	18	22	23	24	25	25	27	27	27	29	1	5	3	1	3	3	5	1	2	2	3	1	1	1	2	2	5	7	2	1	2	3	4	4	1	1	1	1	1	2	3
37500	-219.664825248471999	-226.520313199431371	6.855487950959373	0.000080000000000	0.000020000000000	0.250000000000000	0.461721212761967	-1	11	15	13	16	17	19	17	18	17	20	20	20	22	21	25	22	26	24	26	29	36	45	52	53	54	57	57	57	58	63	0	1	2	0	3	3	10	3	4	2	6	9	9	11	12	13	2	19	2	0	19	19	22	23	24	24	26	24	24	27	29	1	5	2	1	1	1	1	1	3	2	1	1	1	1	1	2	5	1	5	1	2	4	4	3	1	1	2	3	2	1	2
38000	-226.210900436868798	-233.066388387828169	6.855487950959373	0.000080000000000	0.000020000000000	0.250000000000000	0.382725435628468	0	10	16	13	14	15	16	18	17	18	20	19	21	23	22	23	23	25	23	27	30	36	44	50	52	55	57	57	58	60	63	0	1	5	0	2	2	2	2	4	2	6	9	9	11	12	13	8	19	2	0	19	19	22	23	24	25	25	26	26	27	29	1	4	1	1	2	2	2	4	3	3	3	1	2	2	2	1	2	2	5	1	3	5	4	4	1	2	1	1	1	1	2
38500	-229.172768360297624	-236.028256311256996	6.855487950959373	0.000080000000000	0.000020000000000	0.250000000000000	0.477841186498908	-1	10	13	13	15	16	17	18	16	18	20	19	20	22	23	24	24	25	24	24	29	36	45	50	52	54	55	56	59	60	63	0	1	2	0	2	2	2	3	4	7	6	4	9	11	12	13	7	19	8	0	18	19	22	23	24	25	24	25	26	29	29	1	5	1	1	2	3	3	3	1	1	1	3	2	1	3	2	4	1	3	1	2	4	5	2	1	2	2	2	3	1	1
39000	-238.390518437037457	-245.246006387996829	6.855487950959373	0.000080000000000	0.000020000000000	0.250000000000000	0.366212648779302	0	11	14	13	14	16	19	18	17	18	19	20	21	21	22	24	25	26	25	27	30	34	45	52	51	53	56	57	58	60	64	0	1	2	0	2	2	10	5	4	2	6	9	9	11	9	12	6	19	8	0	18	19	22	23	23	24	24	24	28	29	29	1	5	1	1	3	3	1	2	4	3	2	2	2	1	3	3	6	1	3	1	3	4	6	2	3	1	2	2	1	1	4
39500	-233.263696911915758	-240.119184862875130	6.855487950959373	0.000080000000000	0.000020000000000	0.250000000000000	0.366786421609673	-1	11	16	13	14	17	17	18	17	17	20	20	18	22	22	24	24	25	23	26	31	36	44	51	52	55	56	56	58	60	62	0	1	5	0	2	3	2	3	4	2	6	13	4	2	12	13	7	19	8	0	18	19	22	23	22	24	26	26	27	27	25	1	8	1	1	2	1	3	1	2	3	1	1	3	6	1	3	3	1	2	1	4	5	3	3	7	2	1	1	1	2	5
40000	-222.078671381576243	-228.934159332535614	6.855487950959373	0.000080000000000	0.000020000000000	0.250000000000000	0.434690119349827	0	11	15	13	14	14	18	18	18	17	20	19	20	22	23	23	24	26	25	26	30	36	45	51	53	55	56	56	58	58	63	0	1	5	0	2	2	10	3	4	2	2	9	9	11	9	13	11	19	8	0	18	19	22	23	23	24	26	26	27	27	29	1	5	1	1	1	2	1	1	2	3	3	1	2	1	3	1	2	1	3	1	2	3	3	4	4	2	1	1	1	1	2
40500	-218.012666090584389	-224.868154041543761	6.855487950959373	0.000080000000000	0.000020000000000	0.250000000000000	0.444100511518923	-1	12	15	14	14	16	18	19	18	18	19	19	20	23	22	24	25	25	23	26	29	35	45	51	51	53	56	56	58	60	63	0	1	5	0	2	2	2	10	4	2	6	9	12	11	12	13	10	19	8	0	18	19	22	23	23	25	26	26	27	27	29	1	5	1	1	1	2	3	1	2	3	2	1	1	2	2	2	4	1	1	1	2	7	5	3	3	1	1	1	1	2	2
41000	-227.177806227661108	-234.033294178620480	6.855487950959373	0.000080000000000	0.000020000000000	0.250000000000000	0.414139449088722	-2	11	15	12	16	16	18	18	17	19	20	19	19	21	23	24	25	25	24	26	30	36	45	51	52	54	56	56	58	60	63	0	1	2	0	2	2	2	5	4	7	6	9	4	6	13	13	7	19	2	0	18	19	22	23	23	25	25	26	26	29	25	1	6	2	1	3	2	4	1	2	1	2	1	3	3	2	3	4	1	7	1	2	7	5	3	4	1	2	1	2	1	5
41500	-238.926388289017098	-245.781876239976469	6.855487950959373	0.000080000000000	0.000020000000000	0.250000000000000	0.386375886463830	-1	12	16	13	15	16	18	17	17	17	20	19	20	22	22	24	24	26	25	26	31	35	43	51	52	55	55	57	58	58	63	0	1	5	0	2	2	2	2	4	6	2	9	4	11	12	12	11	19	8	0	18	19	22	23	23	24	24	27	25	27	26	1	6	1	1	2	2	5	4	2	1	5	2	3	1	1	2	2	1	3	1	2	5	4	3	5	1	2	1	3	2	5
42000	-233.189186227593723	-240.044674178553095	6.855487950959373	0.000080000000000	0.000020000000000	0.250000000000000	0.419856190246963	-1	12	16	14	15	15	19	17	17	17	19	19	20	22	21	21	25	26	24	27	29	34	45	51	51	53	56	56	58	58	64	0	1	5	0	2	2	2	2	4	2	2	9	9	11	12	9	7	19	8	0	18	19	22	23	23	25	26	26	25	28	27	1	5	1	1	1	2	3	2	1	3	4	1	2	2	1	2	3	2	4	1	1	4	4	3	3	1	1	2	3	1	5
42500	-217.198696968633499	-224.054184919592871	6.855487950959373	0.000080000000000	0.000020000000000	0.250000000000000	0.588317276042835	-1	11	15	13	15	16	16	16	18	18	20	20	20	23	22	24	24	26	23	26	30	34	45	50	53	55	56	56	58	61	63	0	1	2	0	2	2	2	3	4	7	6	9	9	11	12	13	11	19	8	0	18	18	22	23	24	25	24	25	27	26	30	1	5	2	1	2	2	2	1	3	1	2	1	1	2	1	2	2	2	3	1	2	2	6	2	2	1	3	2	2	3	1
43000	-217.931998151893538	-224.787486102852910	6.855487950959373	0.000080000000000	0.000020000000000	0.250000000000000	0.493909113912584	-2	11	14	13	16	17	17	17	18	18	21	19	20	22	23	24	25	25	24	25	29	35	45	52	51	55	55	57	56	60	62	0	1	2	0	3	2	2	3	4	2	6	9	9	11	9	13	6	19	2	0	18	19	22	25	23	24	25	27	25	26	30	1	5	2	1	1	3	3	1	2	3	2	1	1	1	2	2	3	1	6	1	2	5	4	1	3	1	2	1	2	2	1
43500	-223.034819693910066	-229.890307644869438	6.855487950959373	0.000080000000000	0.000020000000000	0.250000000000000	0.509095246005086	0	12	16	13	13	16	17	18	17	18	19	19	21	22	23	24	24	25	24	27	27	35	45	52	50	56	54	57	58	60	62	0	1	5	0	2	2	2	3	4	7	6	9	9	2	12	13	3	19	2	0	18	19	22	25	23	27	25	27	25	27	30	1	5	2	1	1	2	2	1	2	1	2	1	3	3	2	1	4	1	5	1	1	5	6	1	2	1	2	1	3	3	1
44000	-232.224219230499244	-239.079707181458616	6.855487950959373	0.000080000000000	0.000020000000000	0.250000000000000	0.349733899446621	-1	12	15	13	14	16	17	18	17	19	20	19	20	22	20	23	24	25	24	26	29	35	43	52	51	55	57	56	59	58	63	0	1	5	0	2	2	2	5	4	2	2	9	12	11	9	13	6	19	2	0	19	19	22	25	23	24	26	26	27	24	30	1	6	1	1	1	2	4	2	2	4	4	1	1	2	2	2	3	1	6	1	3	5	5	1	5	1	1	1	2	2	3
44500	-220.601505476937291	-227.456993427896663	6.855487950959373	0.000080000000000	0.000020000000000	0.250000000000000	0.492535911949316	0	10	16	13	14	16	18	17	17	19	20	18	20	22	22	24	25	25	23	26	30	35	44	52	51	55	55	56	57	60	63	0	1	5	0	2	2	2	3	4	7	6	9	9	11	9	13	2	19	2	0	18	19	22	25	23	25	24	27	27	26	29	1	4	1	1	2	3	3	1	2	1	1	1	2	1	3	2	6	2	5	1	2	7	6	1	3	2	2	1	1	2	4
45000	-232.010653014357075	-238.866140965316447	6.855487950959373	0.000080000000000	0.000020000000000	0.250000000000000	0.359144008717447	-1	11	14	13	15	17	16	18	17	19	19	19	20	22	23	24	25	26	24	27	30	36	43	51	52	55	55	56	58	60	62	0	1	2	0	2	2	2	3	4	7	6	9	4	11	12	13	8	19	2	0	18	19	22	23	24	24	23	25	26	29	27	1	6	2	1	1	4	2	2	2	2	1	1	4	2	2	2	3	1	5	1	2	6	3	4	1	2	5	2	1	1	4
45500	-238.841941242517890	-245.697429193477262	6.855487950959373	0.000080000000000	0.000020000000000	0.250000000000000	0.371264348131813	0	12	15	13	16	17	19	18	17	18	20	20	19	22	22	24	23	25	24	25	31	35	44	52	53	54	57	57	58	61	64	0	1	2	0	2	2	2	3	4	2	2	9	9	11	9	13	11	19	2	0	19	19	22	23	24	25	25	25	28	27	26	1	5	1	1	1	3	4	1	3	2	4	2	1	1	2	2	1	1	4	1	4	6	4	5	1	1	3	1	1	2	5
46000	-224.512002531737892	-231.367490482697264	6.855487950959373	0.000080000000000	0.000020000000000	0.250000000000000	0.417010320481645	-1	12	16	12	15	17	18	18	17	19	20	19	21	22	23	25	26	25	24	26	30	36	44	49	52	55	57	56	59	61	61	0	1	5	0	2	2	2	3	4	7	6	9	9	11	12	13	3	8	2	0	18	18	22	23	24	24	26	26	26	27	29	1	6	1	1	2	3	3	1	3	1	2	1	2	1	3	2	5	3	4	1	2	6	3	4	1	3	1	1	2	3	1
46500	-242.028819799651188	-248.884307750610560	6.855487950959373	0.000080000000000	0.000020000000000	0.250000000000000	0.400607041562816	0	12	16	13	14	16	19	18	17	17	19	19	20	22	22	25	25	26	23	27	28	35	42	49	52	55	57	57	59	60	63	0	1	5	0	2	2	2	2	4	2	6	9	9	11	9	13	7	19	2	0	18	18	22	23	24	24	25	26	27	28	27	1	7	1	1	1	2	5	2	3	3	1	2	1	1	4	2	2	1	6	1	1	3	3	3	1	3	3	1	1	1	4
47000	-230.087009097523548	-236.942497048482920	6.855487950959373	0.000080000000000	0.000020000000000	0.250000000000000	0.425301849032954	0	12	14	14	16	17	18	17	17	17	20	19	20	20	21	23	25	25	23	25	29	35	43	48	52	55	57	56	57	60	64	0	1	2	0	2	2	2	3	4	2	6	9	4	6	12	13	3	19	8	0	18	19	22	23	24	25	26	26	25	27	30	1	5	1	1	3	3	3	2	2	3	1	1	3	2	1	1	5	1	3	1	2	5	3	2	3	1	1	1	2	1	2
47500	-229.629157346992969	-236.484645297952341	6.855487950959373	0.000080000000000	0.000020000000000	0.250000000000000	0.359929646023436	-1	10	16	12	15	16	19	18	17	18	20	19	21	22	22	25	25	26	24	27	28	35	43	52	53	55	57	57	59	59	64	0	1	5	0	2	2	2	5	4	2	2	9	9	11	12	13	2	19	2	0	19	19	22	23	24	25	25	24	27	28	29	1	6	1	1	2	2	4	2	3	2	4	1	1	1	2	2	8	1	7	1	2	6	5	5	1	1	2	2	1	1	2
48000	-221.039784115972907	-227.895272066932279	6.855487950959373	0.000080000000000	0.000020000000000	0.250000000000000	0.605032293756715	0	11	15	14	15	16	16	17	17	19	20	19	20	22	23	24	26	26	25	26	31	34	44	51	52	55	57	57	58	61	61	0	1	2	0	2	2	2	3	4	7	6	9	12	11	12	13	19	19	8	0	18	19	22	23	24	24	26	26	28	26	29	1	5	2	1	2	2	2	1	2	1	3	1	1	1	2	3	1	1	4	1	3	4	4	3	1	3	1	1	1	2	1
48500	-238.259465613184773	-245.114953564144145	6.855487950959373	0.000080000000000	0.000020000000000	0.250000000000000	0.470619472986598	-1	12	15	14	16	17	19	17	17	18	20	19	20	22	23	24	25	25	23	25	31	35	45	51	52	55	56	56	57	60	63	0	1	2	0	3	2	2	2	4	2	6	9	4	6	12	9	6	19	8	0	18	19	22	23	23	24	25	26	26	27	24	1	7	1	1	1	3	2	2	2	2	2	1	4	3	1	3	4	1	2	1	4	4	5	3	2	1	2	1	2	2	4
49000	-219.237350039460438	-226.092837990419810	6.855487950959373	0.000080000000000	0.000020000000000	0.250000000000000	0.339905823697962	-1	11	15	13	14	15	16	19	17	18	20	19	20	23	22	25	25	25	24	25	31	35	44	51	52	54	56	56	58	60	64	0	1	5	0	2	2	2	3	4	7	6	9	9	6	9	13	11	8	2	0	19	19	22	23	24	25	24	26	27	29	27	1	6	1	1	2	2	2	2	2	2	2	1	2	3	2	2	3	2	5	1	3	4	4	3	1	1	3	1	1	1	4
49500	-222.752281711617144	-229.607769662576516	6.855487950959373	0.000080000000000	0.000020000000000	0.250000000000000	0.336143529628539	-1	12	14	13	16	16	19	18	17	18	19	20	20	22	22	25	26	26	24	26	30	36	45	51	53	55	55	56	59	60	63	0	1	2	0	3	2	2	3	4	2	6	9	4	11	9	4	19	19	2	0	19	19	22	23	24	25	25	27	27	26	29	1	5	1	1	1	2	3	3	2	3	1	3	3	1	2	5	1	1	6	1	3	6	4	4	1	1	1	1	2	2	2
50000	-227.939206313842618	-234.794694264801990	6.855487950959373	0.000080000000000	0.000020000000000	0.250000000000000	0.454005368335847	0	12	15	12	14	16	18	18	17	17	20	18	20	22	19	25	26	25	24	26	29	35	43	50	52	56	55	55	57	60	63	0	1	5	0	2	2	2	2	4	2	6	9	9	11	9	13	19	19	3	0	18	19	22	23	24	24	25	24	26	27	29	1	4	1	1	1	2	3	3	3	1	2	1	1	1	1	2	1	1	5	1	2	5	3	3	1	3	2	3	1	3	3
50500	-221.812002024657517	-228.667489975616888	6.855487950959373	0.000080000000000	0.000020000000000	0.250000000000000	0.492319469278583	-1	12	15	13	15	16	19	18	17	18	20	19	20	22	21	24	25	25	23	26	31	35	45	51	52	56	56	57	58	60	64	0	1	2	0	2	2	3	3	4	2	6	9	9	11	12	13	10	19	3	0	19	21	22	23	24	24	25	27	27	27	27	1	6	2	1	1	2	3	1	2	5	1	2	1	1	1	2	3	1	4	1	4	2	6	2	1	2	2	1	1	1	4
51000	-217.072492565356129	-223.927980516315500	6.855487950959373	0.000080000000000	0.000020000000000	0.250000000000000	0.378897065487346	-1	12	16	13	14	15	19	18	17	18	20	19	20	23	22	24	23	26	24	26	30	35	44	51	52	55	57	56	57	60	64	0	1	5	0	2	2	10	3	4	2	6	9	12	11	12	13	3	19	2	0	19	19	22	23	24	25	25	26	25	29	29	1	5	1	1	1	2	1	1	3	3	3	1	1	1	2	1	4	1	6	1	3	5	3	3	1	1	2	1	2	2	3
51500	-229.986944032621608	-236.842431983580980	6.855487950959373	0.000080000000000	0.000020000000000	0.250000000000000	0.512355650257292	-1	12	13	13	16	15	18	18	17	17	20	19	20	22	22	24	26	25	24	25	28	35	45	51	53	54	55	57	58	60	64	0	1	2	0	3	2	10	2	4	2	6	9	4	11	9	15	8	8	8	0	18	19	22	23	24	24	25	25	27	25	29	1	6	1	1	2	2	1	4	1	2	4	2	3	2	3	1	4	2	3	1	2	5	5	3	1	2	1	2	2	5	3
52000	-227.473854951604920	-234.329342902564292	6.855487950959373	0.000080000000000	0.000020000000000	0.250000000000000	0.397017749937360	-1	11	15	13	16	17	17	18	17	19	19	19	20	23	22	24	26	25	23	26	30	36	45	50	52	54	55	55	59	60	61	0	1	2	0	3	3	3	3	4	2	6	9	9	11	12	13	14	19	8	0	18	19	22	23	24	25	25	26	26	26	29	1	5	2	1	1	1	1	1	2	3	2	1	2	3	1	2	2	1	1	1	2	6	5	2	1	1	1	1	2	3	1
52500	-222.377851829629890	-229.233339780589262	6.855487950959373	0.000080000000000	0.000020000000000	0.250000000000000	0.431654224917113	-1	11	15	12	16	15	18	18	17	18	21	20	20	22	22	23	24	25	24	26	30	35	44	51	53	54	56	56	58	60	63	0	1	2	0	2	2	2	2	4	2	2	9	9	2	12	13	14	19	8	0	18	19	22	23	23	24	26	25	27	26	30	1	5	2	1	3	2	4	2	3	3	4	2	2	8	1	2	1	1	3	1	2	5	4	3	4	2	1	1	1	2	2
53000	-229.099577385482263	-235.955065336441635	6.855487950959373	0.000080000000000	0.000020000000000	0.250000000000000	0.381091953426668	0	11	15	13	15	16	18	18	17	18	20	19	19	22	22	25	26	26	23	25	29	36	44	50	52	55	56	54	59	60	61	0	1	2	0	2	2	2	5	4	2	2	9	9	11	12	13	11	11	11	0	18	18	22	23	23	24	26	25	27	29	29	1	4	2	1	2	2	5	2	1	4	6	1	1	2	1	4	2	3	2	1	1	5	5	2	5	2	1	1	2	1	1
53500	-231.304017490157349	-238.159505441116721	6.855487950959373	0.000080000000000	0.000020000000000	0.250000000000000	0.358909663694011	-1	12	16	13	15	16	19	17	17	17	19	19	21	23	22	23	24	25	24	27	29	34	43	52	53	56	55	55	58	58	62	0	1	5	0	2	2	10	5	4	2	2	9	12	11	9	13	2	19	8	0	18	19	22	23	23	24	24	25	28	26	29	1	6	1	1	2	2	1	1	2	3	4	1	1	2	2	2	7	1	3	1	3	4	4	3	4	2	1	2	2	1	3
54000	-244.341596645038265	-251.197084595997637	6.855487950959373	0.000080000000000	0.000020000000000	0.250000000000000	0.454553308509044	-1	12	14	13	16	15	19	17	16	17	20	19	20	22	23	25	25	26	25	26	30	35	45	49	53	55	56	54	58	61	64	0	1	2	0	3	3	10	2	4	3	6	9	12	2	12	12	10	19	2	0	18	19	22	23	24	28	26	24	25	28	30	1	6	1	1	1	1	1	2	1	2	3	3	1	4	3	3	4	1	5	1	3	5	4	1	2	1	1	2	2	4	2
54500	-224.772920754382085	-231.628408705341457	6.855487950959373	0.000080000000000	0.000020000000000	0.250000000000000	0.502400974771479	-1	12	15	12	16	17	19	18	16	16	21	19	20	22	21	22	25	26	23	27	31	34	44	51	53	54	56	56	57	60	63	0	1	2	0	3	2	10	3	4	2	6	9	9	2	12	13	11	19	2	0	18	19	22	23	24	25	24	26	28	27	29	1	5	2	1	1	2	1	1	2	2	2	1	2	4	1	2	2	2	4	1	3	6	4	3	2	1	2	1	1	2	3
55000	-208.398913322434709	-215.254401273394080	6.855487950959373	0.000080000000000	0.000020000000000	0.250000000000000	0.467919691747204	-1	11	15	13	16	16	19	17	17	17	20	20	19	22	22	23	25	25	23	27	31	35	44	51	52	55	56	56	57	61	63	0	1	2	0	3	2	10	3	4	2	6	9	9	11	12	13	3	19	8	0	18	19	22	23	24	24	26	26	26	26	29	1	4	2	1	1	2	1	1	2	3	2	2	1	1	1	3	5	2	2	1	3	5	4	3	1	2	1	1	1	2	3
55500	-219.456043627508734	-226.311531578468106	6.855487950959373	0.000080000000000	0.000020000000000	0.250000000000000	0.587818528943236	-1	11	15	14	16	17	18	19	18	16	20	19	19	22	22	24	24	26	24	27	30	34	44	51	53	55	56	56	58	60	62	0	1	2	0	2	2	10	3	4	2	6	9	4	11	9	13	6	19	8	0	18	19	22	23	24	25	26	26	27	25	29	1	5	1	1	2	3	1	2	2	3	2	1	3	2	3	2	2	1	3	1	2	5	6	4	1	1	1	1	1	3	2
56000	-216.438388873334475	-223.293876824293847	6.855487950959373	0.000080000000000	0.000020000000000	0.250000000000000	0.423443715492507	-1	11	12	14	15	15	18	19	17	17	20	19	20	22	22	24	24	26	24	26	30	33	44	51	52	56	56	54	58	59	63	0	1	2	0	3	2	10	6	4	2	6	9	12	11	9	13	10	19	8	0	18	19	22	23	24	28	25	24	27	27	29	1	6	1	1	1	2	1	2	2	3	3	1	1	1	2	3	3	1	2	1	2	4	5	4	1	1	2	1	1	2	2
56500	-217.343991054371230	-224.199479005330602	6.855487950959373	0.000080000000000	0.000020000000000	0.250000000000000	0.436937818260121	0	11	15	13	14	15	19	18	17	17	19	19	20	21	22	24	25	25	24	26	30	35	44	50	53	55	55	56	58	60	64	0	1	5	0	2	2	10	5	4	2	2	9	4	11	12	13	6	19	8	0	18	19	22	23	24	25	25	27	28	28	29	1	4	1	1	2	3	1	2	2	2	3	2	3	1	2	3	5	1	3	1	3	5	6	3	2	1	1	1	1	2	3
57000	-223.497018625426762	-230.352506576386133	6.855487950959373	0.000080000000000	0.000020000000000	0.250000000000000	0.485822804077933	0	12	16	12	15	16	18	18	17	18	20	20	20	21	23	24	25	26	23	27	30	34	44	51	52	54	56	56	58	61	63	0	1	5	0	2	2	2	3	4	2	6	9	9	6	12	13	3	19	8	0	18	19	22	23	24	25	26	26	24	27	29	1	6	1	1	2	1	3	1	3	2	2	2	2	2	2	2	4	2	2	1	2	4	4	3	1	1	1	1	3	2	1
57500	-223.669599265409317	-230.525087216368689	6.855487950959373	0.000080000000000	0.000020000000000	0.250000000000000	0.411632331341463	-1	11	16	12	15	16	19	18	17	16	20	20	20	23	21	25	25	26	25	26	30	35	45	51	53	56	55	56	57	60	62	0	1	5	0	2	2	2	2	4	2	6	9	9	11	9	13	5	19	8	0	18	19	22	23	24	25	25	27	26	26	29	1	5	1	1	2	2	4	3	2	2	2	2	1	2	3	3	3	1	3	1	2	6	5	4	1	2	2	1	1	1	3
58000	-224.955193500862350	-231.810681451821722	6.855487950959373	0.000080000000000	0.000020000000000	0.250000000000000	0.474562445605569	0	12	15	13	16	16	18	18	17	19	19	20	19	21	22	24	24	25	24	27	30	34	44	51	52	55	57	56	58	60	61	0	1	2	0	3	2	2	2	4	7	7	9	9	11	12	13	3	19	8	0	19	19	22	23	24	25	26	26	26	26	29	1	6	1	1	1	1	3	3	2	1	1	2	2	1	1	3	4	1	2	1	2	6	4	3	1	1	1	1	2	3	2
58500	-249.007338174032583	-255.862826124991955	6.855487950959373	0.000080000000000	0.000020000000000	0.250000000000000	0.389014083050310	0	11	15	13	14	16	16	18	14	18	21	18	20	22	20	23	24	23	24	24	29	35	44	51	53	55	56	57	58	60	62	0	1	5	0	2	3	2	3	4	7	2	9	9	6	12	13	11	8	18	0	18	18	22	23	24	24	25	26	27	25	25	1	7	1	1	1	1	2	2	1	1	2	2	2	3	1	2	2	2	1	1	3	6	4	3	1	2	2	1	1	3	3
59000	-233.884441595623485	-240.739929546582857	6.855487950959373	0.000080000000000	0.000020000000000	0.250000000000000	0.473644605724544	-1	12	16	13	15	16	16	18	17	19	21	19	20	21	21	24	23	24	25	26	30	35	45	51	52	55	53	55	56	60	62	0	1	2	0	2	2	2	3	4	2	2	9	9	2	9	13	2	2	18	0	18	18	22	23	24	27	24	24	24	26	29	1	4	2	1	2	2	2	1	2	3	4	1	2	4	2	2	4	4	1	1	2	4	5	3	1	2	1	2	1	2	2
59500	-220.202246152263626	-227.057734103222998	6.855487950959373	0.000080000000000	0.000020000000000	0.250000000000000	0.530087230107614	0	12	16	14	16	16	17	18	18	18	20	20	20	22	23	25	25	24	25	26	29	35	43	50	52	54	56	55	58	61	63	0	1	2	0	2	2	2	2	4	7	2	9	9	11	9	13	3	8	18	0	18	18	22	23	24	25	24	26	27	27	29	1	6	2	1	2	2	3	2	2	1	4	1	1	2	2	2	4	4	1	1	3	3	3	2	1	1	3	1	1	3	2
60000	-234.542223000177330	-241.397710951136702	6.855487950959373	0.000080000000000	0.000020000000000	0.250000000000000	0.281166215998759	-1	12	16	13	15	16	15	16	17	18	20	19	21	23	22	25	25	23	25	27	31	36	44	51	52	55	54	57	57	60	62	0	1	5	0	2	2	2	5	4	7	6	9	12	11	12	13	2	8	18	0	18	18	22	23	24	24	24	25	27	28	29	1	7	1	1	2	3	2	1	2	2	2	2	1	1	2	3	5	4	1	1	3	6	6	3	1	2	1	4	2	1	2
60500	-226.794241058195098	-233.649729009154470	6.855487950959373	0.000080000000000	0.000020000000000	0.250000000000000	0.495657631222039	-1	12	14	14	16	16	19	19	17	15	19	19	20	21	21	24	25	24	25	25	31	36	44	52	53	55	57	57	58	59	63	0	1	2	0	2	2	10	3	4	2	6	9	9	2	9	13	8	5	18	0	18	18	22	23	24	25	26	26	25	27	29	1	7	1	1	2	2	3	3	2	2	1	1	1	4	2	2	2	4	1	1	3	7	4	3	1	1	1	1	3	2	2
61000	-219.804191464417499	-226.659679415376871	6.855487950959373	0.000080000000000	0.000020000000000	0.250000000000000	0.526323313143912	-1	12	15	13	14	16	18	19	17	17	20	19	21	23	21	23	26	24	24	26	30	34	45	51	52	55	57	57	58	60	64	0	1	5	0	2	2	10	3	4	2	6	9	9	11	12	13	10	8	8	0	18	19	22	23	24	25	25	26	27	27	29	1	7	1	1	1	2	1	1	2	3	1	1	2	1	2	1	3	2	2	1	2	5	5	2	1	2	2	1	1	1	3
61500	-228.501924144958537	-235.357412095917908	6.855487950959373	0.000080000000000	0.000020000000000	0.250000000000000	0.484574233095199	-2	12	15	13	14	15	19	18	17	16	19	19	21	22	21	24	22	25	23	27	30	35	45	51	52	55	56	56	58	60	63	0	1	5	0	2	2	2	3	4	2	6	9	12	11	9	13	8	19	8	0	19	21	22	23	24	24	24	26	26	26	27	1	7	1	1	1	2	3	2	2	2	2	2	1	2	2	2	3	1	2	1	3	4	4	3	1	2	4	1	2	2	4
62000	-220.617129351627369	-227.472617302586741	6.855487950959373	0.000080000000000	0.000020000000000	0.250000000000000	0.383181920811816	-1	12	14	14	14	15	18	17	17	17	20	19	19	23	21	24	25	25	23	26	30	35	45	51	52	54	57	55	58	60	63	0	1	2	0	2	2	10	6	4	2	2	9	9	11	12	13	11	8	2	0	18	19	22	23	24	25	26	24	26	27	30	1	6	1	1	1	2	1	1	2	2	3	1	1	1	1	3	2	4	5	1	3	5	6	2	1	1	2	3	3	2	1
62500	-224.832778828304953	-231.688266779264325	6.855487950959373	0.000080000000000	0.000020000000000	0.250000000000000	0.497551773472079	-1	9	15	14	15	16	16	18	17	18	18	18	20	22	22	24	25	26	24	26	30	34	45	51	52	55	55	56	57	59	63	0	1	2	0	2	3	2	5	4	7	6	9	9	11	12	13	7	19	8	0	18	19	22	23	24	24	24	27	24	27	29	1	6	3	1	3	1	3	1	1	1	1	1	2	3	2	3	3	1	3	1	2	5	5	3	1	2	2	1	2	1	3
63000	-233.589868329255808	-240.445356280215179	6.855487950959373	0.000080000000000	0.000020000000000	0.250000000000000	0.523218096766265	0	11	15	13	16	14	18	17	16	19	21	20	21	22	22	25	26	25	24	26	31	36	44	49	51	55	54	57	58	60	62	0	1	6	0	3	2	2	2	4	7	6	4	12	11	12	13	11	19	8	0	19	19	22	22	24	27	25	26	28	27	30	1	5	1	1	1	1	3	2	2	1	5	3	1	1	1	2	3	1	4	1	3	6	4	5	1	1	1	1	1	5	1
63500	-240.302112935938624	-247.157600886897995	6.855487950959373	0.000080000000000	0.000020000000000	0.250000000000000	0.473231611197038	0	10	16	12	14	17	17	19	17	18	20	18	19	21	21	23	26	25	23	27	28	35	43	50	52	55	56	56	58	59	62	0	1	5	0	2	2	2	3	4	7	6	9	9	6	9	13	6	19	8	0	18	19	22	23	23	25	26	26	26	27	29	1	5	1	1	1	4	4	1	3	1	1	1	2	2	2	2	3	1	1	1	2	8	3	5	4	2	1	1	2	2	2
64000	-242.619734422912160	-249.475222373871532	6.855487950959373	0.000080000000000	0.000020000000000	0.250000000000000	0.350025170796530	-1	11	15	13	15	16	17	19	17	18	20	20	20	22	21	25	26	25	23	26	30	34	45	52	52	55	56	57	59	61	64	0	1	2	0	2	3	2	3	4	2	6	9	9	11	9	13	11	19	8	0	18	19	19	23	23	25	24	24	27	28	29	1	8	1	1	4	1	2	2	1	3	2	2	1	1	2	3	3	1	2	1	2	6	8	3	4	2	3	2	2	2	3
64500	-238.363924568788747	-245.219412519748118	6.855487950959373	0.000080000000000	0.000020000000000	0.250000000000000	0.405551009460583	0	11	15	13	14	15	19	18	17	17	19	19	19	21	22	23	26	25	24	27	30	35	44	51	53	55	57	55	59	60	62	0	1	5	0	2	2	10	2	4	2	2	9	9	2	9	13	11	19	8	0	18	8	21	23	23	25	24	25	27	27	25	1	5	1	1	2	2	2	4	1	3	4	2	1	5	2	2	5	1	3	1	3	10	6	4	5	1	3	1	2	2	4
65000	-224.853260185346358	-231.708748136305729	6.855487950959373	0.000080000000000	0.000020000000000	0.250000000000000	0.381935675310615	-1	12	15	13	14	17	19	19	15	18	20	19	20	23	22	24	26	25	24	26	31	33	45	52	52	55	57	57	59	60	63	0	1	2	0	2	2	2	5	4	2	6	9	12	11	12	13	6	19	8	0	18	19	22	22	23	25	26	26	27	27	24	1	7	2	1	1	3	4	3	1	4	2	2	1	2	2	2	3	1	2	1	3	4	6	9	2	1	1	1	1	2	4
65500	-227.607130193127063	-234.462618144086434	6.855487950959373	0.000080000000000	0.000020000000000	0.250000000000000	0.324243442305778	0	10	14	14	15	16	18	17	16	16	20	19	21	22	22	25	25	25	24	27	29	34	44	51	52	54	56	56	58	59	63	0	1	2	0	2	3	10	5	4	2	6	9	9	11	12	15	2	19	8	0	19	19	22	23	23	25	25	26	27	27	29	1	5	2	1	2	1	1	2	2	4	3	1	3	1	1	2	9	1	4	1	2	5	6	4	3	1	2	1	1	1	2
66000	-225.139890881008256	-231.995378831967628	6.855487950959373	0.000080000000000	0.000020000000000	0.250000000000000	0.462285757288122	-1	11	15	14	14	17	19	19	16	18	18	20	20	21	22	24	25	25	23	27	29	35	44	49	53	55	55	56	57	60	63	0	1	2	0	2	2	10	2	4	2	6	9	4	6	9	13	8	19	8	0	18	19	22	23	24	25	25	25	27	26	25	1	6	2	1	1	3	1	4	1	3	1	2	2	3	2	1	3	1	2	1	2	6	4	2	2	1	1	1	1	4	4
66500	-228.880464469691816	-235.735952420651188	6.855487950959373	0.000080000000000	0.000020000000000	0.250000000000000	0.450255755887075	-2	11	15	13	15	14	18	19	17	17	20	19	19	22	23	25	25	26	24	25	30	32	44	50	52	55	56	57	59	60	64	0	1	2	0	2	2	10	3	4	2	6	9	9	6	12	13	6	19	8	0	18	19	22	23	24	25	25	26	27	24	30	1	7	2	1	1	2	1	2	2	2	3	2	2	4	2	4	5	1	2	1	2	4	5	3	1	2	2	1	1	4	2
67000	-222.975727855331371	-229.831215806290743	6.855487950959373	0.000080000000000	0.000020000000000	0.250000000000000	0.376389598561038	-1	11	16	13	15	16	18	18	16	19	20	20	18	23	22	23	24	25	23	25	31	35	44	50	52	55	57	57	58	60	63	0	1	5	0	2	2	2	2	4	2	6	9	9	11	9	13	8	19	8	0	19	19	22	23	24	24	26	26	27	28	24	1	6	1	1	2	3	5	4	2	4	2	2	1	1	3	2	3	1	2	1	3	6	4	3	1	2	1	2	1	3	5
67500	-224.007235491577802	-230.862723442537174	6.855487950959373	0.000080000000000	0.000020000000000	0.250000000000000	0.394908521192578	-1	12	15	12	14	16	18	18	16	19	19	20	21	22	22	24	25	26	24	27	30	36	44	49	52	56	55	55	59	60	64	0	1	5	0	2	2	2	3	4	7	6	9	4	11	12	13	6	19	8	0	18	19	22	23	24	28	24	24	28	26	29	1	6	1	1	1	2	3	2	3	1	1	2	4	2	1	2	5	1	3	1	2	6	4	3	1	1	3	2	2	3	2
68000	-228.510543061578801	-235.366031012538173	6.855487950959373	0.000080000000000	0.000020000000000	0.250000000000000	0.467194009535453	0	12	14	13	15	15	19	19	16	18	20	20	20	22	22	24	25	24	25	26	29	36	45	51	53	54	56	56	58	60	63	0	1	2	0	2	2	10	3	4	2	6	9	9	11	9	13	8	8	2	0	18	18	22	23	24	24	25	26	27	26	27	1	6	1	1	1	1	1	2	2	4	3	2	3	1	3	2	4	2	7	1	2	5	4	3	1	2	1	1	1	3	3
68500	-220.869693641971509	-227.725181592930880	6.855487950959373	0.000080000000000	0.000020000000000	0.250000000000000	0.468232222444005	-2	11	15	14	13	16	19	18	18	18	21	20	20	22	21	24	24	25	24	26	31	36	45	51	52	55	56	56	59	61	63	0	1	5	0	2	2	10	3	4	2	6	9	9	2	9	13	14	19	8	0	19	19	22	23	23	24	26	26	27	27	29	1	6	1	1	1	3	1	2	1	3	4	2	1	5	2	4	1	1	3	1	3	5	5	3	3	2	1	1	1	3	2
69000	-224.752169496940098	-231.607657447899470	6.855487950959373	0.000080000000000	0.000020000000000	0.250000000000000	0.431550888349638	0	12	15	14	14	15	18	19	15	16	20	19	20	22	21	24	26	26	24	26	29	36	45	51	50	55	56	56	58	61	63	0	1	2	0	2	2	10	6	4	2	6	9	12	11	9	13	8	19	8	0	18	19	22	23	23	25	25	25	27	26	29	1	6	2	1	1	2	1	2	1	2	2	2	1	1	4	3	4	1	3	1	1	5	4	3	2	2	4	3	1	3	3
69500	-219.367214341100691	-226.222702292060063	6.855487950959373	0.000080000000000	0.000020000000000	0.250000000000000	0.452839268149986	-1	11	15	13	15	17	19	18	17	18	18	19	21	22	23	24	25	25	24	27	30	34	45	50	51	54	55	55	59	60	64	0	1	2	0	2	3	10	5	4	2	3	9	9	11	12	13	3	19	8	0	19	19	22	23	24	25	25	26	24	28	29	1	5	3	1	2	1	1	1	2	3	2	1	2	2	2	2	4	1	3	1	3	4	5	2	1	2	1	1	4	3	2
70000	-230.686842548806737	-237.542330499766109	6.855487950959373	0.000080000000000	0.000020000000000	0.250000000000000	0.435899322933228	-2	12	15	13	13	16	19	16	18	18	21	20	20	23	22	24	24	26	23	25	30	36	45	51	52	55	56	56	59	60	64	0	1	5	0	2	2	10	2	4	2	6	9	9	11	12	13	6	19	2	0	18	21	22	23	24	25	25	26	26	26	29	1	6	1	1	1	2	1	2	2	3	1	1	1	1	1	2	5	1	4	1	1	3	3	3	1	2	2	1	2	2	3
70500	-219.433544895155393	-226.289032846114765	6.855487950959373	0.000080000000000	0.000020000000000	0.250000000000000	0.399066627124448	0	11	16	14	14	17	18	19	17	19	21	19	20	23	21	24	25	26	24	26	30	34	45	51	53	55	56	55	59	59	63	0	1	5	0	2	3	2	3	4	2	6	9	9	11	9	13	10	19	8	0	19	19	22	23	24	24	24	24	28	28	29	1	6	1	1	2	1	4	2	2	3	2	1	2	1	2	2	2	1	3	1	3	5	6	3	1	2	3	3	1	2	2
71000	-222.539694673376204	-229.395182624335575	6.855487950959373	0.000080000000000	0.000020000000000	0.250000000000000	0.372536417494861	-1	12	15	14	14	16	18	17	18	16	20	19	17	22	22	23	25	25	24	25	30	35	44	51	52	56	57	57	58	60	63	0	1	5	0	2	2	2	3	13	2	6	9	4	11	9	13	7	19	8	0	18	19	22	23	24	25	26	26	26	27	29	1	6	1	1	1	2	3	1	1	2	3	1	3	1	2	3	3	1	3	1	3	5	4	5	1	1	1	1	2	1	2
71500	-214.577043234051587	-221.432531185010959	6.855487950959373	0.000080000000000	0.000020000000000	0.250000000000000	0.407714791658660	-1	12	15	13	14	16	19	18	17	16	20	19	20	22	23	24	24	26	24	27	30	35	45	52	53	55	57	56	58	60	63	0	1	5	0	2	2	10	3	4	2	6	9	9	11	12	13	3	19	2	0	18	19	22	23	24	25	26	24	27	28	29	1	6	1	1	2	2	2	2	3	2	2	1	2	1	3	2	3	1	5	1	2	6	5	4	1	1	1	2	1	2	2
72000	-238.386198204049862	-245.241686155009234	6.855487950959373	0.000080000000000	0.000020000000000	0.250000000000000	0.451184509352271	-4	11	14	12	13	17	18	18	18	19	20	20	20	23	23	23	24	26	25	27	30	35	44	51	52	54	57	55	59	58	63	0	1	5	0	2	2	2	3	4	7	2	9	9	6	9	13	11	19	8	0	19	19	22	23	24	24	26	24	27	26	29	1	4	1	1	1	4	3	3	3	1	5	2	1	5	2	2	2	1	4	1	2	4	3	4	1	1	1	2	1	1	2
72500	-238.171617259383112	-245.027105210342484	6.855487950959373	0.000080000000000	0.000020000000000	0.250000000000000	0.387052812007692	0	10	16	13	14	16	18	18	17	17	20	20	20	22	22	24	24	26	24	26	30	36	44	49	51	53	56	55	58	61	63	0	1	2	0	2	2	2	2	4	2	6	9	9	2	12	13	8	8	8	0	18	19	22	22	24	25	26	25	24	26	30	1	4	3	1	2	3	3	3	4	3	2	2	1	6	1	3	3	4	3	1	2	6	4	4	1	1	2	3	6	3	1
73000	-234.003856374335470	-240.859344325294842	6.855487950959373	0.000080000000000	0.000020000000000	0.250000000000000	0.370630728284201	-2	11	16	12	15	16	19	19	18	17	20	20	20	21	22	24	24	25	21	26	28	36	44	51	52	55	57	55	59	61	63	0	1	5	0	2	2	10	5	4	6	6	9	4	11	12	9	6	19	8	0	18	19	22	23	23	25	26	25	26	28	29	1	4	1	1	2	3	1	2	3	1	1	1	5	1	1	3	5	2	2	1	2	7	4	3	4	1	1	2	2	2	3
73500	-214.756319891694204	-221.611807842653576	6.855487950959373	0.000080000000000	0.000020000000000	0.250000000000000	0.425623408300643	-1	10	16	13	14	16	16	19	18	18	20	20	20	22	22	23	25	25	24	25	29	35	45	51	53	56	57	55	58	60	64	0	1	5	0	2	2	2	3	4	7	6	9	9	11	9	13	11	19	3	0	18	19	22	23	24	24	28	24	26	27	29	1	5	2	1	2	3	2	1	2	1	3	1	1	2	2	2	3	1	4	1	2	5	3	2	1	2	1	2	1	1	3
74000	-237.982214673815093	-244.837702624774465	6.855487950959373	0.000080000000000	0.000020000000000	0.250000000000000	0.509974282899466	-1	12	16	14	14	16	18	17	18	19	20	19	20	20	22	24	23	26	22	26	31	35	45	51	52	56	57	55	58	60	64	0	1	5	0	2	2	2	3	4	2	6	9	9	6	9	13	3	19	3	0	18	21	22	23	23	25	24	24	26	29	25	1	5	2	1	1	3	2	1	3	3	2	1	1	2	2	3	3	2	3	1	3	2	6	2	3	3	3	1	1	1	6
74500	-218.163699751438514	-225.019187702397886	6.855487950959373	0.000080000000000	0.000020000000000	0.250000000000000	0.429364837637062	0	9	16	13	14	16	18	19	18	18	20	19	20	23	21	24	24	25	23	26	31	34	45	50	52	55	55	57	57	61	63	0	1	5	0	2	2	6	3	4	2	2	9	9	11	12	13	11	19	8	0	19	19	22	23	23	24	24	27	25	26	30	1	4	1	1	2	4	1	2	3	4	5	1	1	1	1	2	2	1	2	1	3	5	6	2	4	3	2	1	3	4	1
75000	-237.086498441531035	-243.941986392490406	6.855487950959373	0.000080000000000	0.000020000000000	0.250000000000000	0.531270946806709	0	11	13	14	16	15	17	15	15	19	20	20	21	22	22	24	24	25	23	26	31	36	44	49	51	55	56	57	59	60	63	0	1	2	0	2	2	2	3	4	7	6	9	12	11	12	13	3	19	8	0	19	19	22	23	23	25	26	26	28	27	27	1	5	1	1	3	1	3	1	1	1	2	2	1	1	2	2	4	1	4	1	3	6	3	2	3	1	1	1	1	2	4
75500	-217.023451052905187	-223.878939003864559	6.855487950959373	0.000080000000000	0.000020000000000	0.250000000000000	0.442922383244573	-1	11	14	13	13	15	18	19	17	18	21	18	19	23	23	24	25	25	25	27	30	33	44	52	51	55	56	57	57	60	64	0	1	5	0	2	2	2	3	4	2	6	9	9	11	12	13	7	8	8	0	19	19	22	25	23	25	24	26	26	27	29	1	4	1	1	1	2	3	3	2	4	2	1	1	1	3	2	3	2	3	1	3	3	5	1	3	2	2	1	1	2	2
76000	-220.520523205012580	-227.376011155971952	6.855487950959373	0.000080000000000	0.000020000000000	0.250000000000000	0.427149227876198	-1	12	15	11	14	15	19	18	17	18	20	20	20	22	22	23	25	25	23	26	30	35	44	50	52	55	56	56	58	60	63	0	1	2	0	2	2	2	3	4	2	2	9	9	11	12	13	10	19	2	0	19	19	22	23	23	24	26	26	25	26	29	1	4	2	1	1	2	3	2	2	3	4	1	1	2	1	2	3	1	4	1	3	5	5	3	5	2	1	1	4	3	2
76500	-229.766768514952076	-236.622256465911448	6.855487950959373	0.000080000000000	0.000020000000000	0.250000000000000	0.424101146164679	-1	12	15	13	15	16	17	16	17	18	20	19	20	22	21	22	23	25	24	26	30	33	45	50	53	54	56	56	57	59	63	0	1	2	0	2	2	2	3	4	7	6	9	9	11	12	13	2	19	17	0	18	19	22	23	23	25	24	25	28	27	25	1	6	2	1	2	2	2	1	2	1	2	1	1	1	1	2	6	1	1	1	4	3	7	3	4	1	3	2	1	1	5
77000	-216.070675469939431	-222.926163420898803	6.855487950959373	0.000080000000000	0.000020000000000	0.250000000000000	0.471647486432892	-1	12	16	13	14	16	18	18	17	17	21	20	20	22	21	24	26	25	24	26	27	36	45	50	53	55	57	57	58	60	63	0	1	2	0	2	2	2	3	4	2	6	9	9	11	9	13	2	8	8	0	18	19	22	23	24	25	26	26	27	27	29	1	6	2	1	1	2	3	1	2	3	2	1	2	1	2	3	6	3	2	1	1	5	5	2	2	1	1	1	1	2	3
77500	-220.790205350376084	-227.645693301335456	6.855487950959373	0.000080000000000	0.000020000000000	0.250000000000000	0.320015636267327	-1	10	14	13	15	16	17	19	17	18	20	20	20	23	23	24	25	24	23	26	31	35	42	50	52	55	56	55	59	61	63	0	1	2	0	3	2	2	2	4	7	6	9	9	11	12	13	7	8	8	0	18	18	22	23	24	25	24	24	27	29	29	1	5	2	1	1	3	3	4	2	1	2	2	2	1	2	1	4	3	2	1	4	6	4	3	1	2	3	3	2	2	2
78000	-223.670509361310138	-230.525997312269510	6.855487950959373	0.000080000000000	0.000020000000000	0.250000000000000	0.454730546116467	-1	12	16	13	14	16	17	18	15	18	20	19	21	23	22	23	25	26	22	27	31	35	44	51	52	54	56	56	58	60	63	0	1	5	0	2	2	3	2	4	7	6	9	9	11	12	12	11	19	8	0	18	19	22	23	24	25	26	26	27	27	30	1	7	1	1	1	2	1	3	2	1	2	2	2	2	2	2	3	2	2	1	3	5	4	4	1	1	1	1	2	3	2
78500	-222.608529508286381	-229.464017459245753	6.855487950959373	0.000080000000000	0.000020000000000	0.250000000000000	0.461193765854844	0	12	15	13	14	17	19	18	17	17	20	19	20	22	23	22	25	25	24	26	30	35	43	51	52	56	57	57	59	60	62	0	1	5	0	2	2	10	3	4	2	2	9	9	6	12	13	2	19	8	0	17	19	22	23	24	24	25	26	27	26	29	1	6	1	1	1	2	1	3	2	2	3	1	1	2	2	1	6	1	4	1	3	5	3	3	1	3	1	1	1	2	2
79000	-227.184301954673373	-234.039789905632745	6.855487950959373	0.000080000000000	0.000020000000000	0.250000000000000	0.499134050030393	-1	11	13	14	12	15	18	18	17	19	21	20	21	23	23	25	25	26	25	27	29	34	43	51	53	55	55	56	58	59	64	0	1	2	0	2	2	2	3	4	7	6	9	12	11	12	13	2	19	8	0	19	19	22	23	24	25	25	24	28	27	29	1	4	1	1	1	2	4	3	2	1	3	2	1	1	1	2	9	1	4	1	2	3	4	4	1	1	2	3	1	1	4
79500	-230.441572744277721	-237.297060695237093	6.855487950959373	0.000080000000000	0.000020000000000	0.250000000000000	0.347316931466569	-1	12	14	12	16	17	19	18	17	18	20	20	20	22	22	25	24	25	25	26	30	35	45	51	52	55	54	56	57	59	63	0	1	2	0	3	2	2	2	4	2	6	9	4	8	12	15	7	8	8	0	19	18	22	23	24	27	25	26	25	27	24	1	5	1	1	2	3	4	4	3	3	1	2	3	2	1	2	2	4	4	1	2	6	4	3	1	1	1	1	3	2	6
80000	-231.569586990224337	-238.425074941183709	6.855487950959373	0.000080000000000	0.000020000000000	0.250000000000000	0.506853853498635	-1	12	16	13	15	15	19	18	17	18	20	18	20	22	21	24	25	26	24	26	30	35	44	50	52	55	54	56	59	60	64	0	1	6	0	2	2	10	5	4	2	6	9	12	11	9	12	3	8	2	0	18	18	22	23	24	27	25	26	27	29	24	1	5	1	1	2	1	1	1	2	2	2	1	1	1	3	4	5	5	7	1	2	4	4	3	1	1	1	1	3	1	8
80500	-237.847205839217366	-244.702693790176738	6.855487950959373	0.000080000000000	0.000020000000000	0.250000000000000	0.459869604898768	-1	12	14	13	15	16	18	18	16	19	21	18	20	20	23	24	26	24	21	25	30	35	44	51	52	55	57	57	59	60	63	0	1	2	0	3	2	2	2	4	5	6	9	9	2	12	13	18	8	8	0	18	18	22	23	24	24	26	24	24	27	29	1	5	1	1	1	2	3	3	2	3	2	1	2	4	3	3	1	4	1	1	2	6	4	4	1	1	1	3	3	1	2
81000	-225.283767614124429	-232.139255565083801	6.855487950959373	0.000080000000000	0.000020000000000	0.250000000000000	0.370214887769889	0	10	13	13	15	17	19	18	16	18	20	18	20	22	23	25	26	25	24	27	30	34	44	51	52	54	56	55	57	60	63	0	1	2	0	3	2	2	2	4	2	2	9	12	6	9	13	3	19	8	0	19	21	22	23	24	25	26	26	24	24	29	1	5	2	1	1	4	4	4	1	4	6	1	1	2	3	2	5	1	3	1	3	3	4	3	1	1	2	1	4	5	2
81500	-229.245681842661213	-236.101169793620585	6.855487950959373	0.000080000000000	0.000020000000000	0.250000000000000	0.362900579847831	-1	10	12	14	15	16	16	17	16	18	20	19	20	22	22	23	22	25	23	27	30	35	45	51	52	55	56	57	59	61	64	0	1	2	0	3	3	2	5	4	7	2	9	9	11	12	13	11	19	2	0	18	19	22	23	24	24	25	26	25	27	29	1	5	1	1	1	2	3	1	2	1	7	1	2	1	2	1	1	1	5	1	3	5	5	3	1	2	1	1	3	3	3
82000	-227.960719498515260	-234.816207449474632	6.855487950959373	0.000080000000000	0.000020000000000	0.250000000000000	0.384585576255182	0	11	15	12	16	17	19	18	15	17	19	19	21	21	23	24	25	26	25	26	27	36	44	52	53	54	57	55	58	61	63	0	1	2	0	3	3	10	3	4	2	2	9	9	11	12	13	11	19	8	0	2	21	22	23	24	25	26	26	27	27	29	1	5	2	1	1	1	1	1	1	3	4	2	3	1	2	2	3	1	3	1	8	3	3	3	1	1	1	1	1	1	2
82500	-223.570581993099154	-230.426069944058526	6.855487950959373	0.000080000000000	0.000020000000000	0.250000000000000	0.412211658617276	0	12	16	14	15	16	16	17	17	18	20	19	19	22	21	25	26	26	23	26	29	34	43	51	52	55	56	57	59	59	63	0	1	2	0	2	2	2	3	4	7	6	9	9	11	12	13	3	19	2	0	2	21	19	23	24	25	26	26	27	27	29	1	5	2	1	1	2	2	1	2	1	2	1	1	1	1	2	3	2	5	1	8	2	10	5	1	2	1	1	1	1	3
83000	-227.233182254803694	-234.088670205763066	6.855487950959373	0.000080000000000	0.000020000000000	0.250000000000000	0.386472137455016	0	11	14	13	16	16	18	18	18	18	21	19	20	22	23	24	24	25	23	26	30	35	44	50	52	56	56	55	58	61	64	0	1	2	0	3	2	2	3	4	2	6	9	9	6	12	9	10	8	2	0	18	19	22	23	24	28	24	24	27	25	30	1	6	2	1	1	2	3	1	2	3	3	1	1	2	2	3	4	4	8	1	3	5	5	2	1	1	3	3	1	4	1
83500	-222.214828865663975	-229.070316816623347	6.855487950959373	0.000080000000000	0.000020000000000	0.250000000000000	0.290852860009967	-1	11	15	13	14	17	19	17	17	18	21	20	20	22	22	24	24	25	24	26	30	36	44	50	52	55	56	57	59	60	63	0	1	2	0	2	2	2	3	4	2	6	9	9	11	12	15	2	8	2	0	18	19	22	23	24	25	26	26	26	27	29	1	6	2	1	1	4	3	1	2	2	3	1	3	1	1	1	7	4	6	1	3	7	5	3	1	2	1	1	2	2	2
84000	-220.165842273657603	-227.021330224616975	6.855487950959373	0.000080000000000	0.000020000000000	0.250000000000000	0.399654434874933	-1	11	14	13	15	15	18	19	17	15	20	19	21	22	22	25	25	25	24	27	30	36	45	52	53	56	55	56	58	61	63	0	1	2	0	3	2	10	2	4	2	2	9	12	11	12	13	8	19	2	0	18	19	19	23	24	27	25	24	26	26	29	1	4	2	1	1	2	2	5	2	2	4	2	1	1	1	2	4	1	6	1	3	6	10	3	1	1	1	2	1	2	3
84500	-219.025143182481742	-225.880631133441113	6.855487950959373	0.000080000000000	0.000020000000000	0.250000000000000	0.494032239166060	-1	12	15	12	14	17	19	18	17	18	20	19	20	22	22	24	25	25	24	27	30	32	44	52	53	55	56	54	59	58	63	0	1	5	0	2	2	10	6	4	2	6	9	9	11	12	13	3	19	2	0	18	19	22	23	24	24	26	24	27	27	29	1	5	1	1	1	3	1	1	2	3	2	1	2	1	2	2	5	1	4	1	2	4	7	4	1	1	1	1	1	1	2
85000	-225.029300979347113	-231.884788930306485	6.855487950959373	0.000080000000000	0.000020000000000	0.250000000000000	0.526963439840347	-3	12	15	13	14	17	18	17	18	17	20	20	19	22	22	23	24	25	25	26	31	32	44	51	53	54	56	56	59	60	64	0	1	2	0	2	2	10	3	4	2	6	9	9	11	12	13	6	8	2	0	18	19	19	23	24	24	25	26	27	27	29	1	7	2	1	2	2	1	1	3	2	2	1	1	1	1	2	3	3	6	1	3	3	7	3	1	2	2	1	1	2	3
85500	-227.107381624935300	-233.962869575894672	6.855487950959373	0.000080000000000	0.000020000000000	0.250000000000000	0.362366243117660	0	12	16	14	14	15	16	18	16	18	18	20	21	22	23	23	25	26	24	25	30	36	45	51	53	55	56	56	58	61	63	0	1	2	0	2	2	2	2	4	7	2	9	9	2	9	13	14	19	8	0	19	19	19	23	24	25	25	24	27	26	24	1	6	2	1	1	1	2	2	1	1	4	2	2	4	4	1	2	1	3	1	3	7	9	3	1	1	1	3	1	3	6
86000	-218.316213416406271	-225.171701367365642	6.855487950959373	0.000080000000000	0.000020000000000	0.250000000000000	0.360470104950189	0	11	16	14	15	16	18	19	17	16	20	19	20	22	22	25	25	26	24	25	29	35	44	50	51	55	56	56	59	59	63	0	1	2	0	2	2	10	2	4	2	3	9	9	8	9	13	3	19	3	0	18	19	22	23	24	25	26	26	27	26	29	1	5	3	1	2	3	2	5	2	2	2	1	2	1	2	3	4	1	3	1	2	4	4	2	1	2	1	1	2	2	2
86500	-234.127844175340073	-240.983332126299445	6.855487950959373	0.000080000000000	0.000020000000000	0.250000000000000	0.405535431162821	-1	12	13	13	15	17	17	19	16	18	18	18	21	22	22	24	25	26	25	26	29	35	44	50	53	54	56	57	58	60	63	0	1	2	0	3	2	2	3	4	3	6	9	12	11	12	13	8	8	8	0	18	19	22	23	24	24	25	24	24	29	29	1	7	1	1	1	2	2	4	2	3	1	1	2	1	2	2	2	3	4	1	1	5	5	4	2	2	2	4	4	1	2
87000	-226.262438628023546	-233.117926578982917	6.855487950959373	0.000080000000000	0.000020000000000	0.250000000000000	0.538323400936620	0	11	16	12	14	16	19	19	15	18	20	20	21	22	22	25	25	25	24	26	29	35	44	51	52	54	57	56	59	61	63	0	1	5	0	2	2	2	3	4	2	6	9	9	11	12	13	7	19	8	0	18	19	22	23	24	24	28	26	27	27	24	1	5	2	1	1	2	5	2	2	2	4	2	2	1	1	3	3	1	2	1	2	6	5	3	1	1	1	1	1	3	5
87500	-234.470378325473945	-241.325866276433317	6.855487950959373	0.000080000000000	0.000020000000000	0.250000000000000	0.500457831662739	-1	12	16	14	16	17	19	18	17	18	21	20	21	23	22	24	25	24	25	26	31	35	44	51	52	54	57	56	59	61	62	0	1	2	0	2	2	10	3	4	2	2	9	12	11	9	13	11	8	8	0	18	19	22	22	24	25	26	26	24	26	29	1	7	2	1	2	2	1	1	1	2	3	2	1	2	3	2	2	2	3	1	4	4	4	7	1	1	2	1	4	4	3
88000	-228.517069173212803	-235.372557124172175	6.855487950959373	0.000080000000000	0.000020000000000	0.250000000000000	0.495447759833104	-1	9	14	13	15	16	15	18	17	17	20	19	21	22	22	25	26	24	25	26	30	34	44	52	52	56	53	57	59	60	62	0	1	2	0	2	2	2	3	4	7	6	9	9	11	12	13	6	8	18	0	18	21	22	23	23	24	24	26	26	25	29	1	5	3	1	3	3	3	2	2	1	2	1	2	1	2	2	6	3	1	1	3	3	5	5	4	2	1	1	1	3	2
88500	-246.771929881952275	-253.627417832911647	6.855487950959373	0.000080000000000	0.000020000000000	0.250000000000000	0.447264462672357	-1	10	12	14	15	16	19	19	17	18	20	19	20	21	23	24	26	22	24	26	29	34	43	51	50	53	54	57	56	60	62	0	1	2	0	3	3	10	5	4	2	10	9	9	11	12	13	6	8	18	0	18	18	22	23	23	25	24	27	24	29	29	1	5	1	1	1	2	1	2	1	5	1	1	2	1	2	2	6	2	1	1	5	5	4	3	4	2	1	1	3	2	3
89000	-230.775161726922846	-237.630649677882218	6.855487950959373	0.000080000000000	0.000020000000000	0.250000000000000	0.479800567222955	0	12	16	14	14	17	18	18	16	19	18	19	20	22	22	24	25	23	25	25	30	35	45	51	52	54	56	55	57	58	62	0	1	5	0	2	2	2	2	4	7	2	9	12	11	12	13	7	8	18	0	18	21	22	23	23	24	26	25	25	25	29	1	8	1	1	1	3	3	4	1	1	2	2	1	2	1	2	2	2	1	1	4	2	5	3	3	2	1	2	2	2	4
89500	-229.727088605696053	-236.582576556655425	6.855487950959373	0.000080000000000	0.000020000000000	0.250000000000000	0.466638445826859	0	12	14	14	15	16	17	19	17	18	20	19	21	22	22	24	24	24	25	27	29	36	45	52	52	55	56	56	57	61	64	0	1	2	0	2	2	2	7	4	7	6	9	9	11	12	13	7	8	18	0	18	18	22	23	23	24	24	26	26	26	29	1	5	1	1	2	2	3	1	3	1	2	1	2	1	2	2	5	2	1	1	2	4	3	3	4	2	2	1	1	3	5
90000	-222.037370428172125	-228.892858379131496	6.855487950959373	0.000080000000000	0.000020000000000	0.250000000000000	0.449268869823544	-1	11	15	14	15	17	18	18	16	16	20	18	21	22	22	23	24	22	25	27	29	35	45	51	53	55	55	57	57	60	64	0	1	2	0	2	3	2	3	4	2	6	9	12	2	12	13	7	8	18	0	18	21	22	23	24	24	25	27	26	25	30	1	6	2	1	2	1	4	1	1	1	1	1	2	5	2	1	3	2	1	1	4	4	5	2	1	2	1	1	1	5	2
90500	-238.464886628680745	-245.320374579640117	6.855487950959373	0.000080000000000	0.000020000000000	0.250000000000000	0.376334633790173	-1	10	16	13	14	16	18	18	18	19	21	20	21	22	22	24	26	23	24	26	30	36	45	50	52	53	55	55	58	59	63	0	1	2	0	2	2	2	3	4	2	2	9	9	2	12	15	11	8	18	0	18	21	22	23	24	25	23	26	27	26	30	1	6	3	1	2	3	5	1	3	5	5	1	2	6	1	1	3	4	1	1	4	3	5	4	1	1	5	1	2	2	2
91000	-228.297896097952901	-235.153384048912272	6.855487950959373	0.000080000000000	0.000020000000000	0.250000000000000	0.392478157678347	-1	10	16	13	15	17	18	17	17	19	20	20	20	21	23	24	24	24	25	25	29	36	44	50	52	54	56	56	58	59	63	0	1	2	0	2	2	2	3	4	7	6	9	9	11	12	13	6	8	18	0	18	18	22	23	24	25	25	26	27	26	29	1	8	3	1	3	3	4	1	3	1	2	2	2	1	1	2	3	3	1	1	2	8	4	3	1	1	3	1	1	2	2
91500	-237.761825492145533	-244.617313443104905	6.855487950959373	0.000080000000000	0.000020000000000	0.250000000000000	0.405420544715837	0	12	15	13	15	17	19	19	18	18	21	19	20	22	22	22	26	22	23	27	30	36	44	51	52	56	54	57	58	61	63	0	1	2	0	2	2	2	2	4	2	6	9	9	2	12	13	2	8	18	0	19	19	22	23	24	24	25	27	27	26	29	1	6	1	1	2	2	4	3	2	2	2	1	1	4	2	2	7	1	1	1	4	5	4	5	1	3	1	2	2	3	3
92000	-228.616820607136020	-235.472308558095392	6.855487950959373	0.000080000000000	0.000020000000000	0.250000000000000	0.387222137747242	-1	11	16	13	15	16	16	19	15	18	20	20	19	23	23	23	25	23	25	24	30	35	45	50	52	55	56	56	57	60	62	0	1	5	0	2	2	2	5	4	6	2	9	9	2	12	13	11	8	18	0	18	21	22	23	24	24	25	25	24	27	30	1	6	1	1	2	3	2	3	1	1	5	2	2	6	2	2	2	2	1	1	3	3	4	3	1	2	2	3	4	2	1
92500	-228.589971799189613	-235.445459750148984	6.855487950959373	0.000080000000000	0.000020000000000	0.250000000000000	0.391403910255858	0	11	15	12	15	16	18	18	18	18	20	19	21	23	21	24	24	24	25	25	30	35	43	50	53	54	57	56	58	60	64	0	1	2	0	2	3	2	3	4	2	6	9	9	11	9	13	8	8	18	0	18	21	22	23	24	25	24	26	26	27	27	1	5	3	1	2	1	3	1	2	4	2	1	1	2	2	2	3	4	1	1	4	2	3	3	1	1	3	1	2	2	3
93000	-237.214106746242209	-244.069594697201580	6.855487950959373	0.000080000000000	0.000020000000000	0.250000000000000	0.461902766105267	0	11	15	13	14	17	18	19	17	17	20	19	20	21	23	25	25	23	25	26	29	35	44	51	52	56	55	55	58	61	62	0	1	5	0	2	2	10	3	4	2	6	9	4	11	9	15	3	2	18	0	18	18	22	23	24	24	25	25	25	29	28	1	7	1	1	1	3	1	2	2	3	1	1	4	1	3	2	5	6	1	1	3	5	5	4	1	2	2	2	3	1	3
93500	-218.281254131491067	-225.136742082450439	6.855487950959373	0.000080000000000	0.000020000000000	0.250000000000000	0.402009131274710	-1	12	16	13	14	16	17	18	17	18	17	19	20	22	21	24	24	26	23	26	30	35	44	51	53	55	56	56	58	61	63	0	1	5	0	2	2	2	3	4	2	2	9	9	11	12	13	11	19	8	0	18	18	22	23	24	24	26	26	24	27	29	1	8	2	1	1	2	3	1	2	3	3	1	1	2	1	2	3	2	2	1	2	4	4	4	1	2	1	1	4	3	3
94000	-219.922005051891205	-226.777493002850576	6.855487950959373	0.000080000000000	0.000020000000000	0.250000000000000	0.423951056312455	-1	11	16	14	14	16	17	18	17	19	21	19	19	22	22	23	25	25	24	27	30	34	44	49	53	54	55	56	57	61	63	0	1	5	0	2	2	2	2	4	7	6	9	9	11	12	13	11	19	8	0	19	18	22	23	24	25	25	26	25	29	29	1	6	2	1	2	2	3	4	1	1	3	2	1	1	2	2	2	1	3	1	3	5	5	3	3	1	1	1	2	2	4
94500	-219.639846040207743	-226.495333991167115	6.855487950959373	0.000080000000000	0.000020000000000	0.250000000000000	0.330064794499411	0	11	15	14	13	16	16	19	17	17	20	19	21	22	22	24	26	26	24	25	29	36	45	51	52	55	57	56	58	60	63	0	1	5	0	2	2	2	3	4	7	6	9	9	11	9	13	8	19	8	0	19	19	22	23	23	25	24	25	26	24	29	1	5	1	1	1	3	2	3	1	1	2	2	2	1	2	3	3	1	3	1	3	6	4	2	3	2	2	2	2	4	3
95000	-220.497291314360524	-227.352779265319896	6.855487950959373	0.000080000000000	0.000020000000000	0.250000000000000	0.499657015063155	0	11	16	13	15	16	17	18	17	19	20	19	20	22	22	24	25	26	24	27	30	35	45	50	53	54	56	57	58	60	62	0	1	2	0	2	2	2	3	4	7	6	9	9	11	12	13	7	19	2	0	19	19	22	23	24	25	26	24	25	27	28	1	6	3	1	2	2	4	1	3	1	3	1	2	2	2	2	4	1	5	1	3	4	7	2	2	1	1	4	2	2	2
95500	-229.417849313432782	-236.273337264392154	6.855487950959373	0.000080000000000	0.000020000000000	0.250000000000000	0.434048149431356	0	11	15	14	14	15	19	17	17	18	20	19	20	22	23	24	25	25	23	26	30	33	43	51	53	54	56	57	59	58	62	0	1	2	0	2	2	10	2	4	2	6	9	4	11	13	13	11	19	10	0	19	19	22	23	24	25	26	26	30	27	29	1	5	2	1	1	2	1	3	1	4	4	1	3	2	2	2	3	1	3	1	3	4	4	5	1	1	1	1	1	1	1
96000	-228.985180679519175	-235.840668630478547	6.855487950959373	0.000080000000000	0.000020000000000	0.250000000000000	0.385887155538875	-1	12	15	14	14	17	18	18	16	18	20	17	19	22	21	23	24	25	24	27	30	35	44	51	53	55	56	56	58	60	62	0	1	5	0	2	2	2	2	4	2	6	9	9	6	12	12	7	8	2	0	18	19	22	23	24	25	24	26	27	24	29	1	6	1	1	1	2	5	3	2	3	1	1	2	2	2	3	2	4	5	1	3	4	4	4	1	1	2	1	1	4	3
96500	-219.521453188123047	-226.376941139082419	6.855487950959373	0.000080000000000	0.000020000000000	0.250000000000000	0.376974984041355	-1	11	14	14	16	16	19	18	17	18	20	19	20	22	22	23	25	25	24	26	30	36	45	51	52	54	56	56	58	60	63	0	1	2	0	2	2	2	3	4	2	6	9	4	11	9	9	5	8	8	0	18	19	22	23	24	24	25	26	24	26	29	1	5	1	1	3	3	4	3	2	3	2	1	3	1	4	3	4	3	2	1	3	7	4	4	1	2	2	1	4	3	2
97000	-230.887649210923968	-237.743137161883340	6.855487950959373	0.000080000000000	0.000020000000000	0.250000000000000	0.432869402778895	-1	12	15	13	16	17	19	17	17	18	18	20	21	23	20	23	25	26	24	24	30	36	44	50	52	54	56	55	59	60	63	0	1	2	0	3	2	10	3	4	2	6	9	9	11	9	4	2	8	8	0	18	18	22	23	24	25	25	26	27	26	27	1	5	1	1	1	2	1	1	2	2	1	2	2	2	2	3	5	4	3	1	2	4	4	2	1	1	2	1	2	2	3
97500	-234.828466645513089	-241.683954596472461	6.855487950959373	0.000080000000000	0.000020000000000	0.250000000000000	0.452573434013089	0	12	16	13	15	17	19	19	16	17	20	19	21	23	22	24	26	26	24	26	31	35	44	50	53	55	54	57	57	58	64	0	1	5	0	2	2	10	6	4	2	6	9	4	11	12	9	6	19	8	0	18	19	22	22	24	25	25	27	26	27	29	1	5	1	1	1	3	1	1	2	3	2	2	4	1	1	4	3	1	4	1	2	5	5	7	1	1	1	2	1	2	4
98000	-247.524651583403767	-254.380139534363138	6.855487950959373	0.000080000000000	0.000020000000000	0.250000000000000	0.388669199863143	0	12	16	13	14	15	18	18	17	18	17	19	20	23	22	23	26	25	25	26	31	36	44	51	53	55	55	56	58	59	63	0	1	2	0	2	2	2	2	4	2	6	9	9	6	9	9	3	2	2	0	18	18	22	22	24	24	25	27	28	27	26	1	5	2	1	1	2	3	3	2	3	1	1	2	5	3	4	5	5	6	1	2	5	3	9	2	3	1	1	1	2	4
98500	-252.524077012818424	-259.379564963777796	6.855487950959373	0.000080000000000	0.000020000000000	0.250000000000000	0.312032182550191	0	12	14	13	16	15	18	18	14	19	20	20	20	23	23	24	25	26	24	25	30	35	43	49	52	55	57	56	58	61	61	0	1	2	0	3	2	2	3	4	2	6	9	9	2	9	12	2	2	8	0	18	19	22	23	24	25	26	26	26	27	24	1	8	1	1	1	2	4	1	1	3	2	5	3	6	5	1	6	7	3	1	2	6	3	4	2	2	1	1	2	2	6
99000	-236.302419493676979	-243.157907444636351	6.855487950959373	0.000080000000000	0.000020000000000	0.250000000000000	0.590265469338349	0	12	16	13	15	16	19	18	18	18	20	19	20	22	23	25	25	26	24	26	31	36	44	51	52	54	55	56	58	61	61	0	1	5	0	2	2	10	5	4	2	6	9	9	6	12	13	3	19	8	0	19	19	22	22	24	25	26	27	28	27	24	1	6	1	1	1	2	1	1	2	4	2	1	1	4	2	3	3	1	3	1	4	6	3	7	1	1	1	1	1	3	5
99500	-226.141608308309173	-232.997096259268545	6.855487950959373	0.000080000000000	0.000020000000000	0.250000000000000	0.465263261496718	0	11	16	12	15	16	17	18	16	17	21	18	20	23	22	25	24	25	24	27	29	36	44	49	52	54	57	56	58	60	62	0	1	5	0	2	2	2	3	4	2	6	9	12	11	12	13	11	19	8	0	18	19	22	22	23	25	26	26	27	27	27	1	6	1	1	3	2	3	1	2	3	2	2	1	1	2	3	1	1	2	1	2	5	3	8	4	1	2	1	1	2	3
100000	-227.458363024680125	-234.313850975639497	6.855487950959373	0.000080000000000	0.000020000000000	0.250000000000000	0.321157621731260	-1	12	13	13	15	16	19	18	17	18	19	20	20	21	23	25	25	24	24	27	30	35	44	51	51	54	56	55	58	60	62	0	1	2	0	3	2	2	3	4	2	2	9	9	2	9	13	10	8	8	0	18	19	22	23	23	24	28	24	27	27	29	1	6	1	1	1	2	3	3	2	5	3	2	2	4	3	3	6	3	2	1	3	5	4	3	4	2	1	2	1	2	2