step	p_accept_mu1	p_accept_gamma	p_accept_pi	p_accept_Tinf	sigma_mu1	sigma_gamma	sigma_pi	n_like_zero
1		1.00000	1.00000	1.00000	1.00000	0.000100000000000	1.000000000000000	0.010000000000000	0
500		0.96393	0.13026	1.00000	0.16254	0.000100000000000	1.000000000000000	0.010000000000000	0
1000		0.96800	0.22200	0.91400	0.15891	0.000150000000000	0.666666666666667	0.015000000000000	0
1500		0.99000	0.41400	0.91400	0.15379	0.000225000000000	0.444444444444444	0.022500000000000	0
2000		0.98000	0.44800	0.85800	0.14558	0.000337500000000	0.444444444444444	0.033750000000000	0
2500		0.96800	0.44733	0.75000	0.13997	0.000506250000000	0.444444444444444	0.050625000000000	0
3000		0.96200	0.46000	0.67400	0.13541	0.000759375000000	0.444444444444444	0.075937500000000	0
3500		0.96400	0.45960	0.51000	0.13075	0.001139062500000	0.444444444444444	0.113906250000000	0
4000		0.92800	0.46967	0.41000	0.12757	0.001708593750000	0.444444444444444	0.170859375000000	0
4500		0.94000	0.47657	0.39700	0.12507	0.002562890625000	0.444444444444444	0.170859375000000	0
5000		0.86400	0.47700	0.38800	0.12410	0.003844335937500	0.444444444444444	0.170859375000000	0
5500		0.87000	0.47711	0.37550	0.12290	0.005766503906250	0.444444444444444	0.170859375000000	0
6000		0.87000	0.47840	0.36880	0.12116	0.008649755859375	0.444444444444444	0.170859375000000	0
6500		0.89600	0.48164	0.37300	0.12115	0.012974633789063	0.444444444444444	0.170859375000000	0
7000		0.90400	0.48483	0.37114	0.12056	0.019461950683594	0.444444444444444	0.170859375000000	0
7500		0.87000	0.48708	0.37175	0.12098	0.029192926025391	0.444444444444444	0.170859375000000	0
8000		0.82000	0.48400	0.36578	0.12081	0.043789389038086	0.444444444444444	0.170859375000000	0
8500		0.74600	0.48560	0.36280	0.12067	0.065684083557129	0.444444444444444	0.170859375000000	0
9000		0.67000	0.48638	0.36073	0.12069	0.098526125335693	0.444444444444444	0.170859375000000	0
9500		0.55000	0.48812	0.36117	0.12061	0.147789188003540	0.444444444444444	0.170859375000000	0
10000		0.43600	0.49156	0.36077	0.12081	0.221683782005310	0.444444444444444	0.170859375000000	0
10500		0.41000	0.49189	0.36543	0.12097	0.221683782005310	0.444444444444444	0.170859375000000	0
11000		0.39933	0.49190	0.36627	0.12099	0.221683782005310	0.444444444444444	0.170859375000000	0
11500		0.39850	0.49410	0.36525	0.12114	0.221683782005310	0.444444444444444	0.170859375000000	0
12000		0.39320	0.49264	0.36529	0.12181	0.221683782005310	0.444444444444444	0.170859375000000	0
12500		0.39400	0.49400	0.36667	0.12195	0.221683782005310	0.444444444444444	0.170859375000000	0
13000		0.38943	0.49342	0.36705	0.12220	0.221683782005310	0.444444444444444	0.170859375000000	0
13500		0.38775	0.49296	0.36780	0.12285	0.221683782005310	0.444444444444444	0.170859375000000	0
14000		0.38422	0.49385	0.36848	0.12363	0.221683782005310	0.444444444444444	0.170859375000000	0
14500		0.38360	0.49363	0.36900	0.12434	0.221683782005310	0.444444444444444	0.170859375000000	0
15000		0.38436	0.49293	0.37052	0.12430	0.221683782005310	0.444444444444444	0.170859375000000	0
15500		0.38317	0.49159	0.37142	0.12440	0.221683782005310	0.444444444444444	0.170859375000000	0
16000		0.38354	0.49180	0.37280	0.12456	0.221683782005310	0.444444444444444	0.170859375000000	0
16500		0.38086	0.49148	0.37385	0.12474	0.221683782005310	0.444444444444444	0.170859375000000	0
17000		0.38053	0.49106	0.37437	0.12483	0.221683782005310	0.444444444444444	0.170859375000000	0
17500		0.38375	0.49085	0.37550	0.12501	0.221683782005310	0.444444444444444	0.170859375000000	0
18000		0.38365	0.49118	0.37662	0.12495	0.221683782005310	0.444444444444444	0.170859375000000	0
18500		0.38011	0.49126	0.37667	0.12487	0.221683782005310	0.444444444444444	0.170859375000000	0
19000		0.38021	0.49167	0.37652	0.12478	0.221683782005310	0.444444444444444	0.170859375000000	0
19500		0.38000	0.49151	0.37638	0.12473	0.221683782005310	0.444444444444444	0.170859375000000	0
20000		0.38019	0.49211	0.37594	0.12479	0.221683782005310	0.444444444444444	0.170859375000000	0
20500		0.38100	0.49205	0.37647	0.12485	0.221683782005310	0.444444444444444	0.170859375000000	0
21000		0.38209	0.49285	0.37709	0.12501	0.221683782005310	0.444444444444444	0.170859375000000	0
21500		0.38192	0.49302	0.37550	0.12523	0.221683782005310	0.444444444444444	0.170859375000000	0
22000		0.38136	0.49395	0.37557	0.12509	0.221683782005310	0.444444444444444	0.170859375000000	0
22500		0.38185	0.49367	0.37511	0.12511	0.221683782005310	0.444444444444444	0.170859375000000	0
23000		0.38133	0.49323	0.37400	0.12460	0.221683782005310	0.444444444444444	0.170859375000000	0
23500		0.37979	0.49284	0.37425	0.12474	0.221683782005310	0.444444444444444	0.170859375000000	0
24000		0.38152	0.49335	0.37312	0.12464	0.221683782005310	0.444444444444444	0.170859375000000	0
24500		0.38260	0.49357	0.37310	0.12466	0.221683782005310	0.444444444444444	0.170859375000000	0
25000		0.38129	0.49429	0.37251	0.12485	0.221683782005310	0.444444444444444	0.170859375000000	0
25500		0.38175	0.49473	0.37232	0.12488	0.221683782005310	0.444444444444444	0.170859375000000	0
26000		0.38103	0.49512	0.37409	0.12484	0.221683782005310	0.444444444444444	0.170859375000000	0
26500		0.38153	0.49486	0.37483	0.12481	0.221683782005310	0.444444444444444	0.170859375000000	0
27000		0.38189	0.49438	0.37532	0.12464	0.221683782005310	0.444444444444444	0.170859375000000	0
27500		0.38161	0.49381	0.37550	0.12465	0.221683782005310	0.444444444444444	0.170859375000000	0
28000		0.38092	0.49404	0.37469	0.12473	0.221683782005310	0.444444444444444	0.170859375000000	0
28500		0.38126	0.49353	0.37532	0.12444	0.221683782005310	0.444444444444444	0.170859375000000	0
29000		0.38133	0.49343	0.37537	0.12445	0.221683782005310	0.444444444444444	0.170859375000000	0
29500		0.38085	0.49351	0.37462	0.12414	0.221683782005310	0.444444444444444	0.170859375000000	0
30000		0.38039	0.49386	0.37517	0.12426	0.221683782005310	0.444444444444444	0.170859375000000	0
30500		0.38000	0.49322	0.37526	0.12428	0.221683782005310	0.444444444444444	0.170859375000000	0
31000		0.37888	0.49307	0.37589	0.12437	0.221683782005310	0.444444444444444	0.170859375000000	0
31500		0.37836	0.49308	0.37582	0.12428	0.221683782005310	0.444444444444444	0.170859375000000	0
32000		0.37898	0.49303	0.37554	0.12420	0.221683782005310	0.444444444444444	0.170859375000000	0
32500		0.37957	0.49352	0.37562	0.12426	0.221683782005310	0.444444444444444	0.170859375000000	0
33000		0.37940	0.49406	0.37617	0.12428	0.221683782005310	0.444444444444444	0.170859375000000	0
33500		0.37933	0.49388	0.37623	0.12424	0.221683782005310	0.444444444444444	0.170859375000000	0
34000		0.37906	0.49430	0.37633	0.12439	0.221683782005310	0.444444444444444	0.170859375000000	0
34500		0.37936	0.49469	0.37665	0.12419	0.221683782005310	0.444444444444444	0.170859375000000	0
35000		0.37973	0.49491	0.37635	0.12421	0.221683782005310	0.444444444444444	0.170859375000000	0
35500		0.38050	0.49470	0.37588	0.12433	0.221683782005310	0.444444444444444	0.170859375000000	0
36000		0.38189	0.49486	0.37560	0.12434	0.221683782005310	0.444444444444444	0.170859375000000	0
36500		0.38152	0.49507	0.37530	0.12425	0.221683782005310	0.444444444444444	0.170859375000000	0
37000		0.38135	0.49572	0.37546	0.12415	0.221683782005310	0.444444444444444	0.170859375000000	0
37500		0.38200	0.49630	0.37503	0.12394	0.221683782005310	0.444444444444444	0.170859375000000	0
38000		0.38186	0.49630	0.37562	0.12398	0.221683782005310	0.444444444444444	0.170859375000000	0
38500		0.38148	0.49616	0.37614	0.12421	0.221683782005310	0.444444444444444	0.170859375000000	0
39000		0.38122	0.49508	0.37631	0.12436	0.221683782005310	0.444444444444444	0.170859375000000	0
39500		0.38147	0.49475	0.37636	0.12424	0.221683782005310	0.444444444444444	0.170859375000000	0
40000		0.38190	0.49431	0.37630	0.12426	0.221683782005310	0.444444444444444	0.170859375000000	0
40500		0.38184	0.49448	0.37624	0.12432	0.221683782005310	0.444444444444444	0.170859375000000	0
41000		0.38137	0.49490	0.37613	0.12419	0.221683782005310	0.444444444444444	0.170859375000000	0
41500		0.38141	0.49462	0.37663	0.12427	0.221683782005310	0.444444444444444	0.170859375000000	0
42000		0.38148	0.49398	0.37668	0.12440	0.221683782005310	0.444444444444444	0.170859375000000	0
42500		0.38152	0.49325	0.37685	0.12445	0.221683782005310	0.444444444444444	0.170859375000000	0
43000		0.38143	0.49324	0.37706	0.12448	0.221683782005310	0.444444444444444	0.170859375000000	0
43500		0.38185	0.49322	0.37728	0.12440	0.221683782005310	0.444444444444444	0.170859375000000	0
44000		0.38214	0.49323	0.37699	0.12451	0.221683782005310	0.444444444444444	0.170859375000000	0
44500		0.38189	0.49320	0.37688	0.12451	0.221683782005310	0.444444444444444	0.170859375000000	0
45000		0.38135	0.49332	0.37655	0.12461	0.221683782005310	0.444444444444444	0.170859375000000	0
45500		0.38142	0.49312	0.37681	0.12465	0.221683782005310	0.444444444444444	0.170859375000000	0
46000		0.38197	0.49322	0.37722	0.12477	0.221683782005310	0.444444444444444	0.170859375000000	0
46500		0.38222	0.49358	0.37747	0.12479	0.221683782005310	0.444444444444444	0.170859375000000	0
47000		0.38189	0.49387	0.37699	0.12485	0.221683782005310	0.444444444444444	0.170859375000000	0
47500		0.38192	0.49445	0.37720	0.12486	0.221683782005310	0.444444444444444	0.170859375000000	0
48000		0.38187	0.49436	0.37690	0.12499	0.221683782005310	0.444444444444444	0.170859375000000	0
48500		0.38187	0.49432	0.37720	0.12511	0.221683782005310	0.444444444444444	0.170859375000000	0
49000		0.38147	0.49458	0.37703	0.12505	0.221683782005310	0.444444444444444	0.170859375000000	0
49500		0.38203	0.49433	0.37698	0.12500	0.221683782005310	0.444444444444444	0.170859375000000	0
50000		0.38183	0.49449	0.37695	0.12494	0.221683782005310	0.444444444444444	0.170859375000000	0
50500		0.38241	0.49453	0.37694	0.12489	0.221683782005310	0.444444444444444	0.170859375000000	0
51000		0.38224	0.49474	0.37688	0.12486	0.221683782005310	0.444444444444444	0.170859375000000	0
51500		0.38269	0.49477	0.37660	0.12493	0.221683782005310	0.444444444444444	0.170859375000000	0
52000		0.38256	0.49465	0.37652	0.12506	0.221683782005310	0.444444444444444	0.170859375000000	0
52500		0.38300	0.49435	0.37686	0.12497	0.221683782005310	0.444444444444444	0.170859375000000	0
53000		0.38299	0.49435	0.37717	0.12488	0.221683782005310	0.444444444444444	0.170859375000000	0
53500		0.38345	0.49465	0.37668	0.12490	0.221683782005310	0.444444444444444	0.170859375000000	0
54000		0.38387	0.49472	0.37693	0.12485	0.221683782005310	0.444444444444444	0.170859375000000	0
54500		0.38358	0.49480	0.37684	0.12491	0.221683782005310	0.444444444444444	0.170859375000000	0
55000		0.38316	0.49430	0.37693	0.12510	0.221683782005310	0.444444444444444	0.170859375000000	0
55500		0.38322	0.49428	0.37660	0.12522	0.221683782005310	0.444444444444444	0.170859375000000	0
56000		0.38295	0.49447	0.37651	0.12522	0.221683782005310	0.444444444444444	0.170859375000000	0
56500		0.38300	0.49483	0.37662	0.12518	0.221683782005310	0.444444444444444	0.170859375000000	0
57000		0.38314	0.49484	0.37641	0.12518	0.221683782005310	0.444444444444444	0.170859375000000	0
57500		0.38312	0.49496	0.37607	0.12512	0.221683782005310	0.444444444444444	0.170859375000000	0
58000		0.38297	0.49482	0.37571	0.12511	0.221683782005310	0.444444444444444	0.170859375000000	0
58500		0.38316	0.49473	0.37573	0.12504	0.221683782005310	0.444444444444444	0.170859375000000	0
59000		0.38279	0.49457	0.37605	0.12516	0.221683782005310	0.444444444444444	0.170859375000000	0
59500		0.38264	0.49465	0.37591	0.12525	0.221683782005310	0.444444444444444	0.170859375000000	0
60000		0.38263	0.49471	0.37593	0.12532	0.221683782005310	0.444444444444444	0.170859375000000	0
60500		0.38224	0.49429	0.37577	0.12528	0.221683782005310	0.444444444444444	0.170859375000000	0
61000		0.38217	0.49420	0.37548	0.12519	0.221683782005310	0.444444444444444	0.170859375000000	0
61500		0.38190	0.49410	0.37548	0.12526	0.221683782005310	0.444444444444444	0.170859375000000	0
62000		0.38183	0.49421	0.37590	0.12530	0.221683782005310	0.444444444444444	0.170859375000000	0
62500		0.38143	0.49400	0.37622	0.12536	0.221683782005310	0.444444444444444	0.170859375000000	0
63000		0.38159	0.49398	0.37652	0.12547	0.221683782005310	0.444444444444444	0.170859375000000	0
63500		0.38156	0.49414	0.37638	0.12541	0.221683782005310	0.444444444444444	0.170859375000000	0
64000		0.38183	0.49411	0.37625	0.12533	0.221683782005310	0.444444444444444	0.170859375000000	0
64500		0.38169	0.49430	0.37626	0.12526	0.221683782005310	0.444444444444444	0.170859375000000	0
65000		0.38207	0.49416	0.37607	0.12519	0.221683782005310	0.444444444444444	0.170859375000000	0
65500		0.38200	0.49411	0.37624	0.12512	0.221683782005310	0.444444444444444	0.170859375000000	0
66000		0.38189	0.49388	0.37630	0.12506	0.221683782005310	0.444444444444444	0.170859375000000	0
66500		0.38200	0.49359	0.37638	0.12510	0.221683782005310	0.444444444444444	0.170859375000000	0
67000		0.38153	0.49347	0.37674	0.12520	0.221683782005310	0.444444444444444	0.170859375000000	0
67500		0.38133	0.49311	0.37705	0.12524	0.221683782005310	0.444444444444444	0.170859375000000	0
68000		0.38149	0.49318	0.37712	0.12512	0.221683782005310	0.444444444444444	0.170859375000000	0
68500		0.38176	0.49336	0.37708	0.12515	0.221683782005310	0.444444444444444	0.170859375000000	0
69000		0.38155	0.49347	0.37713	0.12521	0.221683782005310	0.444444444444444	0.170859375000000	0
69500		0.38170	0.49390	0.37742	0.12518	0.221683782005310	0.444444444444444	0.170859375000000	0
70000		0.38154	0.49400	0.37728	0.12521	0.221683782005310	0.444444444444444	0.170859375000000	0
70500		0.38136	0.49410	0.37725	0.12522	0.221683782005310	0.444444444444444	0.170859375000000	0
71000		0.38143	0.49420	0.37747	0.12523	0.221683782005310	0.444444444444444	0.170859375000000	0
71500		0.38144	0.49383	0.37749	0.12527	0.221683782005310	0.444444444444444	0.170859375000000	0
72000		0.38182	0.49352	0.37724	0.12525	0.221683782005310	0.444444444444444	0.170859375000000	0
72500		0.38206	0.49383	0.37741	0.12513	0.221683782005310	0.444444444444444	0.170859375000000	0
73000		0.38243	0.49367	0.37750	0.12516	0.221683782005310	0.444444444444444	0.170859375000000	0
73500		0.38248	0.49356	0.37766	0.12522	0.221683782005310	0.444444444444444	0.170859375000000	0
74000		0.38233	0.49360	0.37765	0.12511	0.221683782005310	0.444444444444444	0.170859375000000	0
74500		0.38222	0.49359	0.37727	0.12521	0.221683782005310	0.444444444444444	0.170859375000000	0
75000		0.38217	0.49350	0.37736	0.12526	0.221683782005310	0.444444444444444	0.170859375000000	0
75500		0.38220	0.49385	0.37764	0.12524	0.221683782005310	0.444444444444444	0.170859375000000	0
76000		0.38232	0.49395	0.37761	0.12520	0.221683782005310	0.444444444444444	0.170859375000000	0
76500		0.38231	0.49400	0.37756	0.12527	0.221683782005310	0.444444444444444	0.170859375000000	0
77000		0.38218	0.49405	0.37770	0.12525	0.221683782005310	0.444444444444444	0.170859375000000	0
77500		0.38254	0.49410	0.37773	0.12532	0.221683782005310	0.444444444444444	0.170859375000000	0
78000		0.38241	0.49401	0.37785	0.12543	0.221683782005310	0.444444444444444	0.170859375000000	0
78500		0.38257	0.49427	0.37800	0.12547	0.221683782005310	0.444444444444444	0.170859375000000	0
79000		0.38217	0.49445	0.37811	0.12559	0.221683782005310	0.444444444444444	0.170859375000000	0
79500		0.38229	0.49465	0.37811	0.12556	0.221683782005310	0.444444444444444	0.170859375000000	0
80000		0.38217	0.49462	0.37810	0.12559	0.221683782005310	0.444444444444444	0.170859375000000	0
80500		0.38206	0.49458	0.37791	0.12554	0.221683782005310	0.444444444444444	0.170859375000000	0
81000		0.38208	0.49433	0.37766	0.12562	0.221683782005310	0.444444444444444	0.170859375000000	0
81500		0.38224	0.49411	0.37767	0.12563	0.221683782005310	0.444444444444444	0.170859375000000	0
82000		0.38226	0.49410	0.37778	0.12555	0.221683782005310	0.444444444444444	0.170859375000000	0
82500		0.38203	0.49417	0.37771	0.12550	0.221683782005310	0.444444444444444	0.170859375000000	0
83000		0.38210	0.49430	0.37770	0.12545	0.221683782005310	0.444444444444444	0.170859375000000	0
83500		0.38219	0.49448	0.37762	0.12540	0.221683782005310	0.444444444444444	0.170859375000000	0
84000		0.38211	0.49437	0.37719	0.12544	0.221683782005310	0.444444444444444	0.170859375000000	0
84500		0.38203	0.49436	0.37715	0.12552	0.221683782005310	0.444444444444444	0.170859375000000	0
85000		0.38201	0.49438	0.37706	0.12558	0.221683782005310	0.444444444444444	0.170859375000000	0
85500		0.38200	0.49478	0.37724	0.12559	0.221683782005310	0.444444444444444	0.170859375000000	0
86000		0.38195	0.49505	0.37726	0.12554	0.221683782005310	0.444444444444444	0.170859375000000	0
86500		0.38205	0.49508	0.37753	0.12554	0.221683782005310	0.444444444444444	0.170859375000000	0
87000		0.38200	0.49505	0.37765	0.12562	0.221683782005310	0.444444444444444	0.170859375000000	0
87500		0.38191	0.49499	0.37764	0.12568	0.221683782005310	0.444444444444444	0.170859375000000	0
88000		0.38189	0.49484	0.37764	0.12568	0.221683782005310	0.444444444444444	0.170859375000000	0
88500		0.38187	0.49486	0.37778	0.12565	0.221683782005310	0.444444444444444	0.170859375000000	0
89000		0.38187	0.49476	0.37795	0.12568	0.221683782005310	0.444444444444444	0.170859375000000	0
89500		0.38188	0.49470	0.37801	0.12572	0.221683782005310	0.444444444444444	0.170859375000000	0
90000		0.38191	0.49458	0.37794	0.12565	0.221683782005310	0.444444444444444	0.170859375000000	0
90500		0.38205	0.49466	0.37803	0.12561	0.221683782005310	0.444444444444444	0.170859375000000	0
91000		0.38169	0.49474	0.37792	0.12557	0.221683782005310	0.444444444444444	0.170859375000000	0
91500		0.38188	0.49484	0.37801	0.12555	0.221683782005310	0.444444444444444	0.170859375000000	0
92000		0.38199	0.49485	0.37795	0.12548	0.221683782005310	0.444444444444444	0.170859375000000	0
92500		0.38200	0.49474	0.37796	0.12543	0.221683782005310	0.444444444444444	0.170859375000000	0
93000		0.38177	0.49465	0.37779	0.12550	0.221683782005310	0.444444444444444	0.170859375000000	0
93500		0.38192	0.49469	0.37774	0.12551	0.221683782005310	0.444444444444444	0.170859375000000	0
94000		0.38191	0.49463	0.37780	0.12550	0.221683782005310	0.444444444444444	0.170859375000000	0
94500		0.38192	0.49462	0.37756	0.12548	0.221683782005310	0.444444444444444	0.170859375000000	0
95000		0.38185	0.49463	0.37734	0.12549	0.221683782005310	0.444444444444444	0.170859375000000	0
95500		0.38190	0.49453	0.37730	0.12544	0.221683782005310	0.444444444444444	0.170859375000000	0
96000		0.38215	0.49421	0.37742	0.12541	0.221683782005310	0.444444444444444	0.170859375000000	0
96500		0.38209	0.49402	0.37752	0.12543	0.221683782005310	0.444444444444444	0.170859375000000	0
97000		0.38214	0.49377	0.37750	0.12544	0.221683782005310	0.444444444444444	0.170859375000000	0
97500		0.38227	0.49387	0.37747	0.12542	0.221683782005310	0.444444444444444	0.170859375000000	0
98000		0.38243	0.49389	0.37741	0.12549	0.221683782005310	0.444444444444444	0.170859375000000	0
98500		0.38237	0.49375	0.37727	0.12559	0.221683782005310	0.444444444444444	0.170859375000000	0
99000		0.38232	0.49382	0.37720	0.12560	0.221683782005310	0.444444444444444	0.170859375000000	0
99500		0.38227	0.49369	0.37719	0.12563	0.221683782005310	0.444444444444444	0.170859375000000	0
100000		0.38207	0.49357	0.37736	0.12571	0.221683782005310	0.444444444444444	0.170859375000000	0