step	post	like	prior	mu1	mu2	gamma	pi	Tinf_1	Tinf_2	Tinf_3	Tinf_4	Tinf_5	Tinf_6	Tinf_7	Tinf_8	Tinf_9	Tinf_10	Tinf_11	Tinf_12	Tinf_13	Tinf_14	Tinf_15	Tinf_16	Tinf_17	Tinf_18	Tinf_19	Tinf_20	Tinf_21	Tinf_22	Tinf_23	Tinf_24	Tinf_25	Tinf_26	Tinf_27	Tinf_28	Tinf_29	Tinf_30	alpha_1	alpha_2	alpha_3	alpha_4	alpha_5	alpha_6	alpha_7	alpha_8	alpha_9	alpha_10	alpha_11	alpha_12	alpha_13	alpha_14	alpha_15	alpha_16	alpha_17	alpha_18	alpha_19	alpha_20	alpha_21	alpha_22	alpha_23	alpha_24	alpha_25	alpha_26	alpha_27	alpha_28	alpha_29	alpha_30	kappa_1	kappa_2	kappa_3	kappa_4	kappa_5	kappa_6	kappa_7	kappa_8	kappa_9	kappa_10	kappa_11	kappa_12	kappa_13	kappa_14	kappa_15	kappa_16	kappa_17	kappa_18	kappa_19	kappa_20	kappa_21	kappa_22	kappa_23	kappa_24	kappa_25	kappa_26	kappa_27	kappa_28	kappa_29	kappa_30
1	-1327.682540084470929	-1326.220457999952032	-1.462082084518882	0.000010000000000	0.000010000000000	1.000000000000000	0.984770383411532	3	5	7	7	8	8	9	9	8	10	11	12	12	11	13	13	15	14	16	16	19	17	17	17	18	23	22	23	26	26	0	1	1	1	1	1	1	1	1	1	1	1	1	1	1	1	1	1	1	1	1	1	1	1	1	1	1	1	1	1	1	1	2	2	3	3	3	3	3	4	4	5	5	4	5	5	6	6	7	7	8	7	7	7	8	10	10	10	12	12
500	-321.244968675146481	-318.823138163393253	-2.421830511753208	0.000010004730403	0.000035213954732	3.519730498926973	0.369897329950267	4	6	6	6	8	9	8	10	9	10	11	12	13	11	12	13	16	13	17	14	19	17	17	18	18	24	21	22	27	26	0	1	1	1	1	5	1	7	7	7	5	9	11	5	5	14	18	5	14	13	16	11	20	20	20	25	25	22	27	26	1	2	1	1	4	1	3	1	1	1	2	1	1	2	3	1	1	2	3	1	2	4	1	3	2	4	2	3	3	2
1000	-343.511964476735670	-340.385282742945321	-3.126681733790334	0.000010015117821	0.000059781588104	5.969134779474874	0.667494244071404	4	5	6	7	7	8	8	10	9	10	11	12	13	10	13	13	16	13	15	15	19	17	17	18	16	23	21	23	26	27	0	1	1	1	1	3	4	7	7	7	5	9	11	5	11	4	18	5	4	13	16	11	20	20	20	27	20	22	26	26	1	1	1	2	1	1	1	1	1	1	2	2	1	1	1	2	2	2	4	1	3	4	2	2	1	1	3	2	1	2
1500	-307.331299698748523	-304.792866173486289	-2.538433525262245	0.000009958774974	0.000038639993932	3.879994681255420	0.628137195756846	4	5	6	7	7	9	7	10	9	11	11	12	12	12	13	14	15	13	16	16	19	17	18	17	18	24	22	23	25	26	0	1	1	1	1	3	1	7	7	8	5	9	11	4	5	14	18	4	14	13	16	11	20	20	20	27	25	22	26	26	1	1	1	2	1	2	2	2	1	1	1	2	1	2	3	1	1	3	1	2	2	3	2	1	1	1	2	2	1	1
2000	-314.656982359843198	-311.808045826481020	-2.848936533362185	0.000010023540291	0.000049348032777	4.923213889203271	0.647730477249236	2	5	7	7	6	9	7	9	9	9	11	13	13	10	12	12	15	13	16	15	19	17	17	17	17	23	22	22	26	27	0	1	5	5	1	3	1	7	7	7	5	9	11	4	5	14	18	4	14	13	16	11	20	20	20	27	20	22	26	26	1	1	1	1	2	1	3	1	1	1	3	2	1	2	2	1	1	3	3	1	2	3	1	1	1	1	4	2	1	2
2500	-316.458313698965242	-314.308353609533185	-2.149960089432056	0.000010000235373	0.000027397913868	2.739726901020838	0.488221997309753	3	5	7	7	5	7	8	10	9	10	10	12	12	11	12	13	16	13	16	15	19	18	18	17	17	23	21	24	26	26	0	1	5	5	1	1	5	7	7	7	1	9	11	5	5	14	18	4	14	13	16	11	20	20	20	27	20	22	26	26	1	1	1	1	1	2	2	1	1	1	4	2	1	3	3	1	2	3	2	2	3	4	1	1	1	1	3	4	2	1
3000	-309.647902720621005	-307.214074399469098	-2.433828321151895	0.000010053517908	0.000035750827308	3.556051487114310	0.511542237621614	3	5	7	8	7	8	8	10	9	11	11	11	12	12	12	12	16	13	17	15	19	17	17	17	17	23	22	23	26	26	0	1	1	1	1	3	3	7	7	8	5	9	11	4	5	4	18	4	14	13	16	11	20	20	20	27	20	22	26	26	1	1	2	2	1	1	1	2	1	1	2	1	1	2	2	1	2	2	2	2	4	3	1	2	1	1	3	3	1	2
3500	-316.503988189918175	-314.237867387924723	-2.266120801993448	0.000010500963206	0.000032166908052	3.063234050177739	0.611833530571682	4	5	7	7	7	8	8	9	9	11	9	13	12	12	10	13	16	14	17	16	20	17	18	18	18	23	22	23	26	27	0	1	1	1	1	1	5	7	7	8	3	9	11	4	5	5	18	14	14	13	16	11	20	20	20	20	25	22	26	26	1	1	2	2	2	2	1	1	1	1	1	2	2	3	1	2	1	1	2	2	5	5	1	1	1	3	2	2	1	2
4000	-306.782665916155622	-304.619457770280917	-2.163208145874692	0.000011623669577	0.000032266470980	2.775928097938830	0.540649193897200	4	5	7	7	8	9	8	9	9	10	11	12	12	10	13	13	16	14	14	15	20	16	18	17	19	23	23	22	27	26	0	1	1	1	1	3	4	7	7	7	5	9	11	4	5	4	18	4	14	13	16	11	20	20	20	25	25	22	26	26	1	1	2	2	2	2	1	1	1	1	1	2	1	1	2	2	1	3	3	2	2	2	1	1	2	1	1	2	3	2
4500	-296.253304927621343	-293.903285540015304	-2.350019387606052	0.000012239634745	0.000040461999474	3.305817560540926	0.678801866086544	4	6	7	8	9	8	6	9	8	10	11	12	12	10	13	13	16	15	15	16	18	18	18	18	19	22	22	24	26	24	0	1	1	1	1	3	1	7	7	8	5	9	11	4	5	4	18	5	14	13	19	11	20	20	20	25	25	22	26	26	1	1	2	3	2	1	1	2	1	1	1	2	1	1	2	2	1	2	3	2	2	2	1	2	2	2	1	3	2	1
5000	-294.373286298793573	-292.142980336199344	-2.230305962594238	0.000015479143515	0.000045849217980	2.961999669850257	0.457300134890834	3	5	7	8	5	8	6	9	7	9	10	12	12	12	12	13	12	14	16	16	19	17	18	17	17	24	22	22	27	26	0	1	5	5	1	3	5	7	7	7	5	9	11	4	4	14	4	17	14	13	4	11	20	20	20	25	20	22	26	26	1	1	1	1	1	1	1	2	1	1	3	2	1	2	1	1	2	1	2	2	5	4	1	1	1	4	3	3	1	1
5500	-263.202218271679612	-261.475591083439042	-1.726627188240573	0.000021830122311	0.000036232404013	1.659743518503077	0.627571754600972	4	5	7	7	9	8	7	10	8	11	11	11	13	11	14	14	13	14	16	15	20	18	17	17	18	22	23	23	26	26	0	1	1	1	1	3	1	7	7	8	5	9	11	4	5	5	4	17	14	13	16	11	20	20	20	25	25	22	26	26	1	1	2	1	3	1	1	1	1	1	1	2	1	2	2	2	4	1	2	1	3	3	1	2	2	2	2	3	1	2
6000	-243.960230417332781	-242.439548514588921	-1.520681902743861	0.000034054994192	0.000039340382642	1.155201566621568	0.708266183248490	3	6	6	6	8	7	7	9	8	11	11	13	13	11	13	14	14	15	16	16	19	18	18	18	18	23	21	24	26	26	0	1	1	1	1	3	3	7	7	8	5	9	11	4	5	14	5	17	14	13	16	13	20	20	20	27	25	22	26	26	1	2	2	1	2	1	1	1	1	1	1	2	1	2	2	1	2	1	2	1	2	2	1	1	1	1	2	3	2	1
6500	-215.562047466045840	-213.944228144081507	-1.617819321964328	0.000125266855575	0.000029130803156	0.232549967207788	0.517252570490913	4	5	8	6	8	9	7	8	9	11	10	13	13	12	14	13	16	13	16	16	20	15	18	18	18	22	22	23	26	27	0	1	1	1	1	1	1	7	3	8	5	9	11	3	5	3	18	5	14	13	16	15	20	20	20	20	20	22	26	27	1	1	3	1	2	3	2	1	1	1	1	2	1	1	3	3	3	2	2	2	3	1	1	1	1	3	3	3	2	1
7000	-222.969712645045576	-221.138531606419065	-1.831181038626502	0.000261090585307	0.000044256295743	0.169505521202104	0.601034502556405	4	5	5	8	7	9	8	9	9	10	11	13	12	12	13	12	15	13	16	16	19	15	16	17	17	22	23	22	24	26	0	1	1	1	2	4	5	7	7	7	6	8	5	5	5	4	11	16	17	13	25	11	13	23	13	20	23	15	28	27	1	1	1	2	1	1	1	1	1	1	1	2	2	2	2	2	4	1	1	2	1	2	2	1	3	4	4	4	1	2
7500	-261.824552111042578	-259.827256881467576	-1.997295229575012	0.000316089217394	0.000043957535615	0.139066862125489	0.477554443037858	3	5	6	7	8	8	9	9	8	10	12	12	11	11	14	14	14	15	17	15	19	18	17	17	19	21	22	23	24	27	0	1	1	1	2	3	4	9	4	5	5	7	3	4	13	3	11	5	11	4	24	16	20	16	13	21	24	21	21	27	1	1	2	2	3	1	1	1	1	1	2	1	3	1	1	4	1	4	2	3	1	2	1	2	5	1	2	2	2	2
8000	-235.397628934456208	-233.483481509970176	-1.914147424486036	0.000287022846762	0.000043908388274	0.152978721969859	0.401853450857068	4	5	8	8	6	8	10	9	8	11	10	13	12	10	12	11	13	14	17	16	20	17	16	15	18	24	22	23	26	26	0	1	5	5	1	1	9	9	5	8	3	16	5	6	11	5	6	3	11	11	13	6	16	6	6	23	22	19	27	20	1	1	1	1	1	3	1	1	1	2	1	1	4	1	1	3	2	3	3	3	5	4	3	3	5	6	2	3	2	6
8500	-238.841427263484434	-237.152561011935461	-1.688866251548971	0.000233476005750	0.000048332477496	0.207012610742793	0.469330419463791	4	5	8	8	7	7	10	8	6	10	11	11	13	11	12	12	15	14	13	16	18	17	18	17	18	23	22	23	26	27	0	1	1	1	1	1	4	9	1	8	1	9	14	3	5	3	3	14	1	16	16	17	13	13	13	24	20	22	20	26	1	1	2	3	1	1	1	1	1	2	5	2	1	1	2	2	6	2	4	2	3	1	2	2	2	3	2	4	4	1
9000	-236.235215958626497	-234.569727700627709	-1.665488257998794	0.000207033023731	0.000044462562462	0.214760725899846	0.394695252480428	4	6	8	8	8	8	9	9	9	11	10	13	13	11	14	13	15	14	16	16	20	16	17	17	18	22	22	22	25	26	0	1	1	1	1	1	5	4	3	8	6	5	5	6	5	6	5	6	11	11	17	5	13	16	6	13	13	21	27	27	1	1	3	2	2	2	1	1	1	2	1	3	4	1	3	3	3	2	3	4	3	3	2	2	7	4	4	1	1	3
9500	-235.622849675700650	-234.018870092624610	-1.603979583076046	0.000270286031141	0.000064411686762	0.238309343957505	0.541890952730339	3	5	5	7	7	7	9	10	8	10	11	13	11	11	13	12	15	14	16	16	18	18	18	17	18	22	22	24	25	26	0	1	1	1	3	3	9	1	2	9	3	5	5	8	11	13	11	13	14	11	20	13	13	5	8	24	24	25	24	29	1	2	1	3	1	1	1	3	2	1	2	3	2	1	1	1	2	1	2	4	1	4	3	3	3	3	2	2	2	1
10000	-237.444210338453018	-235.717021560377049	-1.727188778075957	0.000393957605254	0.000076996488224	0.195443588846219	0.457161857096349	3	4	7	8	7	9	9	9	8	10	10	12	12	12	12	12	15	15	15	15	18	17	17	18	19	23	22	23	26	26	0	1	1	1	2	3	5	4	1	9	5	7	11	9	4	11	13	1	11	13	3	13	13	23	22	23	24	21	22	27	1	1	1	2	1	1	1	1	2	1	2	1	1	2	2	1	2	8	4	2	4	3	2	1	1	3	4	2	5	2
10500	-234.070294798509707	-232.266182672126035	-1.804112126383674	0.000359476851531	0.000063129191737	0.175614066576316	0.382515503498163	4	5	6	7	8	8	10	9	8	11	10	11	12	11	13	13	15	14	16	15	19	17	17	17	18	22	22	23	27	25	0	1	1	1	2	4	4	1	3	8	5	3	5	6	5	13	3	3	20	11	22	14	14	15	15	13	18	11	18	27	1	1	1	1	1	1	2	2	2	1	1	2	2	2	3	1	5	4	1	3	1	3	5	2	2	4	3	7	4	2
11000	-232.114368105268284	-230.113262438421430	-2.001105666846861	0.000363804355324	0.000050380310752	0.138481879105077	0.341456804416834	4	5	8	6	9	9	10	7	9	10	12	12	11	11	13	14	15	14	15	16	19	17	17	18	18	23	21	24	26	26	0	1	1	1	4	1	3	1	8	8	3	13	1	6	13	3	3	6	3	16	24	11	17	16	6	20	20	11	26	26	1	1	2	1	2	3	1	1	1	2	1	1	3	1	2	2	4	2	3	1	1	2	1	2	4	3	4	6	2	2
11500	-227.052254915093471	-225.293437319865660	-1.758817595227802	0.000349576481442	0.000065300994638	0.186800308673505	0.554140610374020	4	5	7	8	6	9	9	9	8	11	12	13	12	11	13	14	15	15	17	16	18	17	16	18	19	24	22	23	27	26	0	1	2	5	1	3	5	9	1	8	3	8	3	4	8	15	1	16	4	11	16	15	11	22	21	27	25	19	26	23	1	1	1	1	1	1	2	1	1	2	2	3	2	1	2	1	5	1	5	2	3	2	2	1	1	1	2	3	2	6
12000	-221.548068815492485	-219.632406401876324	-1.915662413616162	0.000318959514710	0.000048706319401	0.152703766950267	0.586431113661403	3	5	7	6	7	9	8	10	9	11	12	12	11	12	14	14	16	14	16	16	20	17	17	15	17	23	21	24	27	27	0	1	1	1	1	3	4	4	7	8	5	9	5	3	6	13	18	14	11	15	12	16	24	13	15	27	24	21	27	27	1	1	2	2	2	1	1	2	1	1	2	2	2	2	3	2	1	1	2	1	4	1	1	3	1	1	3	3	2	2
12500	-232.578059748709535	-230.847111023670635	-1.730948725038886	0.000254207488451	0.000049411870180	0.194376139276225	0.637811497477014	4	6	8	8	8	8	9	7	9	11	11	13	13	10	13	13	15	14	14	14	19	17	16	18	19	24	22	23	24	26	0	1	1	1	2	1	3	1	8	8	4	9	10	4	4	11	14	5	5	13	15	13	15	13	23	24	23	25	23	29	1	2	3	1	1	2	1	2	1	2	1	2	1	2	3	1	2	2	2	1	3	2	2	2	2	3	3	2	3	2
13000	-228.351859411821863	-226.726261901766634	-1.625597510055235	0.000356183687167	0.000081723017325	0.229440651745607	0.509696003517435	3	5	6	7	9	8	10	8	9	10	11	12	13	12	13	13	16	14	16	15	19	17	16	18	17	23	21	21	27	26	0	1	1	3	8	3	9	3	8	8	5	9	11	4	6	9	14	15	14	13	24	16	14	5	11	23	20	13	23	27	1	1	1	1	1	1	1	1	1	1	1	2	1	2	3	2	2	1	2	1	1	2	2	3	2	2	4	4	5	2
13500	-254.691161705166650	-252.503857253299714	-2.187304451866925	0.000395564104001	0.000045183258378	0.114224870054361	0.432025977319202	3	6	7	6	7	9	9	10	8	10	11	13	11	12	13	13	15	15	17	17	18	17	18	15	17	23	22	22	27	26	0	1	4	1	4	1	3	6	1	9	9	3	3	3	8	11	15	13	15	11	6	11	15	13	11	17	22	25	21	21	1	1	1	1	1	4	1	1	3	1	1	2	3	2	2	1	2	1	2	5	4	3	3	2	3	3	3	3	3	4
14000	-248.028884347162716	-246.300624516047634	-1.728259831115082	0.000327491385048	0.000063906133318	0.195138364658586	0.341255855619830	3	5	8	7	8	7	9	10	8	10	11	11	12	11	12	13	13	14	16	16	19	18	17	18	18	24	22	23	26	26	0	1	1	2	2	2	4	1	1	9	5	3	1	9	14	11	15	6	14	18	13	19	4	20	18	24	23	22	27	26	1	1	2	1	1	1	2	4	2	2	1	1	5	2	1	1	1	3	2	2	4	1	5	2	2	3	3	4	2	1
14500	-235.664197684542671	-233.957124604171838	-1.707073080370834	0.000264752886365	0.000053308889565	0.201353383891338	0.605635460415458	4	6	8	8	8	9	8	10	7	11	12	11	13	11	13	13	15	13	16	15	17	18	17	17	18	22	20	21	25	26	0	1	1	1	2	5	9	4	1	8	3	7	5	4	11	11	18	11	3	12	3	17	20	13	13	27	21	19	27	26	1	1	2	2	1	1	1	1	1	1	3	2	4	1	1	1	1	1	4	2	4	2	1	2	2	1	2	2	3	3
15000	-232.410330397753370	-230.585795282664947	-1.824535115088428	0.000439548019798	0.000075149008183	0.170968824333599	0.501360020580870	3	5	6	7	7	8	8	8	9	11	10	11	11	12	14	13	15	12	15	16	20	18	17	17	18	22	22	24	25	26	0	1	2	3	2	3	5	5	3	8	5	9	5	13	3	11	15	5	13	11	20	19	15	16	16	23	24	21	24	27	1	1	1	1	1	1	1	1	1	2	2	1	2	1	4	1	1	3	2	3	2	2	2	1	2	2	3	2	4	3
15500	-219.221450058235746	-217.453239610041720	-1.768210448194032	0.000322467319790	0.000059454026479	0.184372253653936	0.483249430642965	4	6	8	7	8	7	7	9	9	10	12	13	12	10	14	12	16	12	16	16	20	18	18	17	19	23	22	23	26	25	0	1	7	1	7	1	1	4	6	8	3	8	1	5	11	3	15	4	11	5	22	11	16	19	23	20	25	11	23	28	1	1	1	2	1	2	2	1	1	1	2	2	3	1	1	2	1	3	3	3	1	3	2	1	1	4	1	5	5	1
16000	-259.713461855155913	-257.667206331526813	-2.046255523629078	0.000450493201746	0.000059400542358	0.131856689796729	0.428308835002295	2	6	7	7	8	9	9	9	8	9	12	12	13	11	13	12	15	13	16	16	20	17	18	16	17	22	22	23	26	26	0	1	1	2	2	3	1	4	3	4	2	9	5	6	5	2	12	4	6	13	19	13	19	7	16	25	11	13	20	24	1	1	1	1	1	1	5	1	1	1	4	2	1	1	2	3	1	2	4	1	1	2	1	3	2	3	5	6	7	3
16500	-255.593411330852575	-253.576345044502517	-2.017066286350047	0.000261960294738	0.000035646653737	0.136076552258192	0.512182584457034	3	6	7	7	9	8	8	9	8	11	11	12	12	12	12	13	14	13	17	16	19	17	17	17	19	21	23	23	24	26	0	1	1	1	1	4	2	2	1	8	6	11	4	3	1	4	5	6	11	11	20	16	16	14	17	23	23	14	25	26	1	1	2	3	3	1	1	2	3	1	2	1	3	3	4	3	2	1	3	2	1	2	2	2	3	2	4	4	2	2
17000	-236.621321076215679	-234.731536658946396	-1.889784417269278	0.000358999219676	0.000056550783471	0.157523416130064	0.475110416474414	4	5	7	7	7	8	8	9	9	11	11	11	12	12	13	13	15	14	16	16	19	16	18	17	18	23	22	23	26	26	0	1	1	1	2	3	1	5	4	8	6	9	5	3	5	13	13	14	11	13	22	3	14	20	4	24	20	11	28	14	1	1	1	2	1	1	1	1	1	1	1	1	3	2	2	1	1	1	2	2	1	4	3	1	4	3	4	6	1	3
17500	-236.892488150262125	-235.268347114965479	-1.624141035296635	0.000295409953976	0.000067949074511	0.230016198155074	0.416245717881358	3	6	8	6	8	9	7	10	9	10	12	12	12	11	13	13	15	14	15	17	18	18	18	16	19	22	23	23	27	26	0	1	7	1	2	7	1	4	7	7	5	6	3	4	6	7	13	14	15	16	14	24	16	13	24	16	25	19	27	26	1	1	1	2	1	2	1	2	1	2	2	1	3	2	2	3	2	2	1	2	4	1	3	2	1	4	2	4	2	2
18000	-222.932498303487165	-220.814487597435402	-2.118010706051763	0.000436785072777	0.000053447558541	0.122365808430414	0.459273896941274	3	6	7	8	8	9	9	9	7	10	11	12	12	11	13	14	15	13	15	16	19	18	17	17	17	22	23	23	26	25	0	1	2	9	2	9	9	9	1	8	6	7	1	2	11	11	11	3	2	18	24	23	18	11	17	16	25	21	23	27	1	2	1	1	1	1	1	1	2	1	1	1	5	2	1	2	2	3	4	2	1	1	2	3	1	6	3	2	3	1
18500	-225.878998162946061	-224.172250127870456	-1.706748035075608	0.000279895466289	0.000056385429670	0.201451743457438	0.554791166307770	3	5	8	6	9	9	7	10	8	11	11	12	12	11	13	14	15	15	17	17	20	16	17	16	18	24	22	21	26	27	0	1	4	1	7	4	1	7	7	8	5	9	11	6	11	11	15	3	1	13	16	6	13	18	24	27	20	13	20	26	1	1	1	1	1	1	2	2	1	1	1	2	1	1	1	2	1	3	7	2	2	4	2	1	2	1	3	4	4	2
19000	-222.639113260970873	-221.034115275858113	-1.604997985112760	0.000192266971242	0.000045735537180	0.237875163293700	0.511409680194499	3	5	8	8	7	7	10	8	9	10	11	13	13	10	14	14	15	14	16	15	19	18	17	17	17	23	22	23	26	26	0	1	5	1	1	1	8	5	6	8	3	9	11	4	1	11	18	11	14	11	3	5	20	20	20	20	13	11	24	27	1	1	1	2	2	2	1	1	1	1	2	2	1	1	5	1	1	2	2	2	6	7	1	1	1	4	4	6	5	2
19500	-228.983623778374863	-227.396019327597344	-1.587604450777510	0.000262702785786	0.000064502351359	0.245533564348928	0.498719592366350	4	6	7	8	8	8	8	9	9	10	11	12	13	12	12	13	15	14	16	16	19	16	17	17	18	24	23	23	25	25	0	1	1	1	2	2	3	2	7	3	5	9	11	4	11	15	15	15	15	11	16	3	22	13	14	25	20	21	25	27	1	1	3	1	1	1	1	2	1	2	2	2	1	3	1	1	2	1	3	2	3	3	1	3	3	4	3	1	4	1
20000	-231.004940067661664	-229.281508474820953	-1.723431592840723	0.000352602924229	0.000069294105314	0.196521641064523	0.553463525431407	4	5	6	7	8	8	10	10	9	11	11	12	13	12	13	13	14	13	16	16	19	16	18	17	18	23	22	23	27	24	0	1	1	1	2	3	4	9	4	7	5	9	3	4	3	5	11	4	13	18	3	14	16	17	19	20	25	18	30	25	1	1	1	2	1	1	1	1	1	1	2	1	5	2	3	2	2	3	2	1	5	2	2	2	1	2	2	5	1	2
20500	-218.282203322309698	-216.281196550635428	-2.001006771674259	0.000375883333073	0.000052058717165	0.138497008472078	0.518030459965733	3	5	7	8	7	7	10	9	8	10	11	12	11	10	13	13	15	14	16	17	20	18	17	17	19	23	22	23	25	27	0	1	2	6	2	1	5	6	1	9	3	7	4	3	13	13	16	3	15	18	20	1	13	13	18	23	24	5	27	27	1	1	1	1	1	2	2	1	2	1	2	1	1	1	1	1	1	3	1	2	2	8	2	4	2	2	2	7	1	2
21000	-248.674675206648885	-246.752365284494687	-1.922309922154208	0.000330926338163	0.000050137827857	0.151507517156163	0.464836358724817	4	6	7	6	8	8	10	10	9	9	12	12	13	10	13	14	16	14	14	16	20	18	15	18	18	23	22	23	26	27	0	1	1	1	1	1	6	4	6	2	5	9	11	6	5	1	4	11	11	14	20	17	13	13	15	25	20	4	11	21	1	1	1	1	2	3	1	2	1	1	2	2	1	1	2	4	4	1	1	3	3	1	1	2	2	2	4	8	8	4
21500	-243.272736697074947	-241.233040267340755	-2.039696429734197	0.000367276055950	0.000048768936655	0.132785505248510	0.463686893907424	3	5	6	5	8	9	8	9	7	10	11	10	13	11	13	13	15	14	16	16	19	17	18	17	17	23	21	21	27	27	0	1	2	1	4	5	3	7	3	8	5	7	4	3	14	11	5	4	11	14	25	6	19	3	14	27	23	11	22	27	1	1	1	1	1	1	1	1	1	1	3	1	5	3	1	1	4	6	3	2	1	3	1	6	3	1	1	5	6	3
22000	-220.620093017868811	-219.115738096118832	-1.504354921749989	0.000367916792308	0.000107302157771	0.291647894346554	0.556670560611869	4	5	7	7	7	9	9	8	9	10	10	11	12	12	12	14	15	13	16	16	19	18	18	17	19	24	21	21	26	27	0	1	2	1	2	3	4	5	5	8	6	7	5	5	11	11	16	1	13	11	6	19	19	11	19	27	21	22	27	27	1	1	1	2	1	1	1	1	1	1	1	1	3	2	1	1	1	4	2	4	6	1	1	3	2	2	1	3	2	2
22500	-238.646495169598182	-236.875919475203403	-1.770575694394768	0.000424879120029	0.000078080124568	0.183770208719384	0.474769542395233	3	5	6	8	5	8	9	9	8	10	11	12	12	11	14	13	15	14	16	15	18	17	18	17	18	24	22	23	26	26	0	1	1	5	1	1	3	1	1	9	7	3	8	6	9	2	4	14	13	15	11	18	17	11	6	27	21	21	20	28	1	1	2	1	1	2	1	2	3	1	1	2	1	2	2	3	4	2	1	1	3	2	1	2	5	1	1	2	7	2
23000	-245.204313222036291	-242.969626793000032	-2.234686429036262	0.000346848912487	0.000037859335808	0.109152240198888	0.345863246634029	3	6	7	8	8	8	10	10	7	10	12	11	11	10	13	13	16	14	14	17	20	15	17	18	18	23	22	23	26	24	0	1	2	2	3	2	4	4	1	9	1	7	9	4	6	5	15	4	2	16	20	13	4	19	4	19	23	19	24	24	1	2	1	1	1	1	1	1	2	1	4	1	2	1	3	2	1	2	3	3	1	2	3	2	3	4	2	4	4	3
23500	-222.868320093596935	-220.883316102751877	-1.985003990845069	0.000344270829040	0.000048536315898	0.140982946575870	0.576940992592021	3	4	7	7	7	8	10	9	8	11	10	12	12	11	13	14	15	13	16	16	18	18	16	18	17	23	22	23	27	26	0	1	1	1	1	4	5	9	4	8	2	9	1	4	14	14	18	11	15	16	11	19	16	16	20	23	25	14	28	27	1	1	2	2	3	1	2	1	1	1	2	2	4	2	2	2	1	1	1	1	3	1	1	2	1	3	3	4	2	2
24000	-225.076321139818077	-223.504073049035725	-1.572248090782360	0.000360212384369	0.000091046888673	0.252758907309607	0.571679392622243	4	6	6	8	9	7	9	10	9	11	11	13	12	11	13	12	15	13	17	15	19	18	17	17	19	23	20	23	24	26	0	1	1	3	6	3	1	4	1	8	5	10	14	3	10	2	16	5	11	5	9	11	13	13	11	27	23	21	27	29	1	1	1	1	1	1	2	1	3	1	1	1	1	2	1	3	2	3	3	3	4	4	3	2	5	2	1	2	2	1
24500	-263.896186542112559	-262.192458879307310	-1.703727662805250	0.000335253562438	0.000067845346034	0.202370246390264	0.368838248286023	3	6	6	6	8	7	9	9	7	10	11	12	13	11	13	11	13	15	17	16	19	18	17	16	18	23	22	21	25	27	0	1	1	1	2	4	1	9	3	9	5	2	16	7	11	4	5	4	11	17	16	11	13	11	17	20	25	11	18	20	1	2	1	2	1	1	3	1	1	2	3	3	1	1	1	2	2	5	3	2	4	3	1	2	4	6	2	5	5	5
25000	-246.664628611110430	-244.956282489172906	-1.708346121937512	0.000472196779771	0.000094896944445	0.200969063132807	0.422128773502660	4	6	8	7	7	9	6	10	6	10	11	13	13	11	13	14	16	13	16	15	20	18	16	18	18	23	21	23	26	26	0	1	9	7	2	3	1	5	1	4	6	3	6	1	4	7	13	6	6	8	12	19	14	19	13	23	17	23	17	13	1	1	1	1	1	1	1	2	2	2	1	2	2	3	3	3	2	2	2	2	3	1	2	1	4	3	2	4	5	4
25500	-211.379743534273189	-209.588927767369199	-1.790815766903978	0.000289765939286	0.000051800156688	0.178765512660750	0.557312273793093	4	6	7	8	9	9	10	9	9	11	11	13	13	11	13	13	15	15	16	16	19	17	18	18	18	23	22	24	25	25	0	1	1	1	1	1	8	4	3	5	1	9	1	4	6	6	15	11	3	15	16	19	20	19	19	24	25	21	27	26	1	1	2	2	2	2	1	1	1	1	3	2	5	1	2	1	1	2	5	2	4	1	1	1	1	3	1	3	1	1
26000	-250.216570937715858	-248.356131846778055	-1.860439090937800	0.000605087852133	0.000098826421804	0.163325740974067	0.464679714292337	3	5	7	7	8	8	10	8	7	10	11	12	12	10	11	13	15	14	14	17	19	16	17	17	17	23	22	23	25	27	0	1	1	2	9	9	4	2	1	8	10	10	6	5	6	13	15	10	4	18	24	15	15	13	15	13	17	17	28	28	1	1	2	1	1	1	3	1	2	1	1	1	1	1	1	1	2	2	3	2	1	2	3	2	4	8	3	5	1	1
26500	-233.897654862256360	-231.965626713795302	-1.932028148461063	0.000274672058204	0.000041142578236	0.149787999934534	0.538122211278328	4	6	7	8	8	7	10	8	9	10	10	12	12	11	13	14	14	14	17	15	19	16	16	17	18	22	23	23	25	27	0	1	2	3	2	1	6	6	8	8	5	9	3	6	13	3	14	11	11	13	6	11	13	13	13	21	19	11	22	29	1	1	1	1	1	2	1	1	1	1	1	1	3	2	1	3	1	3	3	2	5	3	2	2	4	2	5	5	3	1
27000	-219.248455632108090	-217.371168971225075	-1.877286660883023	0.000440625325606	0.000070477477048	0.159948765884569	0.543815486335800	3	5	7	7	8	8	9	10	9	10	11	13	12	12	12	13	15	13	16	16	19	17	16	17	18	23	23	24	26	26	0	1	2	1	2	3	5	4	4	9	9	7	5	3	5	11	18	11	18	15	2	14	11	15	23	21	20	20	25	28	1	1	1	2	1	1	1	1	2	1	1	2	2	3	3	1	1	1	2	2	5	3	2	2	1	3	3	4	2	1
27500	-212.517958581527125	-210.800803639156584	-1.717154942370551	0.000277854038058	0.000055111951964	0.198348573047973	0.740854575143826	4	6	6	8	8	7	8	9	9	10	11	12	12	10	13	13	15	13	16	16	18	17	18	18	18	23	22	24	24	27	0	1	1	3	2	3	1	1	7	7	7	9	11	4	13	14	18	4	14	16	15	16	19	20	20	27	23	22	13	29	1	1	1	1	1	1	2	3	1	1	1	1	1	1	1	2	1	2	3	1	2	1	1	1	1	1	2	4	4	2
28000	-224.296466660006530	-222.655418217785808	-1.641048442220721	0.000381287923124	0.000085223661838	0.223515240503302	0.519170310887465	3	5	6	7	5	7	10	9	8	10	10	13	13	11	13	14	15	14	16	17	19	17	17	17	17	23	22	23	26	25	0	1	1	2	1	5	4	5	3	5	6	9	7	7	6	13	8	14	13	5	20	13	13	11	12	25	25	17	27	27	1	1	2	1	1	1	2	2	1	2	1	3	1	1	3	1	2	2	1	4	1	2	2	3	2	2	2	4	2	1
28500	-235.823027659644765	-234.150337474598160	-1.672690185046601	0.000257026758321	0.000054569978246	0.212312440162461	0.368640826487866	3	6	5	7	9	8	10	10	9	11	11	13	12	11	13	12	15	14	17	16	18	18	18	17	19	24	23	23	24	25	0	1	1	1	3	3	9	5	4	5	3	8	4	6	13	14	6	11	18	13	12	5	20	13	24	20	11	11	20	29	1	2	1	2	2	1	1	1	1	2	4	2	2	2	1	1	3	2	1	2	2	6	1	2	1	4	5	6	3	1
29000	-223.306319152477641	-221.491200094173081	-1.815119058304574	0.000319430772825	0.000055287744174	0.173082085002170	0.487979301751298	4	6	7	8	8	8	9	10	7	11	11	11	12	10	13	14	15	13	16	17	19	17	16	18	19	23	21	23	26	25	0	1	1	1	2	1	5	7	1	8	5	7	11	4	5	14	5	11	15	11	19	19	13	19	19	24	24	11	27	28	1	1	1	2	1	1	1	1	2	1	1	1	1	1	2	2	3	1	3	3	2	1	3	2	2	4	2	6	4	1
29500	-223.618418067932595	-221.986448412435124	-1.631969655497473	0.000208736604886	0.000047374377634	0.226957689859252	0.457365533410325	3	6	6	7	9	8	10	9	9	10	10	12	12	11	13	12	14	14	17	17	19	17	17	17	19	22	21	20	25	27	0	1	1	1	4	3	4	4	4	8	5	9	11	5	5	4	1	4	15	13	24	11	13	4	19	20	24	17	26	26	1	1	2	2	1	1	2	1	1	1	1	2	1	1	2	2	5	5	2	2	1	3	2	6	2	3	2	3	2	2
30000	-222.257985083074971	-220.405625520423769	-1.852359562651197	0.000396458183262	0.000065412048685	0.164991041795013	0.571295970496944	4	6	8	8	9	7	10	10	8	11	11	13	12	9	13	13	15	14	16	16	18	15	17	17	18	23	22	22	26	25	0	1	1	6	2	1	9	3	1	8	5	7	2	6	5	3	15	11	2	17	22	5	15	13	20	23	25	16	27	27	1	1	1	1	1	2	1	1	2	1	1	1	3	1	2	2	1	2	4	1	2	3	2	2	1	3	2	5	3	1
30500	-217.494757746690709	-215.610537602297740	-1.884220144392979	0.000296649548953	0.000047047160042	0.158595083687098	0.604970786949341	4	6	6	7	8	8	9	10	8	11	10	11	12	11	13	13	15	15	16	17	18	17	16	14	18	23	22	23	26	25	0	1	1	2	2	3	5	5	2	8	1	9	5	2	4	11	15	4	11	23	11	13	24	13	13	24	20	21	27	26	1	2	1	1	2	1	1	1	1	1	2	2	2	2	3	1	1	4	3	1	2	3	1	1	3	5	3	3	2	1
31000	-230.414240100261509	-228.783798453395065	-1.630441646866430	0.000330260179620	0.000075150028961	0.227547956424457	0.523374939711796	3	5	7	6	8	8	10	6	9	10	10	12	12	11	13	13	16	15	16	15	19	18	18	18	19	24	22	24	25	27	0	1	1	1	1	3	8	1	8	8	5	7	1	5	3	10	14	16	3	11	15	17	17	19	11	19	17	11	27	27	1	1	1	1	2	1	2	1	2	2	1	1	4	2	2	2	3	1	4	3	3	1	1	1	5	3	2	6	1	3
31500	-227.510416106440744	-226.044801738794291	-1.465614367646457	0.000275639504673	0.000088620755175	0.321509630052662	0.499556829999850	4	6	7	6	9	8	10	9	8	10	11	12	11	12	13	13	13	14	15	16	20	16	18	16	18	23	22	22	26	26	0	1	1	1	6	2	4	9	2	2	5	7	5	3	14	3	4	14	17	17	1	11	13	17	24	25	25	22	20	20	1	2	2	1	1	1	2	1	1	2	2	1	1	2	1	3	4	1	1	2	7	2	3	2	2	3	2	2	4	6
32000	-228.251490911017584	-226.708660930468767	-1.542829980548805	0.000255378977472	0.000068449608398	0.268031492159557	0.460923964745725	3	6	8	6	8	8	9	10	8	11	11	13	12	11	13	13	15	14	17	16	19	17	18	16	19	23	23	24	27	26	0	1	4	1	2	1	9	3	4	8	2	9	5	5	6	5	4	11	15	13	20	13	20	16	16	20	24	12	27	27	1	2	1	1	1	2	1	1	1	1	2	3	2	1	3	2	5	2	3	2	2	3	1	2	3	5	4	6	2	1
32500	-256.069253312330432	-254.341280295494414	-1.727973016836012	0.000418710104864	0.000081740590597	0.195220009375067	0.375429962709749	4	5	6	8	6	7	9	9	8	10	12	13	13	11	13	14	13	14	14	16	18	16	17	17	18	23	22	24	25	25	0	1	1	6	1	3	1	1	3	1	7	8	5	6	2	4	6	1	4	14	1	11	14	11	14	7	24	23	27	25	1	1	1	1	1	1	4	2	1	4	1	2	4	2	4	3	2	5	2	3	7	2	3	2	4	6	1	3	1	4
33000	-252.683046427517382	-250.970156354250292	-1.712890073267095	0.000451913923870	0.000090206049494	0.199608918268937	0.546970540659460	3	6	6	6	8	8	9	10	8	11	12	10	13	12	12	13	15	14	16	16	19	17	16	17	19	22	23	23	26	25	0	1	1	1	2	3	9	9	4	8	4	7	11	2	1	10	6	16	18	18	24	11	13	14	18	24	24	17	20	25	1	1	2	2	1	1	1	1	1	1	2	1	1	3	4	1	3	1	1	1	1	2	2	2	3	4	2	2	4	2
33500	-210.049196298079778	-208.186063647425897	-1.863132650653873	0.000469221171544	0.000076378544916	0.162777277641889	0.681387960954273	3	5	7	8	9	8	9	9	7	10	11	12	12	11	13	14	14	13	17	16	18	15	18	17	18	23	21	23	27	25	0	1	2	9	6	3	1	9	1	8	5	14	5	3	11	13	18	14	22	15	20	16	22	14	22	25	25	22	28	27	1	1	1	1	1	1	2	1	2	1	1	1	2	2	1	1	1	1	1	1	1	1	2	2	1	2	1	4	2	2
34000	-238.229053957625808	-236.369283727473118	-1.859770230152692	0.000240759568704	0.000039355149042	0.163462450334498	0.328430071035621	4	5	8	7	7	8	8	10	9	11	10	12	12	11	13	14	15	14	16	16	18	18	17	18	19	23	22	23	25	26	0	1	1	1	1	5	1	7	3	8	4	7	4	5	4	11	15	5	3	11	13	19	3	7	21	13	20	19	23	26	1	1	2	2	1	1	2	2	1	1	2	3	2	2	2	2	1	4	4	3	3	1	5	4	1	6	4	3	5	1
34500	-240.376548020538991	-238.604130129238285	-1.772417891300717	0.000388566344722	0.000071225710715	0.183303859642228	0.458928570305529	4	6	7	7	8	8	10	9	7	10	12	11	12	10	12	13	14	13	17	13	18	17	17	16	18	21	21	21	26	27	0	1	1	1	1	3	3	9	1	5	7	3	3	4	5	3	11	3	18	1	15	24	11	16	19	25	25	19	26	27	1	1	2	1	2	1	1	1	2	1	1	1	2	1	2	2	1	3	3	5	2	1	2	2	1	1	2	2	3	4
35000	-237.614582660630816	-235.934954926551939	-1.679627734078873	0.000309779130339	0.000065055654866	0.210006577250068	0.428105643871046	3	5	6	7	8	9	10	9	8	10	10	12	12	8	13	13	14	14	14	16	20	17	17	17	18	23	20	23	26	26	0	1	1	2	1	5	3	3	1	9	9	5	5	4	5	11	14	16	13	19	4	13	20	17	15	17	25	16	28	21	1	1	2	1	2	1	1	2	3	1	2	3	2	1	3	1	4	1	2	1	7	2	1	1	2	3	1	4	1	3
35500	-242.900063100216641	-241.190799848113386	-1.709263252103249	0.000303576369377	0.000060925676227	0.200693078819441	0.534613131591682	3	5	6	8	8	8	10	6	8	9	12	11	12	12	13	12	14	13	15	16	19	17	17	18	18	24	23	23	26	26	0	1	1	8	2	3	9	1	8	8	1	9	1	5	3	3	3	5	11	4	14	14	15	20	17	24	20	17	25	20	1	1	1	1	2	1	2	2	1	1	4	1	4	2	3	3	4	4	1	3	4	1	2	1	2	2	3	4	4	5
36000	-241.420004043341095	-239.932123505928502	-1.487880537412584	0.000275810434629	0.000083689496274	0.303431218570937	0.511278711219105	3	5	7	7	8	9	9	9	8	10	11	13	13	11	11	12	15	14	16	15	20	17	17	18	18	24	22	24	25	27	0	1	1	1	3	4	5	4	2	9	7	7	1	3	3	11	4	15	11	11	19	18	20	19	23	20	13	21	24	29	1	1	2	3	1	1	1	1	2	1	1	3	5	3	3	1	5	2	3	2	2	2	1	1	1	4	6	2	3	1
36500	-214.053650611846962	-212.028380158681045	-2.025270453165919	0.000328948915259	0.000044364562789	0.134867636678285	0.629013253991047	3	5	6	7	8	9	9	8	8	9	11	11	12	10	13	14	15	13	16	17	18	16	17	14	18	22	22	23	26	26	0	1	2	3	2	3	8	4	1	8	6	7	5	3	14	15	18	11	13	24	22	15	11	13	11	23	25	20	20	28	1	1	1	1	1	1	1	1	2	1	1	1	2	2	2	1	1	1	2	2	1	2	2	1	4	3	2	3	6	1
37000	-231.314921314182328	-229.770180415157142	-1.544740899025199	0.000297643553257	0.000079463437720	0.266975168287110	0.475424873576988	4	5	5	6	7	8	8	8	9	10	12	13	12	11	13	14	16	14	15	17	19	16	18	17	18	23	22	23	25	26	0	1	1	1	2	3	4	5	7	1	10	9	3	6	14	15	13	5	13	11	5	13	18	18	11	24	23	18	27	24	1	1	1	1	1	2	1	1	1	3	1	1	3	2	1	1	3	5	1	3	4	2	2	2	3	2	2	5	2	4
37500	-258.202879189287103	-256.385472016310132	-1.817407172976975	0.000208841199672	0.000036038507070	0.172564164190838	0.577104273746258	3	6	8	7	9	9	7	8	9	11	12	11	13	12	12	13	16	15	17	17	20	18	17	16	18	23	22	23	27	25	0	1	1	1	4	4	1	7	7	8	4	9	7	3	5	6	11	1	16	11	13	11	18	2	5	21	20	25	26	26	1	1	2	2	2	1	3	1	1	1	2	2	3	2	2	2	1	6	2	1	5	4	1	3	5	1	2	2	2	1
38000	-240.375630189126667	-238.835276236526283	-1.540353952600377	0.000292711229704	0.000078860725591	0.269414759627994	0.474610139163446	3	5	6	8	9	8	7	10	8	10	12	12	13	10	13	13	15	15	16	17	20	18	15	15	19	24	22	23	25	26	0	1	1	7	7	3	1	7	7	1	3	10	5	3	5	11	14	11	13	24	22	15	13	11	17	25	23	19	23	25	1	1	1	1	1	1	2	1	1	3	3	1	1	2	2	1	3	2	1	1	1	3	1	1	3	2	3	5	5	3
38500	-248.095584808262544	-246.485749641673692	-1.609835166588844	0.000216021603701	0.000050945631869	0.235835819175959	0.465565428092540	3	6	7	7	8	7	9	9	8	11	11	13	12	12	11	14	15	14	15	16	19	17	18	18	18	23	21	23	26	25	0	1	2	1	2	2	4	4	2	8	4	9	1	11	1	15	11	11	14	14	16	6	3	20	20	23	23	23	20	27	1	2	1	2	1	1	1	1	2	1	3	1	3	1	4	2	2	1	1	2	2	4	3	1	1	4	2	2	4	3
39000	-236.571561905570405	-234.656493013998443	-1.915068891571964	0.000312382870763	0.000047735658015	0.152811381427251	0.444216177050701	4	5	6	8	9	8	7	9	9	9	11	11	11	11	13	13	14	14	16	16	19	16	18	17	18	23	23	23	25	26	0	1	1	3	7	3	1	3	7	7	7	7	3	5	11	3	13	4	6	11	11	11	12	5	16	25	25	23	24	27	1	1	2	1	1	1	1	1	1	1	1	3	2	1	1	3	2	4	6	2	4	2	4	2	2	3	3	3	3	2
39500	-233.094127644403272	-231.512773776977468	-1.581353867425812	0.000401302480611	0.000099691116607	0.248418889550585	0.602459272813227	4	5	7	8	8	6	9	8	9	10	10	13	12	10	14	14	14	15	16	15	18	17	17	18	17	23	21	23	25	26	0	1	2	1	6	1	5	1	1	4	4	14	14	3	2	1	13	17	18	13	25	9	20	20	14	20	25	21	25	22	1	1	1	2	1	1	1	2	2	1	1	1	1	2	5	4	1	1	1	1	1	4	1	1	2	4	2	1	4	6
40000	-232.797783050183938	-231.073672863536558	-1.724110186647382	0.000268475739698	0.000052708789542	0.196326079970484	0.585124844408009	3	6	8	7	9	8	8	9	9	10	12	12	12	11	14	14	13	14	17	16	17	18	18	15	19	22	21	24	25	25	0	1	1	1	1	4	1	4	7	3	3	9	4	7	11	14	11	3	11	24	11	18	16	13	13	24	20	21	27	27	1	1	3	2	3	1	2	1	1	1	1	1	2	1	1	2	1	4	1	1	2	2	2	1	4	3	2	3	2	2
40500	-251.391454378567119	-249.839768446058599	-1.551685932508512	0.000205976687277	0.000054216309631	0.263215756828844	0.481076118530553	3	5	7	8	6	9	9	8	8	10	11	12	12	11	13	10	16	15	16	17	18	18	14	17	17	21	23	21	25	26	0	1	1	3	1	3	1	5	3	8	7	8	11	5	1	4	23	7	4	16	15	20	1	13	23	24	25	15	27	26	1	1	2	1	2	1	4	2	1	1	1	2	1	2	5	1	1	3	6	4	2	1	3	2	2	3	3	3	1	3
41000	-247.459402502946887	-245.607167671401584	-1.852234831545301	0.000314583651402	0.000051911647458	0.165016990635485	0.478024477194101	3	5	7	6	8	8	8	10	9	10	11	12	12	10	14	14	15	14	17	16	19	17	16	15	18	23	23	24	27	27	0	1	1	1	4	4	1	9	3	3	1	7	5	3	5	8	5	11	4	2	16	13	13	13	19	21	17	21	26	27	1	1	2	2	1	1	2	1	1	1	4	2	1	2	3	2	3	1	6	4	2	4	3	2	1	1	4	2	2	2
41500	-263.365901574594886	-261.817174311116673	-1.548727263478185	0.000313815587295	0.000083099088747	0.264802298264927	0.342387175711658	4	6	7	7	9	8	9	7	9	11	11	13	12	11	14	11	12	15	16	15	19	17	17	17	17	23	21	22	25	26	0	1	1	1	1	2	1	2	8	8	7	9	4	4	6	2	10	3	5	10	13	11	3	16	5	25	25	13	20	27	1	2	2	1	3	1	4	1	1	2	1	3	2	2	3	1	1	3	2	2	4	2	5	3	3	3	3	4	4	2
42000	-259.346303783501128	-257.204128150191764	-2.142175633309380	0.000266287121998	0.000031800486444	0.119421796313991	0.540049987419422	4	5	7	7	7	8	10	9	9	10	12	13	13	12	12	14	15	14	15	15	18	17	17	18	18	23	20	23	26	26	0	1	1	1	1	5	6	1	1	8	4	7	15	4	7	15	15	15	14	5	20	15	1	20	13	24	20	9	28	26	1	1	2	1	1	1	2	2	3	1	2	2	1	2	1	2	1	1	1	4	1	2	5	2	3	3	2	7	1	1
42500	-212.441275593264152	-210.573713979199852	-1.867561614064289	0.000425323154207	0.000068852425005	0.161882616368058	0.600265279735124	3	5	7	8	8	8	9	9	8	11	11	12	11	11	13	14	15	13	16	16	19	15	16	16	19	23	23	22	27	26	0	1	2	2	2	3	3	5	1	8	4	7	3	3	14	6	15	3	13	9	20	18	16	11	24	21	20	20	24	26	1	1	1	1	2	1	1	1	3	1	1	1	2	2	1	3	1	2	2	3	2	1	1	2	1	2	3	3	4	2
43000	-216.822560488811320	-215.310699218564764	-1.511861270246560	0.000304418332186	0.000087261109465	0.286648668097360	0.430084242931224	4	6	8	6	8	7	8	10	9	10	11	13	13	11	13	13	15	14	16	15	20	17	18	17	17	23	22	23	27	26	0	1	2	1	1	1	1	5	7	5	3	7	14	4	4	6	18	16	13	13	12	5	24	20	20	23	23	25	30	27	1	1	1	1	2	1	2	1	1	1	3	2	1	2	3	3	1	1	2	1	3	3	1	1	1	3	2	2	1	2
43500	-229.987482795446567	-228.148669215508448	-1.838813579938118	0.000345625416839	0.000058014244744	0.167852946911633	0.544568178282327	4	6	6	7	9	8	6	8	8	11	9	13	12	12	13	13	15	14	17	16	19	16	18	18	18	22	21	22	24	26	0	1	1	1	4	3	1	7	7	8	3	9	5	5	5	4	11	1	22	18	24	11	11	16	13	20	25	19	25	24	1	2	1	1	1	1	1	1	1	2	2	3	1	2	2	2	3	5	1	1	1	3	6	3	3	4	1	3	3	4
44000	-227.313721913906079	-225.586073109284655	-1.727648804621419	0.000248864750556	0.000048606366574	0.195312379376206	0.492808361669667	3	4	5	8	6	7	10	9	7	10	11	13	12	10	13	13	15	15	16	15	19	17	17	18	18	22	21	23	25	27	0	1	1	5	1	3	4	5	5	8	4	7	14	2	4	3	4	15	4	16	15	20	19	11	13	27	24	14	20	28	1	1	1	1	2	1	1	1	1	1	1	2	1	3	3	3	2	2	3	2	3	1	1	4	4	1	1	7	5	2
44500	-228.754311217873664	-227.291938542742201	-1.462372675131456	0.000260629735387	0.000084545862950	0.324390702483640	0.522186050051666	3	4	6	6	7	9	9	9	8	10	8	12	12	11	12	13	14	14	16	15	19	17	18	16	19	22	22	23	27	25	0	1	1	1	1	1	3	3	3	9	3	9	11	7	5	5	11	4	17	18	7	15	22	13	22	25	25	21	27	27	1	1	2	1	1	2	2	1	1	1	1	2	3	1	2	3	3	4	1	1	5	2	1	3	1	1	2	2	2	2
45000	-229.538827516250933	-227.181617063173178	-2.357210453077756	0.000280769741125	0.000027398053141	0.097581929700492	0.386244176748921	4	5	7	7	9	9	8	9	9	10	12	12	12	12	11	13	15	15	17	17	20	16	17	16	18	22	22	23	26	27	0	1	1	1	1	3	1	4	7	5	7	9	15	15	3	6	3	15	13	13	25	15	13	13	13	20	11	20	20	25	1	1	1	2	2	1	2	1	1	1	2	1	1	1	2	3	3	3	2	2	1	3	2	2	4	3	5	3	4	3
45500	-219.610321335721238	-218.011159183571948	-1.599162152149297	0.000282555512694	0.000067922531741	0.240386503497946	0.614449591334765	4	6	8	7	8	7	9	10	8	11	12	11	11	10	13	13	15	14	15	17	19	17	18	17	19	24	22	22	26	25	0	1	4	1	1	1	6	3	6	9	6	9	3	4	4	6	3	3	11	13	20	17	24	17	24	25	20	11	27	27	1	1	1	2	3	2	1	1	1	1	2	2	1	1	3	2	4	3	2	3	1	2	1	1	1	2	2	5	2	2
46000	-224.043229120946279	-222.299957901513380	-1.743271219432887	0.000254496776728	0.000048597480092	0.190955188969140	0.487030531397478	3	5	6	6	8	8	7	9	9	11	10	12	12	12	13	12	14	15	16	15	18	16	17	17	19	24	21	22	27	25	0	1	1	1	4	1	3	3	7	6	5	9	1	3	5	11	3	15	13	5	20	13	15	13	24	27	25	3	27	13	1	1	2	1	1	3	1	2	1	1	1	1	4	3	2	1	5	1	2	4	2	2	2	2	1	2	1	9	2	6
46500	-224.208562916712225	-222.252869177659306	-1.955693739052918	0.000305930678417	0.000044586363288	0.145740085691849	0.571617521261264	4	5	7	5	7	9	9	10	8	11	11	11	12	10	13	12	15	14	17	15	17	17	16	17	19	23	22	23	26	25	0	1	1	1	2	3	9	9	1	8	5	9	5	1	5	11	13	11	11	16	13	16	20	23	20	25	20	27	24	25	1	1	1	1	1	1	1	1	1	1	2	2	3	3	2	1	1	1	2	2	2	3	1	1	2	2	4	1	4	2
47000	-202.065605234490334	-200.432643145037787	-1.632962089452561	0.000264432953799	0.000059914167035	0.226576023050752	0.712382328422368	4	5	7	7	8	9	7	10	8	9	11	12	13	11	13	14	15	14	17	16	19	18	18	17	19	23	22	23	26	27	0	1	1	1	1	3	1	5	7	7	3	9	11	4	14	12	15	4	16	13	15	13	13	18	20	25	25	22	27	26	1	1	1	1	2	1	1	1	1	1	1	2	1	2	1	1	1	4	1	2	2	1	2	1	1	2	1	2	2	2
47500	-233.635453656498100	-231.925544888219747	-1.709908768278348	0.000362468021615	0.000072674575072	0.200499273695561	0.516527636448382	3	5	7	8	7	8	9	10	8	11	11	13	11	11	13	12	14	14	13	17	19	18	18	17	19	24	21	21	26	26	0	1	1	2	2	1	9	3	3	6	5	16	4	2	1	4	4	4	11	14	20	19	18	11	24	25	23	11	27	13	1	2	2	1	1	3	1	1	1	1	2	1	2	3	5	2	3	3	1	3	1	3	2	2	2	3	2	5	3	7
48000	-243.258642687580704	-241.292296731146791	-1.966345956433909	0.000267229851861	0.000038475640819	0.143979576199456	0.335215323432222	3	5	8	7	7	8	9	9	8	9	12	12	12	12	14	12	16	15	16	16	19	18	18	17	18	24	22	24	25	24	0	1	1	1	2	1	1	3	1	6	9	8	5	9	4	1	5	13	11	13	6	20	7	6	11	24	24	25	13	24	1	2	3	2	1	3	4	1	3	1	2	2	3	2	2	4	5	2	2	2	4	1	5	4	4	4	2	3	5	4
48500	-242.235330647496170	-240.438774075144295	-1.796556572351880	0.000372051124670	0.000065998920341	0.177392073197853	0.555043116548463	4	6	6	7	8	9	8	7	9	9	9	12	12	12	13	13	15	14	15	17	19	16	17	17	18	23	22	23	26	25	0	1	1	2	3	4	3	1	7	7	8	9	11	7	13	3	16	11	12	4	13	13	19	18	24	24	21	22	24	21	1	1	1	1	1	1	1	2	1	1	1	1	2	2	1	3	2	3	2	5	4	2	2	2	1	4	2	2	3	2
49000	-231.720945377121467	-230.003149775099871	-1.717795602021599	0.000315841431640	0.000062587323077	0.198160585682975	0.361888590448106	4	5	7	7	9	9	8	7	8	11	9	12	12	11	14	13	14	14	15	17	19	17	17	17	18	23	22	22	26	25	0	1	1	1	8	3	3	1	8	11	1	8	5	4	8	4	4	3	15	13	19	1	18	13	17	25	20	14	17	26	1	1	1	1	1	1	1	2	1	1	3	2	2	2	4	2	4	4	1	2	2	7	2	2	2	2	3	7	5	1
49500	-218.110078370768406	-216.328933329245530	-1.781145041522878	0.000371019487288	0.000067200716740	0.181124493571069	0.627992066367849	4	5	6	6	8	7	7	10	8	10	10	12	12	12	13	12	16	14	15	15	19	17	17	18	19	21	22	23	24	26	0	1	1	1	3	3	1	7	7	7	5	7	11	4	5	8	18	15	12	13	15	13	15	19	23	25	23	21	23	20	1	1	1	1	1	1	1	2	1	2	1	3	1	2	2	1	1	1	2	1	2	2	2	2	1	1	1	1	2	3
50000	-238.865524469607607	-237.160643176928545	-1.704881292679048	0.000353966265785	0.000071507718295	0.202018455448896	0.586065589385748	3	5	8	8	6	9	8	10	8	10	9	13	11	10	14	14	15	14	15	16	19	16	17	18	19	23	22	20	26	25	0	1	2	5	1	1	5	7	5	11	5	11	6	4	6	3	5	4	13	13	18	11	18	23	23	25	20	16	20	26	1	1	1	1	1	3	1	1	1	1	2	1	1	1	4	3	5	2	2	2	3	4	1	1	1	1	3	2	4	2
50500	-252.465961982496168	-249.653830295959864	-2.812131686536306	0.000520263097388	0.000035240909777	0.067736708510549	0.497292159184551	4	5	8	7	8	7	7	9	8	11	11	10	12	10	13	13	15	14	17	14	18	18	17	16	16	23	21	23	26	27	0	1	7	1	2	1	1	6	7	8	6	9	2	2	2	11	18	3	11	11	24	14	11	20	3	23	24	24	19	19	1	1	1	2	1	1	1	1	1	1	2	1	3	3	4	1	1	2	4	1	1	5	2	1	5	3	3	3	5	4
51000	-240.732770430247143	-238.769490280160340	-1.963280150086802	0.000277603011462	0.000040108772131	0.144482482085960	0.369911824149387	3	5	6	6	8	7	7	9	9	11	11	13	13	10	14	12	16	13	17	16	19	18	16	18	18	23	22	23	25	26	0	1	1	1	7	3	1	2	7	8	7	8	5	3	5	4	13	1	5	16	12	15	11	11	11	19	25	16	27	26	1	2	2	2	1	1	2	2	2	1	2	2	3	2	3	3	2	6	5	2	3	4	2	2	2	3	2	7	2	1
51500	-224.662414044901794	-222.891547459861812	-1.770866585039969	0.000295954863185	0.000054365849374	0.183696421775759	0.416909978431195	4	5	6	8	7	9	9	8	9	10	11	12	12	10	13	14	13	14	16	16	19	18	18	17	19	24	22	23	25	26	0	1	1	2	2	1	5	5	8	8	5	7	5	4	5	6	4	4	11	4	14	17	17	11	22	19	25	23	27	24	1	1	1	1	1	3	1	1	1	1	2	1	3	1	2	2	3	3	2	4	5	2	4	3	1	4	2	2	2	4
52000	-251.224260069437378	-249.433143068336847	-1.791117001100518	0.000398544689659	0.000071217127658	0.178692953401224	0.384931727568358	3	5	7	8	7	9	9	10	9	10	11	11	11	11	13	14	16	14	16	16	19	16	15	18	18	22	23	23	26	27	0	1	1	1	2	2	4	5	1	4	7	7	9	6	11	13	11	4	3	14	16	6	15	22	23	19	23	16	16	20	1	1	2	2	1	3	1	2	3	2	1	2	1	1	2	2	3	4	4	3	2	3	1	1	2	3	6	3	7	4
52500	-227.170576078834557	-225.450404378976089	-1.720171699858458	0.000348278183349	0.000068773235554	0.197466389919911	0.476946214718816	4	6	7	7	9	8	9	9	8	11	11	12	12	11	14	12	15	15	14	16	18	16	15	18	18	23	22	23	26	27	0	1	1	1	2	3	1	9	1	8	5	8	5	5	7	9	13	19	14	15	6	13	13	20	20	20	23	15	23	26	1	1	2	1	1	1	3	1	2	1	1	2	2	1	2	1	1	1	2	1	3	2	2	1	1	4	4	4	5	4
53000	-238.657479560449104	-236.900626043349035	-1.756853517100067	0.000346297412924	0.000064866940611	0.187315695092993	0.425817676467024	3	6	8	7	8	8	9	10	8	11	11	12	12	12	12	13	15	13	16	17	20	16	17	18	18	24	22	22	26	26	0	1	1	1	4	2	6	6	2	7	5	11	5	4	3	11	13	2	5	16	5	11	16	11	14	21	25	20	18	24	1	2	2	2	1	1	1	1	1	1	2	1	2	2	2	1	2	5	3	3	5	2	2	4	3	2	2	2	6	4
53500	-242.520344596621413	-240.878924185710559	-1.641420410910859	0.000452845821590	0.000101155117608	0.223376506496039	0.532263460187585	4	6	7	8	8	9	10	10	8	10	12	12	12	11	14	14	15	14	15	16	19	17	14	16	19	21	22	23	26	26	0	1	1	1	2	3	9	9	3	3	1	3	2	5	12	12	2	11	14	12	24	23	4	5	20	21	20	20	28	27	1	1	2	2	1	1	1	2	1	1	3	3	4	1	1	1	5	1	2	2	2	2	2	4	1	2	3	3	2	2
54000	-223.745964511085930	-222.026831966417348	-1.719132544668583	0.000306364047072	0.000060589435119	0.197769404401565	0.543707497566350	3	6	8	5	6	9	9	9	8	11	11	13	13	10	13	12	16	15	16	17	19	18	17	16	18	23	22	24	26	23	0	1	5	1	4	1	9	2	2	8	3	7	6	3	14	5	2	6	15	18	13	19	13	13	17	17	25	23	27	20	1	2	1	1	1	2	1	2	1	1	1	2	2	1	1	4	5	3	2	1	4	1	2	1	1	4	1	4	2	3
54500	-260.497906043327475	-258.519061590033971	-1.978844453293495	0.000325963777884	0.000046273902751	0.141960260283454	0.566044997345390	4	5	6	8	8	9	10	9	7	10	10	12	12	10	13	13	14	14	16	17	19	17	17	17	18	22	22	23	26	26	0	1	1	1	2	5	5	1	1	5	1	7	11	5	14	2	5	14	18	5	16	11	16	17	15	9	22	16	28	27	1	1	1	2	1	1	1	3	1	1	2	1	1	1	1	3	3	2	1	5	3	4	3	2	2	7	2	4	2	2
55000	-202.066050297249092	-200.434730708427963	-1.631319588821134	0.000347379293643	0.000078927499798	0.227208418124613	0.550678998664430	3	5	6	8	8	9	9	10	9	11	11	13	13	11	13	14	15	14	16	15	19	15	17	17	19	23	22	23	26	25	0	1	1	2	3	5	5	5	5	7	5	7	11	6	5	15	15	4	16	11	16	18	13	20	22	27	25	13	28	26	1	1	1	1	1	1	1	1	1	1	1	2	1	1	2	1	2	3	1	1	2	1	2	1	1	1	1	5	2	1
55500	-236.131910804775600	-234.258676817626906	-1.873233987148688	0.000504992005133	0.000081177261317	0.160749597008017	0.581183354479549	3	5	8	7	7	9	9	10	9	11	10	12	13	12	13	14	15	13	14	16	19	17	16	18	17	24	22	23	25	26	0	1	5	1	2	3	4	9	5	11	5	7	5	5	14	15	5	11	18	3	23	17	11	17	5	24	23	17	17	26	1	1	1	2	1	1	1	1	1	1	1	1	3	2	1	1	3	1	1	4	2	1	2	2	3	2	3	5	4	2
56000	-261.273913236933709	-259.392312968141823	-1.881600268791861	0.000478246513411	0.000076091016080	0.159104173154133	0.321141619066671	3	5	6	8	8	9	10	9	7	11	10	13	10	11	13	14	15	15	16	17	19	17	17	17	18	24	22	23	26	26	0	1	1	3	9	1	1	1	3	9	9	10	6	11	14	4	11	15	4	14	6	3	18	5	7	27	23	16	23	19	1	1	1	1	1	3	3	3	1	2	1	1	1	1	1	2	2	1	4	3	4	4	1	6	5	1	2	3	6	6
56500	-227.350954916846092	-225.297917002298050	-2.053037914548053	0.000410563193003	0.000053745882364	0.130907697718910	0.474264757556453	3	5	7	7	8	8	8	9	9	11	10	11	12	10	12	14	15	14	15	15	19	18	18	17	19	24	23	22	23	27	0	1	2	2	2	3	4	7	7	8	3	7	5	4	14	13	3	5	11	14	13	11	17	4	19	23	25	23	11	26	1	1	1	1	1	1	1	1	1	1	1	1	2	2	1	1	4	2	4	3	4	3	2	5	1	2	2	2	5	2
57000	-228.752124916329137	-227.021650878277626	-1.730474038051515	0.000315398224375	0.000061348197370	0.194510281381453	0.662406628764753	2	4	8	8	7	9	9	10	8	10	10	12	11	11	10	13	15	14	16	16	20	17	15	18	18	23	22	23	24	26	0	1	5	5	1	3	9	7	5	3	1	9	5	4	5	4	18	11	12	16	25	13	13	20	13	27	20	13	26	27	1	1	1	1	2	1	1	1	1	1	4	2	2	2	2	3	1	1	1	1	1	2	1	1	3	1	2	5	1	2
57500	-219.815220752194165	-218.114928043557143	-1.700292708637024	0.000373480379862	0.000075975202374	0.203424882457744	0.662696639020952	4	5	8	7	7	8	8	10	8	10	10	12	12	11	13	14	15	14	16	14	19	17	16	17	18	24	23	24	26	27	0	1	5	1	1	1	5	6	1	9	3	8	11	5	11	5	15	15	3	13	15	13	20	13	17	25	25	4	27	27	1	1	1	2	1	2	1	1	2	1	1	1	1	2	1	3	1	1	3	1	3	2	1	1	1	3	3	8	1	2
58000	-224.747593757977000	-223.216723348585361	-1.530870409391634	0.000324135926285	0.000089095765927	0.274871616203289	0.473668964692421	4	5	7	8	8	8	7	9	9	11	12	12	13	12	10	13	14	15	17	16	18	17	18	16	19	23	22	23	26	26	0	1	1	3	7	3	1	1	7	8	5	9	11	5	4	1	4	15	18	14	20	5	17	17	22	23	25	17	24	26	1	1	1	1	1	1	2	3	1	1	2	2	1	2	1	4	3	2	1	2	1	4	2	1	1	3	1	4	5	2
58500	-238.994239368229813	-236.962125767863512	-2.032113600366302	0.000301081541709	0.000040306725974	0.133873122028224	0.491244490369166	3	5	7	6	7	9	8	9	7	11	10	12	11	12	13	13	16	14	17	15	19	17	17	16	19	23	22	22	24	26	0	1	2	1	1	7	9	4	4	9	3	9	6	11	3	5	13	1	14	11	22	4	18	15	16	15	23	18	27	22	1	1	1	2	1	1	1	2	1	2	1	2	1	1	4	3	2	5	2	3	1	5	2	2	4	4	2	4	2	4
59000	-229.909516072764092	-228.188074518820429	-1.721441553943673	0.000301071499722	0.000059340387902	0.197097327237066	0.448143366744272	3	5	7	6	8	9	9	9	7	11	12	11	12	11	13	13	14	15	16	16	19	17	17	18	18	22	22	22	27	27	0	1	1	1	1	5	9	3	1	8	2	9	3	1	13	13	1	5	13	5	18	11	17	17	20	24	24	18	25	27	1	1	2	2	2	1	1	1	2	1	3	2	3	3	1	1	5	3	2	2	2	3	1	2	1	2	2	3	5	2
59500	-215.491507496452385	-213.802194386623029	-1.689313109829353	0.000299513799027	0.000061960404620	0.206869949969959	0.659342921564776	2	4	7	8	6	9	9	9	8	11	11	12	12	12	12	13	14	13	15	16	19	17	17	16	19	24	21	22	25	26	0	1	5	5	1	5	9	9	5	8	6	9	6	6	4	4	6	13	14	13	15	12	13	11	23	27	23	23	27	26	1	1	1	1	1	2	1	1	1	1	1	2	2	1	2	2	2	1	2	2	3	1	2	3	1	2	1	2	2	1
60000	-237.914894242236898	-236.262276449019026	-1.652617793217878	0.000195726252119	0.000042919185137	0.219281699168272	0.393253687020142	3	5	5	8	8	7	10	9	9	11	10	12	12	12	11	14	12	14	16	15	17	17	17	16	17	23	21	23	25	26	0	1	1	1	1	3	8	1	5	7	3	15	3	11	1	5	4	17	18	5	11	20	11	13	13	25	23	16	20	20	1	1	1	3	3	1	1	3	1	1	2	1	3	1	4	3	2	1	1	4	4	1	3	1	2	3	2	4	4	6
60500	-256.396073982798669	-254.570109324053362	-1.825964658745302	0.000400629315010	0.000068368242378	0.170652121092996	0.501215136327285	4	5	8	6	6	9	10	10	8	11	11	13	12	11	13	14	15	13	16	16	18	17	17	14	19	24	21	23	26	25	0	1	1	1	2	9	1	3	5	8	1	7	3	6	14	9	12	7	5	3	13	5	18	5	15	23	20	21	19	27	1	1	2	1	1	1	3	1	1	1	5	2	2	1	1	2	1	2	5	3	3	5	2	4	4	4	2	3	5	2
61000	-232.068524256424723	-230.287687123989912	-1.780837132434820	0.000365258126716	0.000066184976212	0.181200557552387	0.585292468866411	4	6	7	8	8	8	8	8	8	11	11	12	12	10	14	14	14	14	16	15	19	15	15	18	19	23	20	23	27	26	0	1	1	1	2	3	1	1	2	9	5	11	5	5	7	13	13	3	13	18	22	5	4	19	20	24	13	23	28	26	1	1	2	1	1	1	2	2	1	2	3	1	2	1	2	1	1	4	2	1	2	2	3	1	2	2	3	4	3	1
61500	-244.112880183964023	-242.420492490899221	-1.692387693064796	0.000279533634473	0.000057554199838	0.205893648350595	0.450297369184765	3	5	8	6	8	8	9	8	9	10	11	12	11	12	12	12	15	15	15	17	20	17	17	15	19	23	23	24	27	27	0	1	1	1	1	1	8	1	5	6	4	6	5	4	5	4	14	16	1	13	20	1	24	13	24	20	24	24	19	26	1	1	2	1	1	4	1	2	1	1	3	2	1	2	2	3	1	1	6	2	2	8	1	3	2	3	5	4	5	2
62000	-231.284889012551389	-229.134122282694278	-2.150766729857123	0.000422524934608	0.000050028248640	0.118403068180499	0.601725838029093	4	5	7	7	8	9	10	10	9	10	12	12	12	12	13	14	14	14	15	16	18	17	18	17	19	23	21	23	26	26	0	1	2	1	3	3	9	9	4	5	6	9	6	6	13	11	11	13	14	13	10	13	11	11	22	25	23	24	25	27	1	1	1	1	1	1	1	1	1	2	1	2	3	1	1	1	1	1	2	1	3	2	3	2	1	3	2	3	3	2
62500	-221.712384073044348	-219.958158477821570	-1.754225595222770	0.000360752681889	0.000067824937267	0.188009516413325	0.480719978010778	4	6	8	8	8	8	10	9	7	10	12	13	13	10	10	14	15	12	17	16	19	18	16	17	18	24	22	22	26	26	0	1	1	2	2	1	6	9	1	8	5	3	14	1	5	3	11	5	5	11	20	18	13	11	24	27	25	13	28	27	1	1	2	1	1	2	1	1	1	1	2	2	2	3	1	3	1	2	6	2	2	2	2	1	1	1	1	4	2	3
63000	-230.401491037668166	-228.390347658574569	-2.011143379093593	0.000297226646001	0.000040708399450	0.136960800781715	0.557833285802652	4	6	6	7	9	8	10	7	9	11	11	12	12	12	13	14	14	14	16	15	19	18	17	17	16	24	22	23	26	25	0	1	1	1	8	3	4	1	8	8	5	9	1	11	5	11	13	11	2	15	24	24	11	8	20	27	20	25	27	26	1	1	1	2	1	1	1	2	1	1	2	2	3	1	2	2	1	2	4	1	1	1	2	5	1	1	3	4	1	1
63500	-220.104437167967774	-218.216692723389087	-1.887744444578680	0.000437354147131	0.000069064697252	0.157914810468478	0.506907742631524	3	5	7	6	8	9	9	8	7	11	10	12	11	11	14	12	15	15	17	16	20	17	17	17	18	22	22	21	26	26	0	1	4	1	9	4	4	9	4	8	6	1	5	4	5	11	13	13	11	16	13	14	16	17	24	25	25	21	21	27	1	1	1	1	1	2	1	1	1	2	1	4	2	2	3	2	2	2	3	2	3	2	3	1	1	3	2	1	3	2
64000	-230.435297050446849	-228.911880815368505	-1.523416235078352	0.000346585953786	0.000096818367350	0.279348791524377	0.489423843618638	4	5	7	6	8	8	8	9	6	8	12	12	13	11	14	13	14	13	13	16	19	18	18	17	19	23	22	22	27	25	0	1	1	1	1	1	3	5	1	3	14	9	11	3	4	2	3	14	6	13	12	12	13	13	24	24	25	21	27	27	1	1	2	1	2	2	1	1	1	1	1	2	1	2	4	4	3	1	3	1	3	2	3	2	1	3	1	1	3	2
64500	-239.030397040094812	-237.412473044228619	-1.617923995866204	0.000281796840433	0.000065519888342	0.232507533587027	0.599558422208648	3	5	7	6	6	9	8	9	9	10	12	11	11	11	12	13	16	14	17	16	20	16	18	17	18	23	22	23	27	26	0	1	1	2	1	5	5	5	7	3	4	9	5	3	14	5	11	12	14	13	20	5	11	16	19	25	13	21	21	26	1	1	2	1	2	2	1	1	1	2	3	2	2	1	1	4	2	2	2	3	3	4	2	3	1	2	5	1	4	2
65000	-223.421396875306186	-221.391773810547960	-2.029623064758239	0.000276614191226	0.000037130927327	0.134233631189060	0.355757622534309	3	4	7	7	9	8	8	9	9	10	12	13	13	11	12	12	14	14	16	15	19	17	17	16	19	24	22	21	27	25	0	1	1	1	6	4	4	2	7	8	5	9	15	5	5	1	15	4	14	13	22	16	11	11	20	24	24	23	30	24	1	1	2	2	1	1	1	3	1	1	2	2	1	1	2	6	1	3	3	1	1	2	3	2	2	3	4	2	1	5
65500	-227.558078157960864	-225.924690553284989	-1.633387604675871	0.000229047347143	0.000051859248771	0.226412789400307	0.616756549926954	3	5	7	6	8	7	9	8	9	10	12	13	12	11	13	14	16	13	16	16	19	17	16	18	18	23	22	20	26	27	0	1	1	1	6	1	6	3	8	8	4	9	14	3	11	13	11	14	3	11	16	13	13	23	20	19	19	11	20	26	1	1	2	1	1	2	1	1	1	2	4	2	1	2	1	1	2	2	4	2	2	2	2	1	1	3	4	5	4	3
66000	-237.257853121314895	-235.553352217626497	-1.704500903688387	0.000212184197181	0.000042889708284	0.202134319396578	0.555575903586150	4	6	6	6	7	9	10	8	8	10	10	9	12	11	13	14	13	14	16	15	19	17	17	17	18	23	21	24	27	26	0	1	1	1	4	5	8	1	1	8	5	9	11	1	14	11	5	11	16	13	23	17	11	20	17	27	25	22	27	26	1	1	1	1	1	1	1	2	2	1	2	1	2	4	1	3	2	3	1	1	1	3	3	1	4	1	2	3	3	2
66500	-224.141934887020227	-222.142143059023141	-1.999791827997081	0.000299126628975	0.000041483809932	0.138683105793081	0.502787120555610	4	6	7	6	8	9	9	9	8	11	11	12	12	11	14	14	13	15	16	15	19	17	16	16	18	24	20	24	27	25	0	1	1	1	2	1	3	3	3	7	5	9	3	5	12	13	11	6	14	5	25	23	13	13	24	25	24	5	25	28	1	1	2	1	1	2	1	1	1	2	2	2	3	1	1	1	1	3	2	3	1	1	2	2	2	3	1	6	4	1
67000	-236.234017655447360	-234.338910525887854	-1.895107129559511	0.000320329068745	0.000050134786107	0.156510260851043	0.343338274888468	4	6	6	7	8	9	9	9	8	10	11	12	13	10	14	13	14	14	16	17	19	17	17	18	17	22	20	23	25	25	0	1	1	1	3	3	4	9	1	8	14	9	11	1	1	7	3	3	5	17	3	4	15	18	13	25	25	23	28	19	1	1	1	2	1	1	1	1	1	1	1	2	1	2	6	2	4	5	6	2	7	5	3	2	2	3	2	4	1	4
67500	-238.395029412120238	-236.556320875241084	-1.838708536879166	0.000395315792505	0.000066363832893	0.167875491319349	0.420912049007024	4	6	7	7	7	7	9	9	8	11	11	12	11	11	13	12	15	14	17	16	18	17	18	18	18	22	22	23	25	26	0	1	1	1	2	1	3	9	1	8	5	9	4	3	1	5	3	5	7	4	20	20	14	15	15	23	25	21	28	23	1	1	2	1	1	1	1	1	1	1	1	2	2	2	3	1	4	3	3	4	1	1	3	3	2	2	2	2	1	3
68000	-218.585132744256072	-216.493300411117502	-2.091832333138567	0.000291921855669	0.000036692449267	0.125692710408801	0.431480416937296	4	5	6	7	7	8	7	9	9	10	11	13	12	12	10	13	15	14	17	16	19	17	17	18	19	22	22	23	27	27	0	1	1	1	2	1	3	6	7	8	5	11	5	11	4	13	11	11	4	5	20	1	11	13	13	22	23	23	25	26	1	1	1	1	1	2	1	1	1	1	2	1	2	1	1	1	2	2	5	5	2	6	3	3	2	3	3	3	4	3
68500	-233.457199528113904	-231.388024044769509	-2.069175483344400	0.000281161327873	0.000036184124214	0.128695238735907	0.484478031807328	4	6	6	8	9	7	9	10	7	10	11	12	12	11	13	14	16	14	16	16	19	17	18	14	17	22	22	23	25	26	0	1	1	2	2	1	3	9	1	9	1	7	3	4	5	14	1	11	3	24	4	17	24	13	16	20	25	22	26	19	1	1	1	1	1	2	2	1	2	2	3	2	3	1	2	2	4	2	5	1	6	1	2	1	1	2	3	4	2	3
69000	-228.226423782997756	-226.632833770698113	-1.593590012299638	0.000256633687829	0.000062320517122	0.242838411625758	0.568969224883776	4	6	7	7	8	9	10	8	7	11	11	12	12	11	14	14	14	14	17	15	18	16	16	16	19	23	21	20	26	25	0	1	1	1	1	3	9	4	1	8	7	7	11	1	7	7	7	5	5	13	17	3	16	16	20	25	20	19	25	27	1	1	1	2	2	1	2	1	2	2	1	1	1	3	1	2	2	3	3	2	2	5	1	1	2	2	3	1	3	1
69500	-237.246785569947491	-235.490520955666312	-1.756264614281170	0.000323101395841	0.000060572062065	0.187470753281556	0.563507625468333	3	5	7	7	9	7	8	9	9	11	11	12	11	11	13	13	14	14	17	17	19	16	18	17	18	24	23	24	25	27	0	1	2	1	4	1	1	3	6	8	4	9	5	3	14	14	12	5	17	11	25	11	17	14	5	23	25	17	27	27	1	1	1	1	1	2	2	1	1	1	2	2	1	3	1	1	1	2	2	3	1	2	2	4	4	3	2	5	1	2
70000	-224.029210983130213	-222.400780815931569	-1.628430167198654	0.000202921430833	0.000046333029274	0.228329896373031	0.642257823044215	4	6	7	7	8	8	6	8	8	10	12	12	12	11	13	14	13	14	16	16	19	16	18	17	18	22	23	23	26	25	0	1	1	1	1	3	1	4	7	8	1	7	14	4	11	1	5	17	3	16	13	16	24	20	13	20	26	22	27	24	1	1	2	2	2	1	1	1	1	1	3	3	1	2	1	5	2	1	4	1	2	1	1	1	2	2	1	5	1	3
70500	-224.955124619951874	-222.877188059942142	-2.077936560009733	0.000355353541725	0.000045314741365	0.127520162441041	0.552097728532220	3	5	7	7	8	9	9	9	8	10	10	12	12	11	13	13	14	13	17	16	18	18	17	17	19	23	22	22	26	25	0	1	1	2	2	5	4	1	3	3	5	9	6	3	13	11	8	5	13	11	13	19	13	13	23	25	19	21	23	20	1	1	2	1	1	1	1	4	1	1	1	2	2	2	1	2	3	3	2	3	4	1	2	2	2	2	4	2	4	5
71000	-235.253192029886293	-233.616113252126041	-1.637078777760253	0.000303533775474	0.000068297226293	0.225007006834857	0.487704727558429	4	5	8	7	9	8	8	10	9	9	12	13	12	10	13	13	15	14	17	17	19	15	17	17	17	23	22	22	25	24	0	1	2	1	7	1	1	10	7	1	7	9	4	7	4	5	5	16	5	13	12	16	16	15	17	13	23	22	20	27	1	1	3	1	1	1	2	1	1	2	2	2	3	1	3	2	3	1	5	2	3	1	2	2	1	5	3	2	4	1
71500	-249.405042614231775	-247.449366772980113	-1.955675841251661	0.000308548286962	0.000044968776134	0.145743075019025	0.372963639292319	3	5	7	8	9	8	10	8	7	11	10	12	11	11	12	14	13	15	16	17	18	16	15	18	18	22	23	24	27	26	0	1	1	1	2	1	6	9	1	8	4	7	1	6	2	6	11	17	14	22	6	5	11	19	19	24	19	21	27	27	1	1	2	2	3	2	1	1	1	2	1	1	3	2	4	2	1	2	2	1	5	4	3	1	2	2	3	4	2	1
72000	-256.202353368294894	-254.637504020250134	-1.564849348044778	0.000401280753727	0.000102893200508	0.256411999709527	0.495404510840172	4	6	6	8	9	7	8	9	8	11	10	10	12	12	14	12	15	12	15	17	19	16	18	17	19	23	23	23	26	24	0	1	1	3	4	3	1	9	3	8	4	2	10	5	11	3	12	1	10	13	22	13	22	5	23	14	16	13	25	20	1	1	1	1	1	1	1	1	1	2	2	3	1	2	2	3	2	5	1	3	1	2	2	4	1	6	6	4	2	2
72500	-240.017897552322978	-238.392412833864228	-1.625484718458747	0.000306029044612	0.000070229110452	0.229485114854787	0.506389602523356	3	5	8	6	7	9	9	8	8	9	11	13	12	11	12	11	16	13	13	17	20	16	18	18	16	24	23	22	24	26	0	1	5	1	1	5	4	4	5	8	5	7	16	5	3	3	18	16	1	11	24	3	25	25	11	25	13	23	25	26	1	1	1	2	1	1	1	1	1	1	2	2	1	2	1	1	2	1	5	2	1	5	2	2	2	3	5	2	4	1
73000	-232.013721686873851	-230.136891826955036	-1.876829859918810	0.000379614981810	0.000060753078795	0.160038675254253	0.485728948692010	4	6	6	7	8	9	9	9	9	9	11	13	12	10	13	13	14	13	16	17	20	16	18	17	18	23	22	21	26	26	0	1	1	3	2	4	4	4	5	5	1	13	5	3	5	5	13	11	15	17	19	15	3	16	15	20	25	16	20	28	1	1	1	1	1	1	1	1	1	1	2	1	2	1	2	2	2	1	2	2	2	2	4	2	3	4	3	4	3	3
73500	-216.691995777376349	-214.348821875911369	-2.343173901464989	0.000272955561566	0.000026969843744	0.098806719998258	0.577725046066844	4	6	8	7	8	9	9	9	8	11	10	12	12	11	13	13	15	14	16	15	19	15	17	17	18	23	22	23	27	26	0	1	1	1	2	4	9	4	1	8	1	14	3	5	3	1	13	16	15	14	3	13	20	20	13	21	21	20	30	27	1	1	2	2	1	1	1	1	2	1	4	1	2	3	2	4	2	1	2	2	6	1	1	1	3	2	2	4	1	2
74000	-238.207292272136073	-236.624780211325174	-1.582512060810912	0.000343942123314	0.000085255906294	0.247878641535250	0.617884519051448	3	5	6	7	9	8	10	7	8	10	10	13	12	11	14	13	16	14	15	17	17	17	16	17	19	21	20	21	25	26	0	1	2	2	8	3	9	1	8	8	8	14	14	4	14	5	18	11	11	11	13	23	18	11	23	23	20	21	13	25	1	1	1	1	1	1	1	2	1	2	1	1	1	3	2	2	1	2	2	3	2	1	1	4	2	2	2	2	6	3
74500	-228.177633058276626	-226.090175211037916	-2.087457847238697	0.000326291503990	0.000041198635442	0.126263279732067	0.523387740695950	3	4	7	8	7	9	10	9	9	10	10	12	12	11	12	13	16	14	16	15	19	18	18	18	18	23	22	24	27	24	0	1	2	5	2	5	9	3	3	8	5	7	1	3	6	11	18	16	15	15	24	4	16	3	16	19	23	19	24	24	1	1	2	1	1	1	1	1	1	1	1	1	4	1	1	3	2	1	2	1	1	4	3	4	2	3	1	3	4	3
75000	-229.211136420701024	-227.226680819388179	-1.984455601312859	0.000236607765801	0.000033378136534	0.141069488656074	0.542889806031151	3	5	7	7	8	8	9	9	8	11	12	11	10	11	14	13	15	14	15	16	19	17	14	17	17	23	22	23	27	27	0	1	1	1	1	1	5	5	1	8	13	7	3	4	11	8	18	11	16	23	16	23	13	11	11	23	24	24	26	26	1	1	2	2	3	2	1	1	2	1	2	1	1	2	1	2	1	1	1	1	3	2	2	3	2	5	2	4	2	1
75500	-235.625211170168797	-234.055854871194128	-1.569356298974680	0.000277788783159	0.000070606341723	0.254172760038480	0.538372076220918	3	5	7	7	9	9	10	7	9	9	11	12	12	9	13	13	15	15	16	17	19	17	18	18	18	23	23	23	24	26	0	1	1	1	1	3	10	2	8	8	5	9	14	4	12	3	11	5	18	5	22	5	5	22	11	20	23	23	24	27	1	1	1	2	2	1	1	1	1	1	1	2	2	1	1	2	1	2	1	4	1	4	4	1	5	3	3	3	2	2
76000	-251.668771582931385	-250.006280720402088	-1.662490862529292	0.000305775524782	0.000065985318189	0.215796598618704	0.571054681249751	3	5	6	7	9	8	10	8	9	10	11	12	13	11	13	13	15	12	15	14	16	18	18	17	19	23	21	22	26	25	0	1	1	2	3	3	9	1	4	9	1	7	3	7	18	11	13	5	14	13	13	3	24	13	16	18	25	25	24	22	1	1	1	1	1	1	1	2	2	1	5	1	2	1	1	2	1	2	2	1	1	6	1	3	3	5	1	2	3	3
76500	-257.432691099174804	-255.725896012829537	-1.706795086345277	0.000356697963982	0.000071852346043	0.201437499785008	0.553360815514820	1	4	5	7	8	9	10	10	8	11	11	12	13	11	13	11	15	15	16	16	18	16	17	17	18	21	21	23	25	27	0	1	1	1	1	3	2	3	4	9	1	9	5	6	6	8	6	16	6	16	16	17	17	17	17	13	21	17	27	11	1	2	2	2	3	2	2	2	1	2	3	2	2	1	1	1	4	2	4	2	3	1	1	1	2	4	1	4	3	5
77000	-223.833725841027245	-222.199981268123963	-1.633744572903289	0.000305457705974	0.000069117760163	0.226276040221833	0.560266734206726	3	5	7	8	9	8	8	9	9	10	10	13	13	11	13	14	13	14	15	16	19	16	17	18	18	24	21	23	24	26	0	1	1	2	7	3	3	4	7	8	3	11	5	4	5	6	11	3	11	11	22	17	13	13	18	27	24	13	27	24	1	1	2	1	1	1	1	1	1	1	2	1	1	1	1	3	2	4	3	2	2	3	2	2	2	2	1	6	2	3
77500	-218.004881264670956	-216.260698367162746	-1.744182897508216	0.000354993427871	0.000067699617357	0.190706678045551	0.591219302653927	4	5	8	8	7	8	9	9	6	11	11	11	12	10	11	13	14	13	15	16	18	17	16	18	19	24	23	24	26	27	0	1	1	5	2	1	4	5	1	8	1	8	5	4	5	11	14	4	18	17	16	13	6	17	24	27	25	18	26	27	1	1	2	1	1	2	1	1	1	1	3	1	2	1	1	1	3	3	1	1	2	2	4	1	1	1	2	6	1	2
78000	-226.582423505663598	-224.910659102633844	-1.671764403029767	0.000378394671926	0.000080455788817	0.212624000247788	0.647759810091230	4	6	6	7	9	8	8	8	8	10	11	12	12	12	12	13	15	12	16	16	20	16	17	17	18	22	22	23	27	27	0	1	1	1	6	3	4	2	3	7	8	9	6	5	5	15	13	4	12	11	19	13	22	22	24	21	25	14	28	26	1	1	2	2	1	1	1	1	1	1	1	2	2	2	2	1	2	2	2	2	2	2	1	1	1	1	3	7	2	2
78500	-267.745789990791991	-266.083963833980988	-1.661826156810980	0.000474461114988	0.000102496738455	0.216027689556594	0.605075182615305	3	4	6	7	9	8	9	10	9	11	10	13	12	12	13	14	12	14	17	16	19	17	17	14	19	23	22	24	26	24	0	1	1	2	4	3	3	9	1	9	5	13	3	2	10	13	4	13	11	12	16	16	13	12	22	23	20	21	20	19	1	1	1	1	1	1	1	1	2	1	1	1	3	5	1	1	3	1	3	2	1	2	2	1	1	2	2	3	4	3
79000	-213.429770466831854	-211.564454563665606	-1.865315903166245	0.000239922001288	0.000038947773667	0.162335148331582	0.575655991878212	3	4	7	7	7	7	10	9	9	11	12	12	13	11	14	14	15	13	14	16	18	16	16	18	18	23	21	23	27	26	0	1	1	1	1	1	5	5	5	3	4	9	5	3	11	13	18	11	11	11	13	13	13	23	23	27	11	20	30	27	1	1	2	1	2	2	2	1	1	2	2	2	3	1	1	1	1	1	1	2	2	2	2	1	1	1	5	4	1	3
79500	-250.332654436637284	-248.571142911052306	-1.761511525584972	0.000309934797641	0.000057678172644	0.186097763409946	0.407960624204703	4	6	6	6	7	8	8	9	8	11	10	12	13	11	13	14	15	13	15	16	20	17	17	17	18	23	21	22	26	25	0	1	1	1	1	3	5	7	5	11	6	7	8	1	4	12	3	11	6	8	17	19	11	11	13	19	21	21	11	25	1	1	1	1	2	1	1	1	1	1	2	2	1	3	3	1	3	2	5	3	3	1	3	5	3	5	1	1	8	4
80000	-230.336699348635221	-228.261269947966355	-2.075429400668878	0.000246198903842	0.000031477662090	0.127854598857432	0.407222363120316	3	5	7	6	8	8	10	7	8	9	11	12	10	12	13	14	15	15	16	16	19	17	18	17	18	23	22	24	27	26	0	1	4	1	1	4	5	1	8	8	5	9	5	4	5	1	5	3	15	13	14	18	13	20	18	20	23	22	27	26	1	1	1	2	2	1	1	3	1	1	2	2	2	3	2	5	3	4	1	3	3	2	4	1	2	4	2	4	2	1
80500	-231.503942016094470	-229.548027652397849	-1.955914363696633	0.000354883408990	0.000051707664373	0.145703245243199	0.457519195314023	3	6	7	7	8	9	10	7	8	10	11	12	12	12	13	13	15	13	15	16	19	17	16	16	18	23	22	23	27	25	0	1	2	1	8	1	2	1	4	6	2	7	7	2	11	13	2	6	15	17	16	14	13	6	11	24	23	25	28	17	1	1	1	3	1	3	2	2	1	1	2	1	2	3	1	1	5	1	1	1	4	2	2	3	4	4	4	3	2	6
81000	-227.487246095141074	-225.813923097114412	-1.673322998026668	0.000311776326930	0.000066127759981	0.212100003333997	0.641483485330669	4	5	7	7	7	9	8	9	9	10	9	13	11	11	13	12	15	14	16	17	19	17	16	18	19	22	23	23	26	26	0	1	1	1	1	3	1	4	7	8	4	9	11	5	11	13	3	14	12	13	19	15	14	11	17	24	26	17	20	26	1	1	1	2	1	2	1	1	1	1	1	2	1	2	2	1	5	1	2	2	2	2	2	3	3	2	1	3	4	2
81500	-235.346641437384335	-233.566885562985959	-1.779755874398363	0.000392377839788	0.000071204076586	0.181468139547483	0.661350725092257	4	6	7	8	8	8	10	8	8	10	10	13	11	11	13	14	16	14	14	16	18	18	18	17	17	23	22	20	26	24	0	1	2	1	2	2	9	1	3	9	5	13	3	6	11	15	13	13	13	13	13	20	17	11	15	21	20	15	30	27	1	1	1	2	1	1	1	2	1	1	1	2	3	1	1	1	2	2	1	2	3	2	1	3	2	3	3	3	1	1
82000	-219.577685868637928	-217.897914010496635	-1.679771858141288	0.000303097515245	0.000063638113797	0.209959206512021	0.634096454679326	4	6	7	8	7	9	8	9	8	11	10	11	12	11	13	14	15	14	16	16	16	16	18	18	18	22	23	24	26	26	0	1	1	3	1	3	5	7	1	8	7	5	11	4	7	12	13	15	14	13	15	16	20	22	20	20	25	26	27	26	1	1	1	1	2	1	1	1	2	1	1	2	1	1	3	1	1	1	1	1	2	2	1	1	1	2	2	1	1	3
82500	-231.327517178670576	-229.616106864189703	-1.711410314480876	0.000383638498941	0.000076746833423	0.200049874125142	0.477921232881981	4	5	7	8	8	7	9	9	7	11	12	12	12	12	14	14	15	14	16	16	19	17	17	15	19	23	22	23	25	26	0	1	2	2	2	1	4	5	1	8	4	1	9	1	12	11	5	1	16	3	16	11	13	13	17	25	23	13	27	13	1	1	1	1	1	1	1	1	2	1	2	3	2	4	1	1	3	5	1	5	2	3	3	2	1	3	3	5	1	6
83000	-231.996733535713247	-230.022408205455861	-1.974325330257399	0.000315508270920	0.000045018211967	0.142684728471999	0.532424348373288	3	5	8	8	6	9	10	10	8	11	10	12	11	11	13	13	13	12	13	16	19	15	17	18	17	23	23	23	27	26	0	1	5	1	2	5	4	9	5	8	1	9	4	6	13	13	13	4	14	16	22	5	20	22	17	25	25	25	27	26	1	1	1	2	1	1	1	1	1	1	4	2	2	1	1	1	1	2	1	1	2	4	1	2	2	2	4	3	3	2
83500	-232.961336801564954	-231.078919900846756	-1.882416900718193	0.000297759553726	0.000047327444224	0.158945174492785	0.428368528648461	3	5	7	8	9	9	7	9	8	11	11	12	13	11	14	13	16	15	15	15	19	17	18	17	16	22	22	24	27	26	0	1	1	3	3	3	2	3	3	8	7	9	5	5	16	11	16	11	3	11	22	13	20	11	11	23	25	11	28	25	1	1	2	1	1	1	1	1	1	1	3	3	2	1	1	2	1	3	3	2	1	3	1	2	3	2	4	6	2	6
84000	-233.339261008447153	-231.638385084878252	-1.700875923568910	0.000397037563278	0.000080695921620	0.203245055591398	0.440802334691694	4	5	7	7	8	8	8	9	8	11	11	13	12	10	14	12	15	14	16	17	19	18	18	18	18	23	23	23	26	26	0	1	2	2	1	3	1	1	4	7	4	10	3	5	14	10	15	5	11	19	6	4	11	19	17	20	20	5	19	26	1	1	1	1	2	1	2	2	1	2	1	1	3	1	2	1	1	3	3	1	5	5	4	1	1	3	3	6	6	1
84500	-235.127501110350210	-233.452185887429977	-1.675315222920226	0.000289902463097	0.000061295234867	0.211433991324132	0.400463260112240	4	5	7	7	8	9	6	9	8	8	11	12	13	11	12	11	15	14	16	17	18	18	17	18	18	24	21	23	27	26	0	1	2	1	4	3	1	2	7	7	6	7	16	3	16	1	5	14	4	4	13	14	14	14	13	17	23	17	23	23	1	1	1	2	1	2	1	2	1	1	1	3	1	3	1	3	4	1	4	5	2	3	3	4	2	5	2	4	4	5
85000	-247.945852996808810	-245.969415953104800	-1.976437043704000	0.000394418997218	0.000056143732348	0.142345406139637	0.525212484493444	4	6	6	7	9	8	7	9	8	10	10	11	11	11	13	12	15	14	15	17	19	14	18	16	16	22	21	24	25	27	0	1	1	2	7	3	1	7	7	7	6	9	5	4	1	3	4	14	2	16	18	11	25	3	19	23	20	23	20	24	1	1	1	1	1	1	2	1	1	1	1	2	1	2	5	2	4	2	4	2	2	2	1	4	1	3	2	2	4	7
85500	-230.989088335949020	-228.902285682672385	-2.086802653276625	0.000268281852921	0.000033897172901	0.126349108340491	0.492274015862825	4	6	6	8	8	9	10	9	9	10	10	12	13	11	13	12	15	13	15	15	19	15	17	17	18	22	22	24	26	26	0	1	1	3	2	1	6	3	3	8	1	7	16	4	6	4	11	4	3	18	6	15	11	20	22	24	20	14	28	27	1	1	1	1	2	3	1	1	2	1	3	1	1	2	2	2	2	3	4	1	5	1	3	1	2	2	5	7	1	2
86000	-232.932248799702364	-230.831296935173071	-2.100951864529289	0.000260172776734	0.000032395911787	0.124516916002977	0.433506103653785	3	6	8	8	9	9	10	7	8	10	10	13	11	11	13	13	16	13	15	17	19	17	18	18	17	23	23	21	27	26	0	1	2	2	2	2	4	1	8	8	1	9	3	6	2	4	13	4	14	17	11	15	13	25	15	20	20	20	27	27	1	2	1	1	1	2	1	1	1	1	4	2	2	1	4	2	2	2	2	1	4	2	4	1	2	3	4	2	2	1
86500	-248.080738734864610	-246.304881343095076	-1.775857391769544	0.000463673045149	0.000084592088020	0.182439089148577	0.537594116006287	3	6	8	6	8	9	8	9	7	10	11	13	11	10	14	13	16	14	16	16	19	17	14	17	18	23	22	23	26	26	0	1	2	1	9	9	4	2	1	2	6	11	3	2	5	8	6	4	23	23	24	16	14	14	15	17	24	18	19	22	1	2	1	2	1	1	1	1	2	2	1	1	1	2	2	1	2	2	2	1	1	3	2	3	2	2	2	6	5	4
87000	-226.294362191605245	-224.558207779402039	-1.736154412203200	0.000312669804358	0.000060319220496	0.192916679690699	0.569114603035736	4	5	7	8	9	9	9	10	8	11	10	11	11	11	13	13	15	14	15	16	19	17	17	17	19	23	23	24	25	26	0	1	1	1	9	3	4	9	1	8	4	7	5	7	13	14	13	4	3	11	22	11	14	20	20	25	23	4	27	29	1	1	1	2	1	1	1	1	2	1	1	1	2	1	1	2	2	2	3	2	1	3	3	1	2	2	3	7	1	1
87500	-224.220333881622253	-222.165187625507627	-2.055146256114613	0.000325473740658	0.000042511764048	0.130615035063389	0.501330328138322	4	5	7	6	8	8	10	8	9	10	10	13	12	12	14	13	16	14	17	17	20	16	17	17	18	23	21	24	25	26	0	1	2	1	3	3	6	1	8	8	5	7	11	4	5	11	14	3	3	13	15	11	15	6	13	19	20	18	27	28	1	1	1	1	1	1	1	2	1	1	1	1	1	3	3	2	2	4	5	3	3	2	1	5	4	3	2	6	3	1
88000	-227.067261943548203	-225.201925688056832	-1.865336255491362	0.000391252724447	0.000063512460468	0.162331036946943	0.554493102631840	2	5	7	7	6	9	10	9	8	11	12	12	12	11	13	13	14	14	15	16	19	17	18	17	19	23	22	22	27	26	0	1	2	5	2	3	9	9	5	8	3	7	6	4	14	2	13	6	11	16	20	11	20	11	22	23	24	21	21	16	1	2	1	1	1	1	1	1	1	1	3	1	2	2	1	4	1	2	2	2	2	2	1	3	1	4	3	1	4	6
88500	-233.414242929852293	-231.595260202284749	-1.818982727567539	0.000217544312302	0.000037463128932	0.172209185959506	0.397572004006769	3	5	7	7	8	6	10	10	9	11	10	12	12	10	13	10	15	14	16	16	19	17	17	17	17	22	22	22	24	26	0	1	1	6	2	1	5	3	3	6	1	9	16	5	5	4	3	3	11	13	18	11	20	13	13	20	24	21	27	26	1	1	3	1	3	2	1	2	1	3	4	2	1	1	2	3	4	3	3	2	3	4	1	2	3	3	4	1	1	3
89000	-247.798183857814479	-245.920383850905523	-1.877800006908946	0.000242566659324	0.000038773755278	0.159847834761108	0.439386012308616	3	5	7	7	9	8	7	10	8	10	11	11	12	12	12	13	16	14	15	17	18	17	18	14	17	24	23	23	26	26	0	1	1	1	7	4	1	3	7	4	5	9	5	3	4	7	4	14	1	11	15	16	11	16	16	3	23	23	24	27	1	1	2	2	1	1	2	2	1	2	1	1	2	2	3	2	4	1	6	5	3	2	3	1	2	5	3	3	6	2
89500	-242.282662192998941	-240.349143204594611	-1.933518988404328	0.000232754067466	0.000034803072163	0.149527235087020	0.497768340685482	2	5	7	7	8	8	9	9	9	10	12	12	13	11	14	14	14	13	16	16	19	16	17	18	15	24	23	22	26	26	0	1	1	1	1	4	3	4	5	8	4	9	14	2	11	6	6	5	17	13	14	14	11	17	13	20	20	24	23	26	1	1	3	3	3	1	1	1	1	1	3	2	1	3	1	3	2	3	1	1	4	3	1	2	1	5	3	2	5	1
90000	-219.184641202275543	-217.570702988053796	-1.613938214221750	0.000243992335345	0.000057127143570	0.234134992351275	0.581960891291865	4	5	7	6	6	8	9	7	8	10	12	12	13	11	14	13	13	13	16	15	17	17	17	17	19	24	22	22	26	26	0	1	1	1	1	3	9	1	5	8	4	9	14	5	12	1	14	3	11	13	4	19	20	20	21	24	21	21	27	26	1	1	2	1	1	1	1	2	1	1	3	2	2	2	1	5	1	3	2	1	5	1	1	2	1	4	2	2	2	1
90500	-244.417745668233806	-242.405732111014970	-2.012013557218824	0.000345262393565	0.000047242349267	0.136830277921017	0.516628703305404	2	6	8	7	7	8	7	8	8	10	10	13	13	11	12	14	16	15	16	17	19	18	17	18	17	23	22	23	24	26	0	1	1	2	2	5	1	5	7	8	5	9	5	4	11	15	14	6	5	13	20	23	7	14	17	20	23	17	24	28	1	2	3	1	1	1	2	1	1	1	1	2	3	2	1	1	3	2	4	1	1	1	4	4	1	4	3	3	2	2
91000	-258.539014631591556	-256.768416160678214	-1.770598470913352	0.000259669787968	0.000047718070378	0.183764429242818	0.556978362331519	4	6	5	8	6	9	10	9	8	10	11	10	11	9	13	14	12	14	16	16	20	16	17	16	18	24	22	22	26	25	0	1	1	3	1	5	9	1	1	8	5	9	5	4	11	8	3	4	11	11	18	11	22	11	6	19	25	23	27	26	1	1	1	1	1	1	1	2	2	1	3	1	2	1	1	3	3	2	3	2	3	3	1	2	3	5	2	2	2	1
91500	-258.232704784855230	-256.701182438861679	-1.531522345993533	0.000321173627776	0.000088158351805	0.274488140311392	0.442830239364284	2	4	7	8	6	7	9	9	9	11	11	11	12	11	13	11	14	15	16	17	18	17	18	18	18	24	22	23	26	26	0	1	2	5	2	1	6	6	3	3	3	6	4	4	8	3	4	5	1	18	18	14	3	6	20	11	17	23	25	23	1	1	1	1	1	3	1	1	2	2	2	3	1	2	2	2	3	4	8	1	3	3	5	5	1	7	5	2	4	4
92000	-246.329358158211988	-244.410401991576151	-1.918956166635833	0.000428304601896	0.000065148973795	0.152108974562442	0.320967597361833	3	5	7	7	6	8	9	9	7	10	12	12	12	11	13	13	16	14	16	17	18	17	17	17	18	22	22	23	25	26	0	1	5	1	2	3	4	9	1	4	2	1	3	3	3	1	6	5	1	13	4	18	15	15	17	25	25	14	25	24	1	1	1	2	1	1	1	1	2	2	2	4	2	2	4	6	4	3	7	4	6	3	2	2	1	2	3	7	3	3
92500	-246.562700478779959	-244.910701840853079	-1.651998637926875	0.000320348475653	0.000070317800436	0.219504089389646	0.523960133695924	4	5	6	7	8	8	7	9	8	11	11	13	13	11	12	13	13	15	15	17	19	17	15	17	19	23	22	23	25	26	0	1	1	1	3	3	1	4	1	8	3	9	1	1	7	15	11	17	5	18	22	5	15	23	11	20	20	25	13	22	1	1	1	2	1	1	2	1	2	2	3	1	4	3	2	1	2	1	3	2	1	4	2	1	4	2	3	3	6	5
93000	-255.593503710156256	-254.018883171975119	-1.574620538181135	0.000290305987656	0.000073044469896	0.251611999070448	0.451796540557498	3	5	7	7	8	8	9	10	9	10	11	12	12	10	13	14	15	14	15	16	19	18	18	16	18	22	21	20	25	27	0	1	1	1	2	1	6	1	5	5	14	7	8	4	6	15	5	12	11	14	17	17	17	13	14	13	13	17	24	26	1	1	1	2	3	2	1	3	1	1	1	3	1	2	1	1	3	1	2	3	1	2	2	1	6	5	3	2	3	3
93500	-256.805014546274947	-254.999369076387239	-1.805645469887734	0.000306766852562	0.000053763116733	0.175257255742150	0.394587180690453	3	6	5	7	6	8	10	10	8	10	10	11	12	11	13	12	15	13	17	16	19	18	16	17	19	24	22	24	26	26	0	1	1	1	3	1	9	6	5	4	3	11	1	4	3	6	6	5	11	14	15	16	11	5	18	27	20	1	19	23	1	1	1	1	1	3	2	1	1	2	3	1	5	2	4	2	2	4	4	3	4	2	3	5	3	2	3	9	4	3
94000	-215.078561492728738	-213.380312202067358	-1.698249290661369	0.000309246620294	0.000063104069589	0.204057426815923	0.714024734936774	4	5	7	7	7	9	8	8	9	11	11	13	13	10	13	12	12	14	17	17	20	15	17	17	19	24	21	23	25	26	0	1	2	2	2	1	1	3	7	8	6	14	11	1	11	3	4	3	15	22	25	11	13	13	13	27	20	11	27	29	1	1	1	1	1	2	2	1	1	2	1	2	1	3	1	2	2	4	1	1	1	2	2	2	3	1	2	5	2	1
94500	-230.333193875770206	-228.348038759915539	-1.985155115854664	0.000316734718713	0.000044646645117	0.140959113349711	0.473342874367733	4	6	7	7	9	7	8	9	9	10	11	11	12	11	14	13	15	14	15	16	20	15	17	15	18	23	22	23	26	26	0	1	1	2	1	1	3	6	7	7	4	9	1	1	5	11	7	4	16	3	16	11	17	14	1	23	20	20	20	26	1	1	2	1	2	2	1	1	1	1	1	1	4	3	2	1	3	3	1	4	3	2	1	2	6	3	3	3	5	1
95000	-233.502618317470422	-231.857338788247830	-1.645279529222589	0.000236976925610	0.000052596457115	0.221947588273090	0.679236447240805	4	6	7	6	6	8	9	7	8	11	12	12	12	11	14	14	15	14	16	17	17	15	16	16	19	24	22	23	27	27	0	1	1	1	1	3	1	1	8	8	2	9	7	4	11	11	11	11	14	13	16	13	13	13	24	24	24	11	23	28	1	1	1	1	1	1	2	2	1	2	3	2	1	1	1	1	1	2	2	2	1	1	2	2	1	4	5	5	6	2
95500	-223.924555396907721	-222.407280556235889	-1.517274840671840	0.000285296352494	0.000080787830967	0.283171622284161	0.610603818404076	4	6	6	7	9	7	10	9	8	10	11	13	10	10	13	14	16	14	15	16	19	15	17	18	16	24	22	23	26	27	0	1	1	1	6	3	4	4	3	8	5	9	5	1	5	5	7	14	7	14	16	14	11	20	13	27	20	21	26	26	1	1	1	2	1	1	2	1	1	1	1	2	1	2	2	2	3	2	3	3	2	1	3	1	3	1	3	2	1	2
96000	-244.012572828134296	-242.294689264738054	-1.717883563396236	0.000350857295163	0.000069517040865	0.198134802449757	0.443013742397568	4	6	6	5	7	7	9	8	7	10	10	11	12	11	14	13	16	12	16	15	19	17	17	16	19	23	21	23	27	27	0	1	1	1	4	3	8	9	1	3	3	9	3	11	18	5	5	5	15	16	20	11	18	1	17	27	25	16	27	13	1	1	1	1	1	1	1	1	1	2	1	2	4	1	1	4	4	3	1	1	2	5	2	5	1	1	1	5	4	6
96500	-216.024458230811234	-213.938887942894610	-2.085570287916611	0.000280487022725	0.000035484639904	0.126510808091532	0.602994053556657	3	5	6	7	8	9	9	7	9	11	11	12	12	10	13	14	15	14	16	15	20	17	16	16	19	23	22	22	26	26	0	1	1	1	1	5	5	1	8	5	6	9	11	5	6	15	15	5	17	18	16	11	18	18	22	25	25	19	26	26	1	1	1	2	2	1	1	2	1	1	1	2	1	1	2	1	1	5	1	1	3	3	1	1	1	1	1	4	1	1
97000	-238.120736629214207	-236.236493166526031	-1.884243462688185	0.000301635563150	0.000047836554552	0.158590565558344	0.424392821165273	3	5	7	8	8	7	8	9	9	10	11	12	11	11	14	13	14	13	17	15	19	16	18	18	18	24	22	23	26	25	0	1	2	1	1	1	6	6	7	8	5	3	4	6	4	3	18	11	3	1	14	14	14	16	11	25	21	19	27	24	1	1	1	2	2	2	1	1	1	1	2	3	1	2	3	3	1	2	4	7	4	1	4	2	2	3	1	3	3	3
97500	-238.284372215383513	-236.796944402203138	-1.487427813180388	0.000261860740878	0.000079546055514	0.303772361014901	0.458436334747787	3	5	7	6	9	8	9	9	9	11	9	12	12	12	14	13	15	15	16	14	20	17	18	18	19	23	22	23	26	26	0	1	1	1	2	4	3	3	3	5	1	7	3	3	3	6	13	3	14	11	18	13	11	17	17	25	23	16	13	27	1	1	2	1	3	1	1	1	1	1	3	2	3	3	4	2	3	4	2	2	2	3	6	2	2	3	2	5	7	2
98000	-228.911840503460354	-227.176009655900089	-1.735830847560271	0.000274339107105	0.000052949307258	0.193006778422651	0.393619296786348	3	6	6	7	8	9	9	9	7	10	11	11	12	11	14	14	15	14	15	15	19	17	17	17	17	24	23	23	25	26	0	1	1	1	2	5	9	4	1	8	5	8	11	5	5	1	2	11	14	13	4	13	11	11	11	21	21	11	23	20	1	1	2	2	1	1	1	1	3	1	2	1	1	2	3	5	4	1	2	2	7	3	3	3	3	2	2	6	5	5
98500	-226.539745029501688	-224.842881182812533	-1.696863846689148	0.000320222172189	0.000065481753753	0.204488506543114	0.322582930012727	3	5	7	7	7	9	9	9	7	11	9	11	11	8	13	14	15	15	15	17	19	17	17	17	18	23	22	24	25	26	0	1	2	1	2	3	5	9	1	4	4	7	5	1	7	5	3	15	13	17	4	16	13	15	17	21	20	17	20	23	1	1	1	2	1	1	1	1	2	2	1	1	2	3	3	3	4	1	2	1	6	1	3	2	2	2	2	3	4	4
99000	-249.436679881544876	-247.661458660987535	-1.775221220557328	0.000445929820641	0.000081426098007	0.182598458856251	0.461409257983559	4	5	7	8	6	9	10	9	9	11	12	12	11	11	12	13	16	14	13	17	19	16	17	18	18	23	22	23	26	26	0	1	5	5	2	3	4	1	1	5	2	7	7	7	4	13	10	15	14	8	19	5	4	17	8	21	20	20	13	20	1	1	1	1	1	1	1	2	3	2	3	1	1	1	3	1	2	1	1	2	3	4	6	1	5	2	3	2	9	3
99500	-240.148564010183264	-238.223309222919880	-1.925254787263371	0.000242323472342	0.000036586681749	0.150982822241431	0.505917224335756	3	5	8	7	7	8	10	8	9	11	8	12	12	11	12	14	15	14	15	17	20	17	18	17	17	23	22	24	26	26	0	1	5	1	2	1	6	5	6	8	4	7	2	11	1	13	4	4	5	19	22	11	13	5	11	23	24	15	27	24	1	1	1	2	1	2	1	1	1	2	1	1	3	1	5	1	4	2	3	2	1	5	3	5	4	2	3	6	3	4
100000	-226.462739934553241	-224.541852419109176	-1.920887515444054	0.000394155126308	0.000059817809113	0.151762098523993	0.452389274696709	3	5	7	6	8	6	9	9	8	10	12	11	12	12	13	13	15	14	16	16	20	18	18	16	17	23	22	24	25	27	0	1	2	2	6	1	6	5	6	6	10	7	3	3	14	1	18	13	6	11	15	20	19	14	14	11	19	23	19	20	1	1	1	1	1	2	1	1	1	2	1	1	2	2	1	3	1	1	5	2	3	1	2	1	3	6	3	3	5	4