step	p_accept_mu1	p_accept_gamma	p_accept_pi	p_accept_Tinf	sigma_mu1	sigma_gamma	sigma_pi	n_like_zero
1		1.00000	1.00000	1.00000	1.00000	0.000100000000000	1.000000000000000	0.010000000000000	0
500		1.00000	1.00000	1.00000	0.40126	0.000100000000000	1.000000000000000	0.010000000000000	0
1000		-nan	-nan	0.93400	0.39834	0.000150000000000	1.000000000000000	0.015000000000000	0
1500		-nan	-nan	0.87800	0.39467	0.000150000000000	1.000000000000000	0.022500000000000	0
2000		-nan	-nan	0.88400	0.39119	0.000150000000000	1.000000000000000	0.033750000000000	0
2500		-nan	-nan	0.79600	0.38780	0.000150000000000	1.000000000000000	0.050625000000000	0
3000		-nan	-nan	0.71000	0.38458	0.000150000000000	1.000000000000000	0.075937500000000	0
3500		-nan	-nan	0.59600	0.38096	0.000150000000000	1.000000000000000	0.113906250000000	0
4000		-nan	-nan	0.48200	0.37925	0.000150000000000	1.000000000000000	0.170859375000000	0
4500		-nan	-nan	0.48700	0.37743	0.000150000000000	1.000000000000000	0.170859375000000	0
5000		-nan	-nan	0.47267	0.37486	0.000150000000000	1.000000000000000	0.170859375000000	0
5500		-nan	-nan	0.45650	0.37146	0.000150000000000	1.000000000000000	0.170859375000000	0
6000		-nan	-nan	0.45480	0.36858	0.000150000000000	1.000000000000000	0.170859375000000	0
6500		-nan	-nan	0.45700	0.36625	0.000150000000000	1.000000000000000	0.170859375000000	0
7000		-nan	-nan	0.45400	0.36441	0.000150000000000	1.000000000000000	0.170859375000000	0
7500		-nan	-nan	0.45175	0.36190	0.000150000000000	1.000000000000000	0.170859375000000	0
8000		-nan	-nan	0.45044	0.35950	0.000150000000000	1.000000000000000	0.170859375000000	0
8500		-nan	-nan	0.44800	0.35735	0.000150000000000	1.000000000000000	0.170859375000000	0
9000		-nan	-nan	0.44364	0.35523	0.000150000000000	1.000000000000000	0.170859375000000	0
9500		-nan	-nan	0.43883	0.35354	0.000150000000000	1.000000000000000	0.170859375000000	0
10000		-nan	-nan	0.43738	0.35244	0.000150000000000	1.000000000000000	0.170859375000000	0
10500		-nan	-nan	0.43771	0.35059	0.000150000000000	1.000000000000000	0.170859375000000	0
11000		-nan	-nan	0.43387	0.34914	0.000150000000000	1.000000000000000	0.170859375000000	0
11500		-nan	-nan	0.43012	0.34804	0.000150000000000	1.000000000000000	0.170859375000000	0
12000		-nan	-nan	0.43024	0.34695	0.000150000000000	1.000000000000000	0.170859375000000	0
12500		-nan	-nan	0.42667	0.34573	0.000150000000000	1.000000000000000	0.170859375000000	0
13000		-nan	-nan	0.42495	0.34494	0.000150000000000	1.000000000000000	0.170859375000000	0
13500		-nan	-nan	0.42550	0.34483	0.000150000000000	1.000000000000000	0.170859375000000	0
14000		-nan	-nan	0.42533	0.34419	0.000150000000000	1.000000000000000	0.170859375000000	0
14500		-nan	-nan	0.42364	0.34314	0.000150000000000	1.000000000000000	0.170859375000000	0
15000		-nan	-nan	0.42174	0.34226	0.000150000000000	1.000000000000000	0.170859375000000	0
15500		-nan	-nan	0.42083	0.34112	0.000150000000000	1.000000000000000	0.170859375000000	0
16000		-nan	-nan	0.41952	0.34067	0.000150000000000	1.000000000000000	0.170859375000000	0
16500		-nan	-nan	0.41762	0.33999	0.000150000000000	1.000000000000000	0.170859375000000	0
17000		-nan	-nan	0.41622	0.33925	0.000150000000000	1.000000000000000	0.170859375000000	0
17500		-nan	-nan	0.41486	0.33858	0.000150000000000	1.000000000000000	0.170859375000000	0
18000		-nan	-nan	0.41455	0.33840	0.000150000000000	1.000000000000000	0.170859375000000	0
18500		-nan	-nan	0.41300	0.33771	0.000150000000000	1.000000000000000	0.170859375000000	0
19000		-nan	-nan	0.41361	0.33750	0.000150000000000	1.000000000000000	0.170859375000000	0
19500		-nan	-nan	0.41387	0.33727	0.000150000000000	1.000000000000000	0.170859375000000	0
20000		-nan	-nan	0.41455	0.33708	0.000150000000000	1.000000000000000	0.170859375000000	0
20500		-nan	-nan	0.41488	0.33690	0.000150000000000	1.000000000000000	0.170859375000000	0
21000		-nan	-nan	0.41520	0.33666	0.000150000000000	1.000000000000000	0.170859375000000	0
21500		-nan	-nan	0.41428	0.33629	0.000150000000000	1.000000000000000	0.170859375000000	0
22000		-nan	-nan	0.41427	0.33629	0.000150000000000	1.000000000000000	0.170859375000000	0
22500		-nan	-nan	0.41484	0.33607	0.000150000000000	1.000000000000000	0.170859375000000	0
23000		-nan	-nan	0.41415	0.33588	0.000150000000000	1.000000000000000	0.170859375000000	0
23500		-nan	-nan	0.41415	0.33576	0.000150000000000	1.000000000000000	0.170859375000000	0
24000		-nan	-nan	0.41327	0.33550	0.000150000000000	1.000000000000000	0.170859375000000	0
24500		-nan	-nan	0.41376	0.33544	0.000150000000000	1.000000000000000	0.170859375000000	0
25000		-nan	-nan	0.41247	0.33505	0.000150000000000	1.000000000000000	0.170859375000000	0
25500		-nan	-nan	0.41200	0.33468	0.000150000000000	1.000000000000000	0.170859375000000	0
26000		-nan	-nan	0.41218	0.33428	0.000150000000000	1.000000000000000	0.170859375000000	0
26500		-nan	-nan	0.41100	0.33401	0.000150000000000	1.000000000000000	0.170859375000000	0
27000		-nan	-nan	0.41085	0.33373	0.000150000000000	1.000000000000000	0.170859375000000	0
27500		-nan	-nan	0.41000	0.33349	0.000150000000000	1.000000000000000	0.170859375000000	0
28000		-nan	-nan	0.40943	0.33317	0.000150000000000	1.000000000000000	0.170859375000000	0
28500		-nan	-nan	0.40904	0.33297	0.000150000000000	1.000000000000000	0.170859375000000	0
29000		-nan	-nan	0.40761	0.33270	0.000150000000000	1.000000000000000	0.170859375000000	0
29500		-nan	-nan	0.40677	0.33237	0.000150000000000	1.000000000000000	0.170859375000000	0
30000		-nan	-nan	0.40660	0.33214	0.000150000000000	1.000000000000000	0.170859375000000	0
30500		-nan	-nan	0.40726	0.33210	0.000150000000000	1.000000000000000	0.170859375000000	0
31000		-nan	-nan	0.40771	0.33230	0.000150000000000	1.000000000000000	0.170859375000000	0
31500		-nan	-nan	0.40804	0.33228	0.000150000000000	1.000000000000000	0.170859375000000	0
32000		-nan	-nan	0.40744	0.33212	0.000150000000000	1.000000000000000	0.170859375000000	0
32500		-nan	-nan	0.40641	0.33173	0.000150000000000	1.000000000000000	0.170859375000000	0
33000		-nan	-nan	0.40634	0.33167	0.000150000000000	1.000000000000000	0.170859375000000	0
33500		-nan	-nan	0.40633	0.33145	0.000150000000000	1.000000000000000	0.170859375000000	0
34000		-nan	-nan	0.40623	0.33129	0.000150000000000	1.000000000000000	0.170859375000000	0
34500		-nan	-nan	0.40587	0.33098	0.000150000000000	1.000000000000000	0.170859375000000	0
35000		-nan	-nan	0.40578	0.33079	0.000150000000000	1.000000000000000	0.170859375000000	0
35500		-nan	-nan	0.40609	0.33063	0.000150000000000	1.000000000000000	0.170859375000000	0
36000		-nan	-nan	0.40612	0.33058	0.000150000000000	1.000000000000000	0.170859375000000	0
36500		-nan	-nan	0.40645	0.33058	0.000150000000000	1.000000000000000	0.170859375000000	0
37000		-nan	-nan	0.40606	0.33046	0.000150000000000	1.000000000000000	0.170859375000000	0
37500		-nan	-nan	0.40591	0.33052	0.000150000000000	1.000000000000000	0.170859375000000	0
38000		-nan	-nan	0.40580	0.33058	0.000150000000000	1.000000000000000	0.170859375000000	0
38500		-nan	-nan	0.40623	0.33058	0.000150000000000	1.000000000000000	0.170859375000000	0
39000		-nan	-nan	0.40656	0.33077	0.000150000000000	1.000000000000000	0.170859375000000	0
39500		-nan	-nan	0.40725	0.33080	0.000150000000000	1.000000000000000	0.170859375000000	0
40000		-nan	-nan	0.40737	0.33085	0.000150000000000	1.000000000000000	0.170859375000000	0
40500		-nan	-nan	0.40765	0.33089	0.000150000000000	1.000000000000000	0.170859375000000	0
41000		-nan	-nan	0.40800	0.33080	0.000150000000000	1.000000000000000	0.170859375000000	0
41500		-nan	-nan	0.40803	0.33079	0.000150000000000	1.000000000000000	0.170859375000000	0
42000		-nan	-nan	0.40784	0.33066	0.000150000000000	1.000000000000000	0.170859375000000	0
42500		-nan	-nan	0.40805	0.33057	0.000150000000000	1.000000000000000	0.170859375000000	0
43000		-nan	-nan	0.40780	0.33033	0.000150000000000	1.000000000000000	0.170859375000000	0
43500		-nan	-nan	0.40797	0.33029	0.000150000000000	1.000000000000000	0.170859375000000	0
44000		-nan	-nan	0.40765	0.33022	0.000150000000000	1.000000000000000	0.170859375000000	0
44500		-nan	-nan	0.40780	0.33011	0.000150000000000	1.000000000000000	0.170859375000000	0
45000		-nan	-nan	0.40747	0.32992	0.000150000000000	1.000000000000000	0.170859375000000	0
45500		-nan	-nan	0.40721	0.32976	0.000150000000000	1.000000000000000	0.170859375000000	0
46000		-nan	-nan	0.40708	0.32972	0.000150000000000	1.000000000000000	0.170859375000000	0
46500		-nan	-nan	0.40691	0.32964	0.000150000000000	1.000000000000000	0.170859375000000	0
47000		-nan	-nan	0.40729	0.32955	0.000150000000000	1.000000000000000	0.170859375000000	0
47500		-nan	-nan	0.40750	0.32953	0.000150000000000	1.000000000000000	0.170859375000000	0
48000		-nan	-nan	0.40699	0.32942	0.000150000000000	1.000000000000000	0.170859375000000	0
48500		-nan	-nan	0.40640	0.32928	0.000150000000000	1.000000000000000	0.170859375000000	0
49000		-nan	-nan	0.40629	0.32911	0.000150000000000	1.000000000000000	0.170859375000000	0
49500		-nan	-nan	0.40624	0.32904	0.000150000000000	1.000000000000000	0.170859375000000	0
50000		-nan	-nan	0.40656	0.32901	0.000150000000000	1.000000000000000	0.170859375000000	0
50500		-nan	-nan	0.40711	0.32907	0.000150000000000	1.000000000000000	0.170859375000000	0
51000		-nan	-nan	0.40737	0.32910	0.000150000000000	1.000000000000000	0.170859375000000	0
51500		-nan	-nan	0.40673	0.32910	0.000150000000000	1.000000000000000	0.170859375000000	0
52000		-nan	-nan	0.40691	0.32919	0.000150000000000	1.000000000000000	0.170859375000000	0
52500		-nan	-nan	0.40688	0.32929	0.000150000000000	1.000000000000000	0.170859375000000	0
53000		-nan	-nan	0.40681	0.32930	0.000150000000000	1.000000000000000	0.170859375000000	0
53500		-nan	-nan	0.40670	0.32922	0.000150000000000	1.000000000000000	0.170859375000000	0
54000		-nan	-nan	0.40683	0.32911	0.000150000000000	1.000000000000000	0.170859375000000	0
54500		-nan	-nan	0.40661	0.32906	0.000150000000000	1.000000000000000	0.170859375000000	0
55000		-nan	-nan	0.40641	0.32901	0.000150000000000	1.000000000000000	0.170859375000000	0
55500		-nan	-nan	0.40598	0.32889	0.000150000000000	1.000000000000000	0.170859375000000	0
56000		-nan	-nan	0.40579	0.32866	0.000150000000000	1.000000000000000	0.170859375000000	0
56500		-nan	-nan	0.40562	0.32857	0.000150000000000	1.000000000000000	0.170859375000000	0
57000		-nan	-nan	0.40574	0.32845	0.000150000000000	1.000000000000000	0.170859375000000	0
57500		-nan	-nan	0.40569	0.32838	0.000150000000000	1.000000000000000	0.170859375000000	0
58000		-nan	-nan	0.40569	0.32824	0.000150000000000	1.000000000000000	0.170859375000000	0
58500		-nan	-nan	0.40536	0.32810	0.000150000000000	1.000000000000000	0.170859375000000	0
59000		-nan	-nan	0.40550	0.32801	0.000150000000000	1.000000000000000	0.170859375000000	0
59500		-nan	-nan	0.40537	0.32795	0.000150000000000	1.000000000000000	0.170859375000000	0
60000		-nan	-nan	0.40536	0.32792	0.000150000000000	1.000000000000000	0.170859375000000	0
60500		-nan	-nan	0.40560	0.32780	0.000150000000000	1.000000000000000	0.170859375000000	0
61000		-nan	-nan	0.40586	0.32781	0.000150000000000	1.000000000000000	0.170859375000000	0
61500		-nan	-nan	0.40624	0.32790	0.000150000000000	1.000000000000000	0.170859375000000	0
62000		-nan	-nan	0.40627	0.32787	0.000150000000000	1.000000000000000	0.170859375000000	0
62500		-nan	-nan	0.40642	0.32781	0.000150000000000	1.000000000000000	0.170859375000000	0
63000		-nan	-nan	0.40612	0.32775	0.000150000000000	1.000000000000000	0.170859375000000	0
63500		-nan	-nan	0.40573	0.32764	0.000150000000000	1.000000000000000	0.170859375000000	0
64000		-nan	-nan	0.40583	0.32754	0.000150000000000	1.000000000000000	0.170859375000000	0
64500		-nan	-nan	0.40539	0.32745	0.000150000000000	1.000000000000000	0.170859375000000	0
65000		-nan	-nan	0.40524	0.32750	0.000150000000000	1.000000000000000	0.170859375000000	0
65500		-nan	-nan	0.40532	0.32743	0.000150000000000	1.000000000000000	0.170859375000000	0
66000		-nan	-nan	0.40512	0.32741	0.000150000000000	1.000000000000000	0.170859375000000	0
66500		-nan	-nan	0.40533	0.32735	0.000150000000000	1.000000000000000	0.170859375000000	0
67000		-nan	-nan	0.40509	0.32726	0.000150000000000	1.000000000000000	0.170859375000000	0
67500		-nan	-nan	0.40519	0.32723	0.000150000000000	1.000000000000000	0.170859375000000	0
68000		-nan	-nan	0.40524	0.32720	0.000150000000000	1.000000000000000	0.170859375000000	0
68500		-nan	-nan	0.40554	0.32717	0.000150000000000	1.000000000000000	0.170859375000000	0
69000		-nan	-nan	0.40537	0.32718	0.000150000000000	1.000000000000000	0.170859375000000	0
69500		-nan	-nan	0.40542	0.32718	0.000150000000000	1.000000000000000	0.170859375000000	0
70000		-nan	-nan	0.40561	0.32727	0.000150000000000	1.000000000000000	0.170859375000000	0
70500		-nan	-nan	0.40587	0.32729	0.000150000000000	1.000000000000000	0.170859375000000	0
71000		-nan	-nan	0.40533	0.32723	0.000150000000000	1.000000000000000	0.170859375000000	0
71500		-nan	-nan	0.40528	0.32720	0.000150000000000	1.000000000000000	0.170859375000000	0
72000		-nan	-nan	0.40485	0.32720	0.000150000000000	1.000000000000000	0.170859375000000	0
72500		-nan	-nan	0.40493	0.32724	0.000150000000000	1.000000000000000	0.170859375000000	0
73000		-nan	-nan	0.40465	0.32716	0.000150000000000	1.000000000000000	0.170859375000000	0
73500		-nan	-nan	0.40460	0.32708	0.000150000000000	1.000000000000000	0.170859375000000	0
74000		-nan	-nan	0.40458	0.32697	0.000150000000000	1.000000000000000	0.170859375000000	0
74500		-nan	-nan	0.40455	0.32688	0.000150000000000	1.000000000000000	0.170859375000000	0
75000		-nan	-nan	0.40431	0.32687	0.000150000000000	1.000000000000000	0.170859375000000	0
75500		-nan	-nan	0.40457	0.32693	0.000150000000000	1.000000000000000	0.170859375000000	0
76000		-nan	-nan	0.40425	0.32686	0.000150000000000	1.000000000000000	0.170859375000000	0
76500		-nan	-nan	0.40403	0.32677	0.000150000000000	1.000000000000000	0.170859375000000	0
77000		-nan	-nan	0.40396	0.32668	0.000150000000000	1.000000000000000	0.170859375000000	0
77500		-nan	-nan	0.40408	0.32666	0.000150000000000	1.000000000000000	0.170859375000000	0
78000		-nan	-nan	0.40416	0.32669	0.000150000000000	1.000000000000000	0.170859375000000	0
78500		-nan	-nan	0.40449	0.32675	0.000150000000000	1.000000000000000	0.170859375000000	0
79000		-nan	-nan	0.40437	0.32676	0.000150000000000	1.000000000000000	0.170859375000000	0
79500		-nan	-nan	0.40407	0.32664	0.000150000000000	1.000000000000000	0.170859375000000	0
80000		-nan	-nan	0.40400	0.32666	0.000150000000000	1.000000000000000	0.170859375000000	0
80500		-nan	-nan	0.40436	0.32665	0.000150000000000	1.000000000000000	0.170859375000000	0
81000		-nan	-nan	0.40434	0.32666	0.000150000000000	1.000000000000000	0.170859375000000	0
81500		-nan	-nan	0.40410	0.32662	0.000150000000000	1.000000000000000	0.170859375000000	0
82000		-nan	-nan	0.40392	0.32656	0.000150000000000	1.000000000000000	0.170859375000000	0
82500		-nan	-nan	0.40382	0.32653	0.000150000000000	1.000000000000000	0.170859375000000	0
83000		-nan	-nan	0.40390	0.32658	0.000150000000000	1.000000000000000	0.170859375000000	0
83500		-nan	-nan	0.40389	0.32655	0.000150000000000	1.000000000000000	0.170859375000000	0
84000		-nan	-nan	0.40388	0.32664	0.000150000000000	1.000000000000000	0.170859375000000	0
84500		-nan	-nan	0.40404	0.32673	0.000150000000000	1.000000000000000	0.170859375000000	0
85000		-nan	-nan	0.40440	0.32678	0.000150000000000	1.000000000000000	0.170859375000000	0
85500		-nan	-nan	0.40480	0.32689	0.000150000000000	1.000000000000000	0.170859375000000	0
86000		-nan	-nan	0.40499	0.32695	0.000150000000000	1.000000000000000	0.170859375000000	0
86500		-nan	-nan	0.40493	0.32697	0.000150000000000	1.000000000000000	0.170859375000000	0
87000		-nan	-nan	0.40483	0.32695	0.000150000000000	1.000000000000000	0.170859375000000	0
87500		-nan	-nan	0.40473	0.32692	0.000150000000000	1.000000000000000	0.170859375000000	0
88000		-nan	-nan	0.40444	0.32688	0.000150000000000	1.000000000000000	0.170859375000000	0
88500		-nan	-nan	0.40468	0.32687	0.000150000000000	1.000000000000000	0.170859375000000	0
89000		-nan	-nan	0.40465	0.32683	0.000150000000000	1.000000000000000	0.170859375000000	0
89500		-nan	-nan	0.40442	0.32674	0.000150000000000	1.000000000000000	0.170859375000000	0
90000		-nan	-nan	0.40440	0.32668	0.000150000000000	1.000000000000000	0.170859375000000	0
90500		-nan	-nan	0.40439	0.32670	0.000150000000000	1.000000000000000	0.170859375000000	0
91000		-nan	-nan	0.40445	0.32672	0.000150000000000	1.000000000000000	0.170859375000000	0
91500		-nan	-nan	0.40461	0.32672	0.000150000000000	1.000000000000000	0.170859375000000	0
92000		-nan	-nan	0.40445	0.32670	0.000150000000000	1.000000000000000	0.170859375000000	0
92500		-nan	-nan	0.40453	0.32673	0.000150000000000	1.000000000000000	0.170859375000000	0
93000		-nan	-nan	0.40444	0.32674	0.000150000000000	1.000000000000000	0.170859375000000	0
93500		-nan	-nan	0.40421	0.32670	0.000150000000000	1.000000000000000	0.170859375000000	0
94000		-nan	-nan	0.40410	0.32664	0.000150000000000	1.000000000000000	0.170859375000000	0
94500		-nan	-nan	0.40422	0.32668	0.000150000000000	1.000000000000000	0.170859375000000	0
95000		-nan	-nan	0.40462	0.32678	0.000150000000000	1.000000000000000	0.170859375000000	0
95500		-nan	-nan	0.40500	0.32689	0.000150000000000	1.000000000000000	0.170859375000000	0
96000		-nan	-nan	0.40530	0.32699	0.000150000000000	1.000000000000000	0.170859375000000	0
96500		-nan	-nan	0.40534	0.32706	0.000150000000000	1.000000000000000	0.170859375000000	0
97000		-nan	-nan	0.40544	0.32714	0.000150000000000	1.000000000000000	0.170859375000000	0
97500		-nan	-nan	0.40546	0.32715	0.000150000000000	1.000000000000000	0.170859375000000	0
98000		-nan	-nan	0.40547	0.32720	0.000150000000000	1.000000000000000	0.170859375000000	0
98500		-nan	-nan	0.40582	0.32723	0.000150000000000	1.000000000000000	0.170859375000000	0
99000		-nan	-nan	0.40614	0.32730	0.000150000000000	1.000000000000000	0.170859375000000	0
99500		-nan	-nan	0.40631	0.32739	0.000150000000000	1.000000000000000	0.170859375000000	0
100000		-nan	-nan	0.40663	0.32744	0.000150000000000	1.000000000000000	0.170859375000000	0