step	p_accept_mu1	p_accept_gamma	p_accept_pi	p_accept_Tinf	sigma_mu1	sigma_gamma	sigma_pi	n_like_zero
1		1.00000	1.00000	1.00000	1.00000	0.000100000000000	1.000000000000000	0.010000000000000	0
500		0.99599	0.21242	1.00000	0.34097	0.000100000000000	1.000000000000000	0.010000000000000	0
1000		0.99400	0.29800	0.92200	0.33033	0.000150000000000	0.666666666666667	0.015000000000000	0
1500		0.99800	0.32800	0.89800	0.32191	0.000225000000000	0.666666666666667	0.022500000000000	0
2000		0.99000	0.33800	0.83000	0.31351	0.000337500000000	0.666666666666667	0.033750000000000	0
2500		0.98800	0.33900	0.75200	0.30731	0.000506250000000	0.666666666666667	0.050625000000000	0
3000		0.98600	0.35040	0.65200	0.30108	0.000759375000000	0.666666666666667	0.075937500000000	0
3500		0.98600	0.35200	0.57600	0.29897	0.001139062500000	0.666666666666667	0.113906250000000	0
4000		0.97000	0.35286	0.40000	0.29667	0.001708593750000	0.666666666666667	0.170859375000000	0
4500		0.96000	0.35275	0.41300	0.29588	0.002562890625000	0.666666666666667	0.170859375000000	0
5000		0.94800	0.35333	0.41467	0.29512	0.003844335937500	0.666666666666667	0.170859375000000	0
5500		0.93600	0.35760	0.41900	0.29305	0.005766503906250	0.666666666666667	0.170859375000000	0
6000		0.90600	0.35527	0.43000	0.29237	0.008649755859375	0.666666666666667	0.170859375000000	0
6500		0.84000	0.35367	0.43433	0.29061	0.012974633789063	0.666666666666667	0.170859375000000	0
7000		0.89200	0.35369	0.43371	0.28996	0.019461950683594	0.666666666666667	0.170859375000000	0
7500		0.90000	0.35143	0.43900	0.28866	0.029192926025391	0.666666666666667	0.170859375000000	0
8000		0.87200	0.35213	0.44089	0.28758	0.043789389038086	0.666666666666667	0.170859375000000	0
8500		0.78800	0.35200	0.44580	0.28776	0.065684083557129	0.666666666666667	0.170859375000000	0
9000		0.70000	0.35082	0.44855	0.28819	0.098526125335693	0.666666666666667	0.170859375000000	0
9500		0.60800	0.34844	0.45283	0.28865	0.147789188003540	0.666666666666667	0.170859375000000	0
10000		0.48400	0.34537	0.45415	0.28862	0.221683782005310	0.666666666666667	0.170859375000000	0
10500		0.49100	0.34480	0.45386	0.28833	0.221683782005310	0.666666666666667	0.170859375000000	0
11000		0.47667	0.34410	0.45320	0.28877	0.221683782005310	0.666666666666667	0.170859375000000	0
11500		0.48750	0.34718	0.45100	0.28831	0.221683782005310	0.666666666666667	0.170859375000000	0
12000		0.48640	0.34800	0.45106	0.28856	0.221683782005310	0.666666666666667	0.170859375000000	0
12500		0.48667	0.34792	0.45022	0.28844	0.221683782005310	0.666666666666667	0.170859375000000	0
13000		0.48743	0.34704	0.45211	0.28815	0.221683782005310	0.666666666666667	0.170859375000000	0
13500		0.48300	0.34823	0.45210	0.28809	0.221683782005310	0.666666666666667	0.170859375000000	0
14000		0.48244	0.34800	0.45067	0.28827	0.221683782005310	0.666666666666667	0.170859375000000	0
14500		0.48580	0.34793	0.44909	0.28802	0.221683782005310	0.666666666666667	0.170859375000000	0
15000		0.48764	0.34807	0.44852	0.28840	0.221683782005310	0.666666666666667	0.170859375000000	0
15500		0.48783	0.34760	0.44758	0.28812	0.221683782005310	0.666666666666667	0.170859375000000	0
16000		0.48892	0.34800	0.44712	0.28810	0.221683782005310	0.666666666666667	0.170859375000000	0
16500		0.49057	0.34663	0.44769	0.28746	0.221683782005310	0.666666666666667	0.170859375000000	0
17000		0.49027	0.34648	0.44748	0.28723	0.221683782005310	0.666666666666667	0.170859375000000	0
17500		0.48775	0.34694	0.44829	0.28731	0.221683782005310	0.666666666666667	0.170859375000000	0
18000		0.48741	0.34663	0.44924	0.28735	0.221683782005310	0.666666666666667	0.170859375000000	0
18500		0.48789	0.34622	0.44853	0.28738	0.221683782005310	0.666666666666667	0.170859375000000	0
19000		0.48853	0.34503	0.44865	0.28764	0.221683782005310	0.666666666666667	0.170859375000000	0
19500		0.48790	0.34474	0.44931	0.28791	0.221683782005310	0.666666666666667	0.170859375000000	0
20000		0.48638	0.34338	0.44909	0.28791	0.221683782005310	0.666666666666667	0.170859375000000	0
20500		0.48709	0.34435	0.44853	0.28776	0.221683782005310	0.666666666666667	0.170859375000000	0
21000		0.48765	0.34390	0.44914	0.28771	0.221683782005310	0.666666666666667	0.170859375000000	0
21500		0.48642	0.34376	0.44972	0.28789	0.221683782005310	0.666666666666667	0.170859375000000	0
22000		0.48768	0.34251	0.45032	0.28831	0.221683782005310	0.666666666666667	0.170859375000000	0
22500		0.48700	0.34159	0.45089	0.28842	0.221683782005310	0.666666666666667	0.170859375000000	0
23000		0.48793	0.34302	0.45021	0.28807	0.221683782005310	0.666666666666667	0.170859375000000	0
23500		0.48864	0.34304	0.44970	0.28803	0.221683782005310	0.666666666666667	0.170859375000000	0
24000		0.49034	0.34345	0.44917	0.28768	0.221683782005310	0.666666666666667	0.170859375000000	0
24500		0.48920	0.34425	0.45005	0.28762	0.221683782005310	0.666666666666667	0.170859375000000	0
25000		0.48994	0.34400	0.44958	0.28766	0.221683782005310	0.666666666666667	0.170859375000000	0
25500		0.49012	0.34384	0.44955	0.28747	0.221683782005310	0.666666666666667	0.170859375000000	0
26000		0.48885	0.34333	0.45009	0.28754	0.221683782005310	0.666666666666667	0.170859375000000	0
26500		0.48935	0.34254	0.44878	0.28770	0.221683782005310	0.666666666666667	0.170859375000000	0
27000		0.48937	0.34321	0.44877	0.28771	0.221683782005310	0.666666666666667	0.170859375000000	0
27500		0.48939	0.34256	0.44954	0.28799	0.221683782005310	0.666666666666667	0.170859375000000	0
28000		0.48854	0.34175	0.45016	0.28816	0.221683782005310	0.666666666666667	0.170859375000000	0
28500		0.48905	0.34157	0.45048	0.28818	0.221683782005310	0.666666666666667	0.170859375000000	0
29000		0.48944	0.34158	0.45051	0.28824	0.221683782005310	0.666666666666667	0.170859375000000	0
29500		0.49000	0.34066	0.45031	0.28829	0.221683782005310	0.666666666666667	0.170859375000000	0
30000		0.48985	0.34058	0.44977	0.28828	0.221683782005310	0.666666666666667	0.170859375000000	0
30500		0.49014	0.34087	0.44900	0.28809	0.221683782005310	0.666666666666667	0.170859375000000	0
31000		0.48930	0.34125	0.44960	0.28790	0.221683782005310	0.666666666666667	0.170859375000000	0
31500		0.49023	0.34081	0.45057	0.28805	0.221683782005310	0.666666666666667	0.170859375000000	0
32000		0.48987	0.34076	0.45000	0.28787	0.221683782005310	0.666666666666667	0.170859375000000	0
32500		0.48978	0.34072	0.45045	0.28809	0.221683782005310	0.666666666666667	0.170859375000000	0
33000		0.48936	0.34058	0.45064	0.28821	0.221683782005310	0.666666666666667	0.170859375000000	0
33500		0.48912	0.34039	0.45017	0.28840	0.221683782005310	0.666666666666667	0.170859375000000	0
34000		0.48910	0.33982	0.44974	0.28811	0.221683782005310	0.666666666666667	0.170859375000000	0
34500		0.48920	0.33994	0.44952	0.28808	0.221683782005310	0.666666666666667	0.170859375000000	0
35000		0.48988	0.34003	0.44927	0.28773	0.221683782005310	0.666666666666667	0.170859375000000	0
35500		0.49019	0.34040	0.44878	0.28743	0.221683782005310	0.666666666666667	0.170859375000000	0
36000		0.49060	0.34045	0.44818	0.28727	0.221683782005310	0.666666666666667	0.170859375000000	0
36500		0.49052	0.34017	0.44767	0.28723	0.221683782005310	0.666666666666667	0.170859375000000	0
37000		0.49080	0.34016	0.44797	0.28712	0.221683782005310	0.666666666666667	0.170859375000000	0
37500		0.49218	0.34005	0.44788	0.28718	0.221683782005310	0.666666666666667	0.170859375000000	0
38000		0.49123	0.34037	0.44780	0.28741	0.221683782005310	0.666666666666667	0.170859375000000	0
38500		0.49169	0.34037	0.44800	0.28733	0.221683782005310	0.666666666666667	0.170859375000000	0
39000		0.49190	0.33997	0.44772	0.28741	0.221683782005310	0.666666666666667	0.170859375000000	0
39500		0.49170	0.34000	0.44769	0.28751	0.221683782005310	0.666666666666667	0.170859375000000	0
40000		0.49148	0.34018	0.44742	0.28756	0.221683782005310	0.666666666666667	0.170859375000000	0
40500		0.49145	0.33960	0.44730	0.28741	0.221683782005310	0.666666666666667	0.170859375000000	0
41000		0.49137	0.33978	0.44771	0.28752	0.221683782005310	0.666666666666667	0.170859375000000	0
41500		0.49069	0.33966	0.44771	0.28748	0.221683782005310	0.666666666666667	0.170859375000000	0
42000		0.49022	0.33998	0.44779	0.28745	0.221683782005310	0.666666666666667	0.170859375000000	0
42500		0.49070	0.34002	0.44815	0.28736	0.221683782005310	0.666666666666667	0.170859375000000	0
43000		0.49045	0.33984	0.44770	0.28723	0.221683782005310	0.666666666666667	0.170859375000000	0
43500		0.49041	0.33979	0.44815	0.28725	0.221683782005310	0.666666666666667	0.170859375000000	0
44000		0.49084	0.33998	0.44844	0.28713	0.221683782005310	0.666666666666667	0.170859375000000	0
44500		0.49083	0.34005	0.44790	0.28716	0.221683782005310	0.666666666666667	0.170859375000000	0
45000		0.49177	0.34043	0.44807	0.28715	0.221683782005310	0.666666666666667	0.170859375000000	0
45500		0.49147	0.34018	0.44807	0.28736	0.221683782005310	0.666666666666667	0.170859375000000	0
46000		0.49173	0.33996	0.44845	0.28750	0.221683782005310	0.666666666666667	0.170859375000000	0
46500		0.49157	0.33967	0.44837	0.28756	0.221683782005310	0.666666666666667	0.170859375000000	0
47000		0.49176	0.33940	0.44830	0.28770	0.221683782005310	0.666666666666667	0.170859375000000	0
47500		0.49161	0.33915	0.44811	0.28765	0.221683782005310	0.666666666666667	0.170859375000000	0
48000		0.49187	0.33922	0.44804	0.28767	0.221683782005310	0.666666666666667	0.170859375000000	0
48500		0.49223	0.33890	0.44802	0.28757	0.221683782005310	0.666666666666667	0.170859375000000	0
49000		0.49304	0.33887	0.44769	0.28745	0.221683782005310	0.666666666666667	0.170859375000000	0
49500		0.49305	0.33929	0.44754	0.28740	0.221683782005310	0.666666666666667	0.170859375000000	0
50000		0.49326	0.33962	0.44690	0.28723	0.221683782005310	0.666666666666667	0.170859375000000	0
50500		0.49280	0.33988	0.44643	0.28722	0.221683782005310	0.666666666666667	0.170859375000000	0
51000		0.49229	0.33972	0.44640	0.28716	0.221683782005310	0.666666666666667	0.170859375000000	0
51500		0.49210	0.33959	0.44625	0.28710	0.221683782005310	0.666666666666667	0.170859375000000	0
52000		0.49172	0.33870	0.44596	0.28707	0.221683782005310	0.666666666666667	0.170859375000000	0
52500		0.49147	0.33850	0.44629	0.28714	0.221683782005310	0.666666666666667	0.170859375000000	0
53000		0.49161	0.33838	0.44628	0.28709	0.221683782005310	0.666666666666667	0.170859375000000	0
53500		0.49100	0.33819	0.44644	0.28724	0.221683782005310	0.666666666666667	0.170859375000000	0
54000		0.49020	0.33768	0.44669	0.28747	0.221683782005310	0.666666666666667	0.170859375000000	0
54500		0.49044	0.33765	0.44633	0.28739	0.221683782005310	0.666666666666667	0.170859375000000	0
55000		0.49020	0.33760	0.44631	0.28746	0.221683782005310	0.666666666666667	0.170859375000000	0
55500		0.49039	0.33749	0.44606	0.28750	0.221683782005310	0.666666666666667	0.170859375000000	0
56000		0.48996	0.33735	0.44585	0.28756	0.221683782005310	0.666666666666667	0.170859375000000	0
56500		0.48957	0.33698	0.44604	0.28754	0.221683782005310	0.666666666666667	0.170859375000000	0
57000		0.48977	0.33683	0.44576	0.28756	0.221683782005310	0.666666666666667	0.170859375000000	0
57500		0.48990	0.33654	0.44569	0.28767	0.221683782005310	0.666666666666667	0.170859375000000	0
58000		0.48975	0.33642	0.44594	0.28775	0.221683782005310	0.666666666666667	0.170859375000000	0
58500		0.48998	0.33648	0.44618	0.28771	0.221683782005310	0.666666666666667	0.170859375000000	0
59000		0.49008	0.33655	0.44656	0.28773	0.221683782005310	0.666666666666667	0.170859375000000	0
59500		0.49010	0.33644	0.44655	0.28772	0.221683782005310	0.666666666666667	0.170859375000000	0
60000		0.49022	0.33642	0.44637	0.28764	0.221683782005310	0.666666666666667	0.170859375000000	0
60500		0.49037	0.33642	0.44609	0.28751	0.221683782005310	0.666666666666667	0.170859375000000	0
61000		0.49029	0.33621	0.44595	0.28755	0.221683782005310	0.666666666666667	0.170859375000000	0
61500		0.49033	0.33615	0.44581	0.28761	0.221683782005310	0.666666666666667	0.170859375000000	0
62000		0.49038	0.33607	0.44547	0.28762	0.221683782005310	0.666666666666667	0.170859375000000	0
62500		0.49040	0.33608	0.44592	0.28768	0.221683782005310	0.666666666666667	0.170859375000000	0
63000		0.49030	0.33590	0.44600	0.28764	0.221683782005310	0.666666666666667	0.170859375000000	0
63500		0.49030	0.33592	0.44575	0.28765	0.221683782005310	0.666666666666667	0.170859375000000	0
64000		0.49024	0.33584	0.44598	0.28771	0.221683782005310	0.666666666666667	0.170859375000000	0
64500		0.49029	0.33583	0.44577	0.28768	0.221683782005310	0.666666666666667	0.170859375000000	0
65000		0.49007	0.33575	0.44569	0.28773	0.221683782005310	0.666666666666667	0.170859375000000	0
65500		0.49046	0.33580	0.44577	0.28772	0.221683782005310	0.666666666666667	0.170859375000000	0
66000		0.49062	0.33594	0.44594	0.28786	0.221683782005310	0.666666666666667	0.170859375000000	0
66500		0.49047	0.33609	0.44632	0.28790	0.221683782005310	0.666666666666667	0.170859375000000	0
67000		0.49059	0.33609	0.44641	0.28787	0.221683782005310	0.666666666666667	0.170859375000000	0
67500		0.49069	0.33588	0.44616	0.28786	0.221683782005310	0.666666666666667	0.170859375000000	0
68000		0.49048	0.33582	0.44589	0.28778	0.221683782005310	0.666666666666667	0.170859375000000	0
68500		0.49025	0.33559	0.44598	0.28780	0.221683782005310	0.666666666666667	0.170859375000000	0
69000		0.49013	0.33537	0.44611	0.28793	0.221683782005310	0.666666666666667	0.170859375000000	0
69500		0.48987	0.33506	0.44644	0.28802	0.221683782005310	0.666666666666667	0.170859375000000	0
70000		0.48983	0.33492	0.44605	0.28799	0.221683782005310	0.666666666666667	0.170859375000000	0
70500		0.48984	0.33526	0.44569	0.28793	0.221683782005310	0.666666666666667	0.170859375000000	0
71000		0.48997	0.33526	0.44590	0.28795	0.221683782005310	0.666666666666667	0.170859375000000	0
71500		0.49015	0.33525	0.44593	0.28794	0.221683782005310	0.666666666666667	0.170859375000000	0
72000		0.49046	0.33526	0.44574	0.28794	0.221683782005310	0.666666666666667	0.170859375000000	0
72500		0.49032	0.33497	0.44570	0.28805	0.221683782005310	0.666666666666667	0.170859375000000	0
73000		0.48995	0.33505	0.44581	0.28803	0.221683782005310	0.666666666666667	0.170859375000000	0
73500		0.49022	0.33470	0.44554	0.28807	0.221683782005310	0.666666666666667	0.170859375000000	0
74000		0.49031	0.33435	0.44576	0.28810	0.221683782005310	0.666666666666667	0.170859375000000	0
74500		0.49045	0.33453	0.44548	0.28805	0.221683782005310	0.666666666666667	0.170859375000000	0
75000		0.49024	0.33404	0.44569	0.28819	0.221683782005310	0.666666666666667	0.170859375000000	0
75500		0.48998	0.33395	0.44572	0.28829	0.221683782005310	0.666666666666667	0.170859375000000	0
76000		0.49005	0.33405	0.44552	0.28825	0.221683782005310	0.666666666666667	0.170859375000000	0
76500		0.49021	0.33417	0.44514	0.28820	0.221683782005310	0.666666666666667	0.170859375000000	0
77000		0.49000	0.33421	0.44503	0.28822	0.221683782005310	0.666666666666667	0.170859375000000	0
77500		0.48987	0.33425	0.44485	0.28824	0.221683782005310	0.666666666666667	0.170859375000000	0
78000		0.48991	0.33415	0.44470	0.28831	0.221683782005310	0.666666666666667	0.170859375000000	0
78500		0.49003	0.33413	0.44463	0.28833	0.221683782005310	0.666666666666667	0.170859375000000	0
79000		0.49022	0.33410	0.44453	0.28832	0.221683782005310	0.666666666666667	0.170859375000000	0
79500		0.49020	0.33409	0.44472	0.28833	0.221683782005310	0.666666666666667	0.170859375000000	0
80000		0.49050	0.33396	0.44482	0.28834	0.221683782005310	0.666666666666667	0.170859375000000	0
80500		0.49046	0.33399	0.44504	0.28831	0.221683782005310	0.666666666666667	0.170859375000000	0
81000		0.49041	0.33373	0.44528	0.28836	0.221683782005310	0.666666666666667	0.170859375000000	0
81500		0.49064	0.33368	0.44495	0.28833	0.221683782005310	0.666666666666667	0.170859375000000	0
82000		0.49072	0.33363	0.44469	0.28828	0.221683782005310	0.666666666666667	0.170859375000000	0
82500		0.49095	0.33352	0.44454	0.28824	0.221683782005310	0.666666666666667	0.170859375000000	0
83000		0.49088	0.33360	0.44447	0.28821	0.221683782005310	0.666666666666667	0.170859375000000	0
83500		0.49076	0.33377	0.44412	0.28810	0.221683782005310	0.666666666666667	0.170859375000000	0
84000		0.49068	0.33408	0.44404	0.28813	0.221683782005310	0.666666666666667	0.170859375000000	0
84500		0.49039	0.33435	0.44394	0.28811	0.221683782005310	0.666666666666667	0.170859375000000	0
85000		0.49049	0.33454	0.44395	0.28813	0.221683782005310	0.666666666666667	0.170859375000000	0
85500		0.49038	0.33456	0.44378	0.28813	0.221683782005310	0.666666666666667	0.170859375000000	0
86000		0.49012	0.33453	0.44408	0.28815	0.221683782005310	0.666666666666667	0.170859375000000	0
86500		0.49008	0.33434	0.44413	0.28821	0.221683782005310	0.666666666666667	0.170859375000000	0
87000		0.48997	0.33435	0.44426	0.28816	0.221683782005310	0.666666666666667	0.170859375000000	0
87500		0.48994	0.33414	0.44414	0.28824	0.221683782005310	0.666666666666667	0.170859375000000	0
88000		0.48968	0.33403	0.44419	0.28833	0.221683782005310	0.666666666666667	0.170859375000000	0
88500		0.49006	0.33409	0.44419	0.28831	0.221683782005310	0.666666666666667	0.170859375000000	0
89000		0.49058	0.33421	0.44396	0.28824	0.221683782005310	0.666666666666667	0.170859375000000	0
89500		0.49059	0.33411	0.44370	0.28817	0.221683782005310	0.666666666666667	0.170859375000000	0
90000		0.49057	0.33362	0.44368	0.28815	0.221683782005310	0.666666666666667	0.170859375000000	0
90500		0.49053	0.33382	0.44355	0.28806	0.221683782005310	0.666666666666667	0.170859375000000	0
91000		0.49075	0.33401	0.44330	0.28798	0.221683782005310	0.666666666666667	0.170859375000000	0
91500		0.49063	0.33405	0.44314	0.28803	0.221683782005310	0.666666666666667	0.170859375000000	0
92000		0.49035	0.33413	0.44303	0.28807	0.221683782005310	0.666666666666667	0.170859375000000	0
92500		0.49059	0.33418	0.44296	0.28805	0.221683782005310	0.666666666666667	0.170859375000000	0
93000		0.49060	0.33399	0.44270	0.28798	0.221683782005310	0.666666666666667	0.170859375000000	0
93500		0.49087	0.33417	0.44260	0.28794	0.221683782005310	0.666666666666667	0.170859375000000	0
94000		0.49093	0.33421	0.44271	0.28791	0.221683782005310	0.666666666666667	0.170859375000000	0
94500		0.49096	0.33416	0.44277	0.28791	0.221683782005310	0.666666666666667	0.170859375000000	0
95000		0.49088	0.33394	0.44291	0.28794	0.221683782005310	0.666666666666667	0.170859375000000	0
95500		0.49079	0.33396	0.44293	0.28793	0.221683782005310	0.666666666666667	0.170859375000000	0
96000		0.49090	0.33397	0.44308	0.28788	0.221683782005310	0.666666666666667	0.170859375000000	0
96500		0.49094	0.33406	0.44290	0.28791	0.221683782005310	0.666666666666667	0.170859375000000	0
97000		0.49085	0.33402	0.44310	0.28797	0.221683782005310	0.666666666666667	0.170859375000000	0
97500		0.49067	0.33393	0.44309	0.28796	0.221683782005310	0.666666666666667	0.170859375000000	0
98000		0.49080	0.33394	0.44342	0.28802	0.221683782005310	0.666666666666667	0.170859375000000	0
98500		0.49072	0.33378	0.44364	0.28806	0.221683782005310	0.666666666666667	0.170859375000000	0
99000		0.49079	0.33391	0.44369	0.28811	0.221683782005310	0.666666666666667	0.170859375000000	0
99500		0.49096	0.33413	0.44345	0.28803	0.221683782005310	0.666666666666667	0.170859375000000	0
100000		0.49101	0.33407	0.44323	0.28803	0.221683782005310	0.666666666666667	0.170859375000000	0