step	p_accept_mu1	p_accept_gamma	p_accept_pi	p_accept_Tinf	sigma_mu1	sigma_gamma	sigma_pi	n_like_zero
1		1.00000	1.00000	1.00000	1.00000	0.000100000000000	1.000000000000000	0.010000000000000	0
500		0.98597	0.16433	1.00000	0.36945	0.000100000000000	1.000000000000000	0.010000000000000	0
1000		0.98800	0.24400	0.97400	0.36765	0.000150000000000	0.666666666666667	0.015000000000000	0
1500		0.96000	0.38000	0.93400	0.36253	0.000225000000000	0.444444444444444	0.022500000000000	0
2000		0.97000	0.39900	0.91800	0.35757	0.000337500000000	0.444444444444444	0.033750000000000	0
2500		0.96200	0.41000	0.91000	0.35048	0.000506250000000	0.444444444444444	0.050625000000000	0
3000		0.96000	0.41000	0.83200	0.34883	0.000759375000000	0.444444444444444	0.075937500000000	0
3500		0.92400	0.40320	0.76600	0.34706	0.001139062500000	0.444444444444444	0.113906250000000	0
4000		0.88400	0.40267	0.65000	0.34839	0.001708593750000	0.444444444444444	0.170859375000000	0
4500		0.86600	0.40114	0.54800	0.34816	0.002562890625000	0.444444444444444	0.256289062500000	0
5000		0.81200	0.39850	0.43000	0.34771	0.003844335937500	0.444444444444444	0.384433593750000	0
5500		0.76800	0.39911	0.42300	0.34650	0.005766503906250	0.444444444444444	0.384433593750000	0
6000		0.75600	0.39380	0.41667	0.34572	0.008649755859375	0.444444444444444	0.384433593750000	0
6500		0.90000	0.38655	0.41150	0.34565	0.012974633789063	0.444444444444444	0.384433593750000	0
7000		0.82600	0.38133	0.41200	0.34646	0.019461950683594	0.444444444444444	0.384433593750000	0
7500		0.80200	0.37754	0.41767	0.34719	0.029192926025391	0.444444444444444	0.384433593750000	0
8000		0.73200	0.37071	0.41571	0.34951	0.043789389038086	0.444444444444444	0.384433593750000	0
8500		0.62000	0.36547	0.41475	0.34976	0.065684083557129	0.444444444444444	0.384433593750000	0
9000		0.52200	0.36288	0.41644	0.34922	0.098526125335693	0.444444444444444	0.384433593750000	0
9500		0.40400	0.35918	0.41320	0.34886	0.147789188003540	0.444444444444444	0.384433593750000	0
10000		0.40100	0.35589	0.41200	0.34972	0.147789188003540	0.444444444444444	0.384433593750000	0
10500		0.39800	0.35337	0.41150	0.34947	0.147789188003540	0.444444444444444	0.384433593750000	0
11000		0.41050	0.35080	0.41231	0.34995	0.147789188003540	0.444444444444444	0.384433593750000	0
11500		0.41320	0.35029	0.41186	0.35095	0.147789188003540	0.444444444444444	0.384433593750000	0
12000		0.41100	0.34836	0.41200	0.35291	0.147789188003540	0.444444444444444	0.384433593750000	0
12500		0.40771	0.34643	0.41475	0.35373	0.147789188003540	0.444444444444444	0.384433593750000	0
13000		0.40350	0.34425	0.41565	0.35490	0.147789188003540	0.444444444444444	0.384433593750000	0
13500		0.39622	0.34248	0.41678	0.35640	0.147789188003540	0.444444444444444	0.384433593750000	0
14000		0.39700	0.34108	0.41758	0.35825	0.147789188003540	0.444444444444444	0.384433593750000	0
14500		0.39473	0.33919	0.41750	0.36045	0.147789188003540	0.444444444444444	0.384433593750000	0
15000		0.39367	0.33793	0.41819	0.36208	0.147789188003540	0.444444444444444	0.384433593750000	0
15500		0.39154	0.33752	0.41945	0.36299	0.147789188003540	0.444444444444444	0.384433593750000	0
16000		0.39057	0.33580	0.42235	0.36400	0.147789188003540	0.444444444444444	0.384433593750000	0
16500		0.39053	0.33413	0.42242	0.36432	0.147789188003540	0.444444444444444	0.384433593750000	0
17000		0.39187	0.33363	0.42360	0.36488	0.147789188003540	0.444444444444444	0.384433593750000	0
17500		0.39176	0.33236	0.42431	0.36562	0.147789188003540	0.444444444444444	0.384433593750000	0
18000		0.39289	0.33018	0.42400	0.36602	0.147789188003540	0.444444444444444	0.384433593750000	0
18500		0.39095	0.32817	0.42471	0.36627	0.147789188003540	0.444444444444444	0.384433593750000	0
19000		0.39020	0.32639	0.42510	0.36707	0.147789188003540	0.444444444444444	0.384433593750000	0
19500		0.38924	0.32595	0.42500	0.36731	0.147789188003540	0.444444444444444	0.384433593750000	0
20000		0.38818	0.32405	0.42600	0.36809	0.147789188003540	0.444444444444444	0.384433593750000	0
20500		0.38626	0.32308	0.42681	0.36845	0.147789188003540	0.444444444444444	0.384433593750000	0
21000		0.38592	0.32200	0.42703	0.36904	0.147789188003540	0.444444444444444	0.384433593750000	0
21500		0.38472	0.32083	0.42741	0.37029	0.147789188003540	0.444444444444444	0.384433593750000	0
22000		0.38431	0.32010	0.42869	0.37090	0.147789188003540	0.444444444444444	0.384433593750000	0
22500		0.38489	0.31837	0.42978	0.37153	0.147789188003540	0.444444444444444	0.384433593750000	0
23000		0.38450	0.31759	0.43011	0.37204	0.147789188003540	0.444444444444444	0.384433593750000	0
23500		0.38628	0.31742	0.42911	0.37220	0.147789188003540	0.444444444444444	0.384433593750000	0
24000		0.38693	0.31670	0.42918	0.37269	0.147789188003540	0.444444444444444	0.384433593750000	0
24500		0.38684	0.31583	0.42940	0.37376	0.147789188003540	0.444444444444444	0.384433593750000	0
25000		0.38662	0.31521	0.42839	0.37462	0.147789188003540	0.444444444444444	0.384433593750000	0
25500		0.38552	0.31408	0.42824	0.37519	0.147789188003540	0.444444444444444	0.384433593750000	0
26000		0.38459	0.31396	0.42819	0.37556	0.147789188003540	0.444444444444444	0.384433593750000	0
26500		0.38514	0.31333	0.42900	0.37597	0.147789188003540	0.444444444444444	0.384433593750000	0
27000		0.38456	0.31265	0.42951	0.37566	0.147789188003540	0.444444444444444	0.384433593750000	0
27500		0.38297	0.31125	0.43004	0.37576	0.147789188003540	0.444444444444444	0.384433593750000	0
28000		0.38358	0.31048	0.43064	0.37644	0.147789188003540	0.444444444444444	0.384433593750000	0
28500		0.38359	0.30978	0.43050	0.37694	0.147789188003540	0.444444444444444	0.384433593750000	0
29000		0.38295	0.30939	0.43102	0.37735	0.147789188003540	0.444444444444444	0.384433593750000	0
29500		0.38317	0.30944	0.43128	0.37774	0.147789188003540	0.444444444444444	0.384433593750000	0
30000		0.38300	0.30886	0.43161	0.37803	0.147789188003540	0.444444444444444	0.384433593750000	0
30500		0.38214	0.30834	0.43112	0.37823	0.147789188003540	0.444444444444444	0.384433593750000	0
31000		0.38295	0.30850	0.43155	0.37853	0.147789188003540	0.444444444444444	0.384433593750000	0
31500		0.38342	0.30810	0.43189	0.37889	0.147789188003540	0.444444444444444	0.384433593750000	0
32000		0.38304	0.30742	0.43215	0.37924	0.147789188003540	0.444444444444444	0.384433593750000	0
32500		0.38191	0.30752	0.43246	0.37965	0.147789188003540	0.444444444444444	0.384433593750000	0
33000		0.38129	0.30744	0.43207	0.37973	0.147789188003540	0.444444444444444	0.384433593750000	0
33500		0.38090	0.30689	0.43259	0.37950	0.147789188003540	0.444444444444444	0.384433593750000	0
34000		0.38080	0.30706	0.43288	0.37927	0.147789188003540	0.444444444444444	0.384433593750000	0
34500		0.38098	0.30660	0.43297	0.37919	0.147789188003540	0.444444444444444	0.384433593750000	0
35000		0.38185	0.30632	0.43243	0.37909	0.147789188003540	0.444444444444444	0.384433593750000	0
35500		0.38200	0.30649	0.43239	0.37899	0.147789188003540	0.444444444444444	0.384433593750000	0
36000		0.38167	0.30637	0.43244	0.37906	0.147789188003540	0.444444444444444	0.384433593750000	0
36500		0.38218	0.30637	0.43234	0.37920	0.147789188003540	0.444444444444444	0.384433593750000	0
37000		0.38186	0.30672	0.43234	0.37971	0.147789188003540	0.444444444444444	0.384433593750000	0
37500		0.38161	0.30690	0.43206	0.37998	0.147789188003540	0.444444444444444	0.384433593750000	0
38000		0.38155	0.30657	0.43266	0.37985	0.147789188003540	0.444444444444444	0.384433593750000	0
38500		0.38058	0.30592	0.43326	0.37983	0.147789188003540	0.444444444444444	0.384433593750000	0
39000		0.38067	0.30595	0.43264	0.37973	0.147789188003540	0.444444444444444	0.384433593750000	0
39500		0.38062	0.30571	0.43274	0.37945	0.147789188003540	0.444444444444444	0.384433593750000	0
40000		0.38003	0.30564	0.43285	0.37949	0.147789188003540	0.444444444444444	0.384433593750000	0
40500		0.37946	0.30544	0.43306	0.37962	0.147789188003540	0.444444444444444	0.384433593750000	0
41000		0.37912	0.30552	0.43332	0.37976	0.147789188003540	0.444444444444444	0.384433593750000	0
41500		0.37923	0.30519	0.43365	0.37984	0.147789188003540	0.444444444444444	0.384433593750000	0
42000		0.37903	0.30507	0.43376	0.37995	0.147789188003540	0.444444444444444	0.384433593750000	0
42500		0.37857	0.30518	0.43376	0.38024	0.147789188003540	0.444444444444444	0.384433593750000	0
43000		0.37844	0.30517	0.43348	0.38042	0.147789188003540	0.444444444444444	0.384433593750000	0
43500		0.37887	0.30532	0.43344	0.38074	0.147789188003540	0.444444444444444	0.384433593750000	0
44000		0.37934	0.30507	0.43382	0.38102	0.147789188003540	0.444444444444444	0.384433593750000	0
44500		0.37856	0.30490	0.43360	0.38097	0.147789188003540	0.444444444444444	0.384433593750000	0
45000		0.37819	0.30459	0.43415	0.38092	0.147789188003540	0.444444444444444	0.384433593750000	0
45500		0.37819	0.30506	0.43351	0.38082	0.147789188003540	0.444444444444444	0.384433593750000	0
46000		0.37811	0.30496	0.43354	0.38082	0.147789188003540	0.444444444444444	0.384433593750000	0
46500		0.37832	0.30495	0.43374	0.38076	0.147789188003540	0.444444444444444	0.384433593750000	0
47000		0.37792	0.30498	0.43416	0.38078	0.147789188003540	0.444444444444444	0.384433593750000	0
47500		0.37790	0.30570	0.43440	0.38096	0.147789188003540	0.444444444444444	0.384433593750000	0
48000		0.37779	0.30523	0.43393	0.38108	0.147789188003540	0.444444444444444	0.384433593750000	0
48500		0.37772	0.30499	0.43411	0.38108	0.147789188003540	0.444444444444444	0.384433593750000	0
49000		0.37817	0.30492	0.43416	0.38101	0.147789188003540	0.444444444444444	0.384433593750000	0
49500		0.37867	0.30501	0.43400	0.38088	0.147789188003540	0.444444444444444	0.384433593750000	0
50000		0.37866	0.30476	0.43378	0.38086	0.147789188003540	0.444444444444444	0.384433593750000	0
50500		0.37851	0.30451	0.43378	0.38087	0.147789188003540	0.444444444444444	0.384433593750000	0
51000		0.37821	0.30442	0.43376	0.38076	0.147789188003540	0.444444444444444	0.384433593750000	0
51500		0.37807	0.30396	0.43387	0.38067	0.147789188003540	0.444444444444444	0.384433593750000	0
52000		0.37798	0.30376	0.43375	0.38070	0.147789188003540	0.444444444444444	0.384433593750000	0
52500		0.37768	0.30371	0.43433	0.38087	0.147789188003540	0.444444444444444	0.384433593750000	0
53000		0.37811	0.30356	0.43441	0.38082	0.147789188003540	0.444444444444444	0.384433593750000	0
53500		0.37800	0.30322	0.43412	0.38077	0.147789188003540	0.444444444444444	0.384433593750000	0
54000		0.37820	0.30311	0.43420	0.38071	0.147789188003540	0.444444444444444	0.384433593750000	0
54500		0.37846	0.30305	0.43400	0.38065	0.147789188003540	0.444444444444444	0.384433593750000	0
55000		0.37807	0.30281	0.43412	0.38062	0.147789188003540	0.444444444444444	0.384433593750000	0
55500		0.37811	0.30261	0.43416	0.38061	0.147789188003540	0.444444444444444	0.384433593750000	0
56000		0.37826	0.30236	0.43447	0.38080	0.147789188003540	0.444444444444444	0.384433593750000	0
56500		0.37789	0.30234	0.43462	0.38107	0.147789188003540	0.444444444444444	0.384433593750000	0
57000		0.37810	0.30238	0.43457	0.38152	0.147789188003540	0.444444444444444	0.384433593750000	0
57500		0.37800	0.30219	0.43479	0.38169	0.147789188003540	0.444444444444444	0.384433593750000	0
58000		0.37792	0.30216	0.43482	0.38175	0.147789188003540	0.444444444444444	0.384433593750000	0
58500		0.37816	0.30224	0.43481	0.38163	0.147789188003540	0.444444444444444	0.384433593750000	0
59000		0.37834	0.30231	0.43510	0.38160	0.147789188003540	0.444444444444444	0.384433593750000	0
59500		0.37808	0.30219	0.43502	0.38141	0.147789188003540	0.444444444444444	0.384433593750000	0
60000		0.37835	0.30169	0.43521	0.38144	0.147789188003540	0.444444444444444	0.384433593750000	0
60500		0.37819	0.30180	0.43534	0.38147	0.147789188003540	0.444444444444444	0.384433593750000	0
61000		0.37823	0.30188	0.43545	0.38151	0.147789188003540	0.444444444444444	0.384433593750000	0
61500		0.37817	0.30197	0.43512	0.38169	0.147789188003540	0.444444444444444	0.384433593750000	0
62000		0.37815	0.30172	0.43494	0.38177	0.147789188003540	0.444444444444444	0.384433593750000	0
62500		0.37800	0.30141	0.43514	0.38182	0.147789188003540	0.444444444444444	0.384433593750000	0
63000		0.37794	0.30116	0.43511	0.38188	0.147789188003540	0.444444444444444	0.384433593750000	0
63500		0.37794	0.30085	0.43531	0.38198	0.147789188003540	0.444444444444444	0.384433593750000	0
64000		0.37796	0.30060	0.43546	0.38222	0.147789188003540	0.444444444444444	0.384433593750000	0
64500		0.37802	0.30060	0.43552	0.38248	0.147789188003540	0.444444444444444	0.384433593750000	0
65000		0.37768	0.30069	0.43547	0.38260	0.147789188003540	0.444444444444444	0.384433593750000	0
65500		0.37775	0.30076	0.43544	0.38253	0.147789188003540	0.444444444444444	0.384433593750000	0
66000		0.37775	0.30042	0.43569	0.38240	0.147789188003540	0.444444444444444	0.384433593750000	0
66500		0.37795	0.30046	0.43574	0.38238	0.147789188003540	0.444444444444444	0.384433593750000	0
67000		0.37784	0.30044	0.43582	0.38231	0.147789188003540	0.444444444444444	0.384433593750000	0
67500		0.37795	0.30047	0.43537	0.38224	0.147789188003540	0.444444444444444	0.384433593750000	0
68000		0.37797	0.30042	0.43542	0.38208	0.147789188003540	0.444444444444444	0.384433593750000	0
68500		0.37778	0.30030	0.43536	0.38211	0.147789188003540	0.444444444444444	0.384433593750000	0
69000		0.37775	0.30025	0.43544	0.38207	0.147789188003540	0.444444444444444	0.384433593750000	0
69500		0.37757	0.30026	0.43560	0.38206	0.147789188003540	0.444444444444444	0.384433593750000	0
70000		0.37785	0.30033	0.43557	0.38216	0.147789188003540	0.444444444444444	0.384433593750000	0
70500		0.37777	0.30037	0.43556	0.38223	0.147789188003540	0.444444444444444	0.384433593750000	0
71000		0.37748	0.30029	0.43559	0.38238	0.147789188003540	0.444444444444444	0.384433593750000	0
71500		0.37725	0.30007	0.43567	0.38258	0.147789188003540	0.444444444444444	0.384433593750000	0
72000		0.37719	0.29994	0.43556	0.38270	0.147789188003540	0.444444444444444	0.384433593750000	0
72500		0.37723	0.30004	0.43550	0.38280	0.147789188003540	0.444444444444444	0.384433593750000	0
73000		0.37722	0.30024	0.43561	0.38274	0.147789188003540	0.444444444444444	0.384433593750000	0
73500		0.37707	0.30032	0.43587	0.38280	0.147789188003540	0.444444444444444	0.384433593750000	0
74000		0.37697	0.30040	0.43544	0.38276	0.147789188003540	0.444444444444444	0.384433593750000	0
74500		0.37707	0.30053	0.43530	0.38266	0.147789188003540	0.444444444444444	0.384433593750000	0
75000		0.37712	0.30028	0.43526	0.38282	0.147789188003540	0.444444444444444	0.384433593750000	0
75500		0.37722	0.30026	0.43545	0.38285	0.147789188003540	0.444444444444444	0.384433593750000	0
76000		0.37709	0.30011	0.43531	0.38290	0.147789188003540	0.444444444444444	0.384433593750000	0
76500		0.37698	0.30036	0.43536	0.38274	0.147789188003540	0.444444444444444	0.384433593750000	0
77000		0.37657	0.30028	0.43542	0.38263	0.147789188003540	0.444444444444444	0.384433593750000	0
77500		0.37692	0.30010	0.43530	0.38265	0.147789188003540	0.444444444444444	0.384433593750000	0
78000		0.37700	0.30000	0.43537	0.38261	0.147789188003540	0.444444444444444	0.384433593750000	0
78500		0.37727	0.30003	0.43543	0.38250	0.147789188003540	0.444444444444444	0.384433593750000	0
79000		0.37740	0.29988	0.43546	0.38239	0.147789188003540	0.444444444444444	0.384433593750000	0
79500		0.37709	0.29995	0.43547	0.38214	0.147789188003540	0.444444444444444	0.384433593750000	0
80000		0.37724	0.29986	0.43543	0.38204	0.147789188003540	0.444444444444444	0.384433593750000	0
80500		0.37719	0.30008	0.43536	0.38204	0.147789188003540	0.444444444444444	0.384433593750000	0
81000		0.37726	0.29992	0.43536	0.38212	0.147789188003540	0.444444444444444	0.384433593750000	0
81500		0.37719	0.29964	0.43545	0.38214	0.147789188003540	0.444444444444444	0.384433593750000	0
82000		0.37727	0.29983	0.43554	0.38211	0.147789188003540	0.444444444444444	0.384433593750000	0
82500		0.37709	0.29991	0.43554	0.38222	0.147789188003540	0.444444444444444	0.384433593750000	0
83000		0.37657	0.29993	0.43561	0.38220	0.147789188003540	0.444444444444444	0.384433593750000	0
83500		0.37648	0.29979	0.43582	0.38232	0.147789188003540	0.444444444444444	0.384433593750000	0
84000		0.37657	0.29964	0.43581	0.38251	0.147789188003540	0.444444444444444	0.384433593750000	0
84500		0.37636	0.29954	0.43585	0.38265	0.147789188003540	0.444444444444444	0.384433593750000	0
85000		0.37643	0.29961	0.43593	0.38258	0.147789188003540	0.444444444444444	0.384433593750000	0
85500		0.37629	0.29964	0.43595	0.38269	0.147789188003540	0.444444444444444	0.384433593750000	0
86000		0.37635	0.29974	0.43605	0.38278	0.147789188003540	0.444444444444444	0.384433593750000	0
86500		0.37626	0.29937	0.43609	0.38290	0.147789188003540	0.444444444444444	0.384433593750000	0
87000		0.37632	0.29947	0.43590	0.38300	0.147789188003540	0.444444444444444	0.384433593750000	0
87500		0.37638	0.29946	0.43580	0.38292	0.147789188003540	0.444444444444444	0.384433593750000	0
88000		0.37648	0.29953	0.43592	0.38283	0.147789188003540	0.444444444444444	0.384433593750000	0
88500		0.37674	0.29952	0.43582	0.38279	0.147789188003540	0.444444444444444	0.384433593750000	0
89000		0.37662	0.29953	0.43576	0.38277	0.147789188003540	0.444444444444444	0.384433593750000	0
89500		0.37653	0.29958	0.43549	0.38269	0.147789188003540	0.444444444444444	0.384433593750000	0
90000		0.37642	0.29948	0.43558	0.38270	0.147789188003540	0.444444444444444	0.384433593750000	0
90500		0.37631	0.29921	0.43544	0.38271	0.147789188003540	0.444444444444444	0.384433593750000	0
91000		0.37611	0.29894	0.43539	0.38277	0.147789188003540	0.444444444444444	0.384433593750000	0
91500		0.37617	0.29884	0.43540	0.38291	0.147789188003540	0.444444444444444	0.384433593750000	0
92000		0.37625	0.29896	0.43554	0.38307	0.147789188003540	0.444444444444444	0.384433593750000	0
92500		0.37605	0.29883	0.43601	0.38310	0.147789188003540	0.444444444444444	0.384433593750000	0
93000		0.37623	0.29915	0.43582	0.38306	0.147789188003540	0.444444444444444	0.384433593750000	0
93500		0.37640	0.29931	0.43593	0.38308	0.147789188003540	0.444444444444444	0.384433593750000	0
94000		0.37689	0.29959	0.43581	0.38294	0.147789188003540	0.444444444444444	0.384433593750000	0
94500		0.37702	0.29963	0.43577	0.38282	0.147789188003540	0.444444444444444	0.384433593750000	0
95000		0.37735	0.29966	0.43585	0.38270	0.147789188003540	0.444444444444444	0.384433593750000	0
95500		0.37741	0.29965	0.43569	0.38263	0.147789188003540	0.444444444444444	0.384433593750000	0
96000		0.37736	0.29968	0.43541	0.38264	0.147789188003540	0.444444444444444	0.384433593750000	0
96500		0.37750	0.29980	0.43512	0.38264	0.147789188003540	0.444444444444444	0.384433593750000	0
97000		0.37753	0.29981	0.43528	0.38265	0.147789188003540	0.444444444444444	0.384433593750000	0
97500		0.37753	0.29987	0.43524	0.38260	0.147789188003540	0.444444444444444	0.384433593750000	0
98000		0.37758	0.29999	0.43522	0.38259	0.147789188003540	0.444444444444444	0.384433593750000	0
98500		0.37746	0.29994	0.43521	0.38258	0.147789188003540	0.444444444444444	0.384433593750000	0
99000		0.37724	0.29985	0.43535	0.38251	0.147789188003540	0.444444444444444	0.384433593750000	0
99500		0.37723	0.29978	0.43521	0.38239	0.147789188003540	0.444444444444444	0.384433593750000	0
100000		0.37731	0.29989	0.43508	0.38234	0.147789188003540	0.444444444444444	0.384433593750000	0