step	p_accept_mu1	p_accept_gamma	p_accept_pi	p_accept_Tinf	sigma_mu1	sigma_gamma	sigma_pi	n_like_zero
1		1.00000	1.00000	1.00000	1.00000	0.000100000000000	1.000000000000000	0.010000000000000	0
500		0.97595	0.15832	1.00000	0.31155	0.000100000000000	1.000000000000000	0.010000000000000	0
1000		0.96800	0.20400	0.96600	0.29934	0.000150000000000	0.666666666666667	0.015000000000000	0
1500		0.97000	0.30600	0.94200	0.29603	0.000225000000000	0.444444444444444	0.022500000000000	0
2000		0.96000	0.31100	0.87800	0.29631	0.000337500000000	0.444444444444444	0.033750000000000	0
2500		0.96200	0.32867	0.83400	0.29802	0.000506250000000	0.444444444444444	0.050625000000000	0
3000		0.96200	0.34050	0.68200	0.29952	0.000759375000000	0.444444444444444	0.075937500000000	0
3500		0.93600	0.34160	0.61000	0.30100	0.001139062500000	0.444444444444444	0.113906250000000	0
4000		0.93400	0.35100	0.46800	0.30121	0.001708593750000	0.444444444444444	0.170859375000000	0
4500		0.90400	0.35629	0.44300	0.30058	0.002562890625000	0.444444444444444	0.170859375000000	0
5000		0.87800	0.35725	0.42333	0.29960	0.003844335937500	0.444444444444444	0.170859375000000	0
5500		0.87600	0.36156	0.40700	0.29932	0.005766503906250	0.444444444444444	0.170859375000000	0
6000		0.87600	0.36980	0.39840	0.29943	0.008649755859375	0.444444444444444	0.170859375000000	0
6500		0.94000	0.37782	0.39233	0.29945	0.012974633789063	0.444444444444444	0.170859375000000	0
7000		0.89000	0.37967	0.39371	0.30018	0.019461950683594	0.444444444444444	0.170859375000000	0
7500		0.87400	0.38185	0.39150	0.30070	0.029192926025391	0.444444444444444	0.170859375000000	0
8000		0.81400	0.38386	0.39244	0.30077	0.043789389038086	0.444444444444444	0.170859375000000	0
8500		0.75200	0.38893	0.39220	0.30112	0.065684083557129	0.444444444444444	0.170859375000000	0
9000		0.64600	0.39000	0.38982	0.30033	0.098526125335693	0.444444444444444	0.170859375000000	0
9500		0.47600	0.39494	0.38883	0.30036	0.147789188003540	0.444444444444444	0.170859375000000	0
10000		0.49900	0.39733	0.38631	0.30047	0.147789188003540	0.444444444444444	0.170859375000000	0
10500		0.51600	0.39947	0.38671	0.30062	0.147789188003540	0.444444444444444	0.170859375000000	0
11000		0.52000	0.40120	0.38773	0.30088	0.147789188003540	0.444444444444444	0.170859375000000	0
11500		0.50640	0.40400	0.38588	0.30147	0.147789188003540	0.444444444444444	0.170859375000000	0
12000		0.50667	0.40555	0.38424	0.30168	0.147789188003540	0.444444444444444	0.170859375000000	0
12500		0.50257	0.40678	0.38289	0.30211	0.147789188003540	0.444444444444444	0.170859375000000	0
13000		0.50150	0.40767	0.38021	0.30274	0.147789188003540	0.444444444444444	0.170859375000000	0
13500		0.50289	0.40872	0.37890	0.30275	0.147789188003540	0.444444444444444	0.170859375000000	0
14000		0.50620	0.40931	0.37943	0.30234	0.147789188003540	0.444444444444444	0.170859375000000	0
14500		0.50745	0.41000	0.37945	0.30224	0.147789188003540	0.444444444444444	0.170859375000000	0
15000		0.50517	0.41007	0.37843	0.30242	0.147789188003540	0.444444444444444	0.170859375000000	0
15500		0.50292	0.41097	0.38000	0.30271	0.147789188003540	0.444444444444444	0.170859375000000	0
16000		0.50257	0.41233	0.37904	0.30285	0.147789188003540	0.444444444444444	0.170859375000000	0
16500		0.50227	0.41381	0.37792	0.30249	0.147789188003540	0.444444444444444	0.170859375000000	0
17000		0.50338	0.41394	0.37815	0.30229	0.147789188003540	0.444444444444444	0.170859375000000	0
17500		0.50247	0.41358	0.37779	0.30251	0.147789188003540	0.444444444444444	0.170859375000000	0
18000		0.50100	0.41247	0.37676	0.30261	0.147789188003540	0.444444444444444	0.170859375000000	0
18500		0.50000	0.41183	0.37607	0.30280	0.147789188003540	0.444444444444444	0.170859375000000	0
19000		0.49860	0.41083	0.37594	0.30302	0.147789188003540	0.444444444444444	0.170859375000000	0
19500		0.49867	0.41211	0.37581	0.30317	0.147789188003540	0.444444444444444	0.170859375000000	0
20000		0.49600	0.41242	0.37624	0.30335	0.147789188003540	0.444444444444444	0.170859375000000	0
20500		0.49409	0.41272	0.37518	0.30369	0.147789188003540	0.444444444444444	0.170859375000000	0
21000		0.49417	0.41365	0.37571	0.30364	0.147789188003540	0.444444444444444	0.170859375000000	0
21500		0.49224	0.41356	0.37539	0.30394	0.147789188003540	0.444444444444444	0.170859375000000	0
22000		0.49262	0.41400	0.37622	0.30397	0.147789188003540	0.444444444444444	0.170859375000000	0
22500		0.49437	0.41428	0.37605	0.30392	0.147789188003540	0.444444444444444	0.170859375000000	0
23000		0.49336	0.41514	0.37554	0.30382	0.147789188003540	0.444444444444444	0.170859375000000	0
23500		0.49324	0.41542	0.37570	0.30395	0.147789188003540	0.444444444444444	0.170859375000000	0
24000		0.49480	0.41626	0.37527	0.30402	0.147789188003540	0.444444444444444	0.170859375000000	0
24500		0.49458	0.41634	0.37629	0.30414	0.147789188003540	0.444444444444444	0.170859375000000	0
25000		0.49525	0.41633	0.37516	0.30435	0.147789188003540	0.444444444444444	0.170859375000000	0
25500		0.49497	0.41596	0.37500	0.30433	0.147789188003540	0.444444444444444	0.170859375000000	0
26000		0.49429	0.41620	0.37498	0.30450	0.147789188003540	0.444444444444444	0.170859375000000	0
26500		0.49343	0.41596	0.37517	0.30466	0.147789188003540	0.444444444444444	0.170859375000000	0
27000		0.49344	0.41631	0.37532	0.30477	0.147789188003540	0.444444444444444	0.170859375000000	0
27500		0.49265	0.41660	0.37583	0.30467	0.147789188003540	0.444444444444444	0.170859375000000	0
28000		0.49279	0.41744	0.37624	0.30481	0.147789188003540	0.444444444444444	0.170859375000000	0
28500		0.49272	0.41702	0.37524	0.30486	0.147789188003540	0.444444444444444	0.170859375000000	0
29000		0.49340	0.41621	0.37529	0.30491	0.147789188003540	0.444444444444444	0.170859375000000	0
29500		0.49434	0.41663	0.37604	0.30495	0.147789188003540	0.444444444444444	0.170859375000000	0
30000		0.49386	0.41741	0.37623	0.30494	0.147789188003540	0.444444444444444	0.170859375000000	0
30500		0.49307	0.41681	0.37559	0.30491	0.147789188003540	0.444444444444444	0.170859375000000	0
31000		0.49336	0.41653	0.37531	0.30485	0.147789188003540	0.444444444444444	0.170859375000000	0
31500		0.49280	0.41580	0.37500	0.30491	0.147789188003540	0.444444444444444	0.170859375000000	0
32000		0.49226	0.41558	0.37537	0.30487	0.147789188003540	0.444444444444444	0.170859375000000	0
32500		0.49170	0.41559	0.37586	0.30495	0.147789188003540	0.444444444444444	0.170859375000000	0
33000		0.49079	0.41631	0.37539	0.30501	0.147789188003540	0.444444444444444	0.170859375000000	0
33500		0.49139	0.41612	0.37617	0.30496	0.147789188003540	0.444444444444444	0.170859375000000	0
34000		0.49108	0.41603	0.37557	0.30497	0.147789188003540	0.444444444444444	0.170859375000000	0
34500		0.49137	0.41696	0.37535	0.30489	0.147789188003540	0.444444444444444	0.170859375000000	0
35000		0.49212	0.41700	0.37489	0.30480	0.147789188003540	0.444444444444444	0.170859375000000	0
35500		0.49200	0.41696	0.37466	0.30476	0.147789188003540	0.444444444444444	0.170859375000000	0
36000		0.49211	0.41700	0.37477	0.30469	0.147789188003540	0.444444444444444	0.170859375000000	0
36500		0.49258	0.41749	0.37458	0.30462	0.147789188003540	0.444444444444444	0.170859375000000	0
37000		0.49200	0.41775	0.37448	0.30449	0.147789188003540	0.444444444444444	0.170859375000000	0
37500		0.49253	0.41762	0.37388	0.30453	0.147789188003540	0.444444444444444	0.170859375000000	0
38000		0.49303	0.41800	0.37432	0.30450	0.147789188003540	0.444444444444444	0.170859375000000	0
38500		0.49292	0.41811	0.37377	0.30439	0.147789188003540	0.444444444444444	0.170859375000000	0
39000		0.49227	0.41782	0.37380	0.30443	0.147789188003540	0.444444444444444	0.170859375000000	0
39500		0.49233	0.41774	0.37475	0.30448	0.147789188003540	0.444444444444444	0.170859375000000	0
40000		0.49274	0.41815	0.37460	0.30451	0.147789188003540	0.444444444444444	0.170859375000000	0
40500		0.49276	0.41828	0.37511	0.30460	0.147789188003540	0.444444444444444	0.170859375000000	0
41000		0.49219	0.41825	0.37571	0.30462	0.147789188003540	0.444444444444444	0.170859375000000	0
41500		0.49243	0.41805	0.37513	0.30462	0.147789188003540	0.444444444444444	0.170859375000000	0
42000		0.49264	0.41837	0.37509	0.30453	0.147789188003540	0.444444444444444	0.170859375000000	0
42500		0.49313	0.41812	0.37482	0.30447	0.147789188003540	0.444444444444444	0.170859375000000	0
43000		0.49288	0.41795	0.37466	0.30451	0.147789188003540	0.444444444444444	0.170859375000000	0
43500		0.49203	0.41755	0.37562	0.30468	0.147789188003540	0.444444444444444	0.170859375000000	0
44000		0.49206	0.41719	0.37511	0.30474	0.147789188003540	0.444444444444444	0.170859375000000	0
44500		0.49175	0.41685	0.37537	0.30478	0.147789188003540	0.444444444444444	0.170859375000000	0
45000		0.49153	0.41675	0.37494	0.30487	0.147789188003540	0.444444444444444	0.170859375000000	0
45500		0.49132	0.41681	0.37421	0.30476	0.147789188003540	0.444444444444444	0.170859375000000	0
46000		0.49132	0.41684	0.37414	0.30487	0.147789188003540	0.444444444444444	0.170859375000000	0
46500		0.49139	0.41666	0.37458	0.30503	0.147789188003540	0.444444444444444	0.170859375000000	0
47000		0.49076	0.41702	0.37428	0.30507	0.147789188003540	0.444444444444444	0.170859375000000	0
47500		0.49125	0.41675	0.37418	0.30513	0.147789188003540	0.444444444444444	0.170859375000000	0
48000		0.49131	0.41674	0.37449	0.30526	0.147789188003540	0.444444444444444	0.170859375000000	0
48500		0.49132	0.41672	0.37427	0.30521	0.147789188003540	0.444444444444444	0.170859375000000	0
49000		0.49050	0.41685	0.37391	0.30507	0.147789188003540	0.444444444444444	0.170859375000000	0
49500		0.49094	0.41722	0.37420	0.30511	0.147789188003540	0.444444444444444	0.170859375000000	0
50000		0.49059	0.41718	0.37430	0.30519	0.147789188003540	0.444444444444444	0.170859375000000	0
50500		0.49043	0.41665	0.37389	0.30512	0.147789188003540	0.444444444444444	0.170859375000000	0
51000		0.49062	0.41652	0.37398	0.30519	0.147789188003540	0.444444444444444	0.170859375000000	0
51500		0.49021	0.41648	0.37425	0.30515	0.147789188003540	0.444444444444444	0.170859375000000	0
52000		0.49028	0.41688	0.37435	0.30512	0.147789188003540	0.444444444444444	0.170859375000000	0
52500		0.49055	0.41656	0.37480	0.30511	0.147789188003540	0.444444444444444	0.170859375000000	0
53000		0.49011	0.41690	0.37489	0.30513	0.147789188003540	0.444444444444444	0.170859375000000	0
53500		0.49000	0.41686	0.37492	0.30511	0.147789188003540	0.444444444444444	0.170859375000000	0
54000		0.48971	0.41675	0.37479	0.30515	0.147789188003540	0.444444444444444	0.170859375000000	0
54500		0.48976	0.41656	0.37467	0.30511	0.147789188003540	0.444444444444444	0.170859375000000	0
55000		0.48963	0.41643	0.37485	0.30520	0.147789188003540	0.444444444444444	0.170859375000000	0
55500		0.48927	0.41596	0.37512	0.30523	0.147789188003540	0.444444444444444	0.170859375000000	0
56000		0.48919	0.41635	0.37528	0.30526	0.147789188003540	0.444444444444444	0.170859375000000	0
56500		0.48884	0.41593	0.37511	0.30522	0.147789188003540	0.444444444444444	0.170859375000000	0
57000		0.48892	0.41587	0.37529	0.30533	0.147789188003540	0.444444444444444	0.170859375000000	0
57500		0.48854	0.41568	0.37515	0.30543	0.147789188003540	0.444444444444444	0.170859375000000	0
58000		0.48812	0.41525	0.37534	0.30547	0.147789188003540	0.444444444444444	0.170859375000000	0
58500		0.48816	0.41551	0.37529	0.30545	0.147789188003540	0.444444444444444	0.170859375000000	0
59000		0.48772	0.41534	0.37510	0.30536	0.147789188003540	0.444444444444444	0.170859375000000	0
59500		0.48760	0.41526	0.37495	0.30545	0.147789188003540	0.444444444444444	0.170859375000000	0
60000		0.48780	0.41500	0.37524	0.30551	0.147789188003540	0.444444444444444	0.170859375000000	0
60500		0.48788	0.41506	0.37502	0.30554	0.147789188003540	0.444444444444444	0.170859375000000	0
61000		0.48815	0.41532	0.37482	0.30555	0.147789188003540	0.444444444444444	0.170859375000000	0
61500		0.48800	0.41527	0.37500	0.30562	0.147789188003540	0.444444444444444	0.170859375000000	0
62000		0.48791	0.41523	0.37487	0.30561	0.147789188003540	0.444444444444444	0.170859375000000	0
62500		0.48802	0.41535	0.37459	0.30558	0.147789188003540	0.444444444444444	0.170859375000000	0
63000		0.48761	0.41558	0.37449	0.30556	0.147789188003540	0.444444444444444	0.170859375000000	0
63500		0.48767	0.41568	0.37448	0.30563	0.147789188003540	0.444444444444444	0.170859375000000	0
64000		0.48760	0.41605	0.37435	0.30554	0.147789188003540	0.444444444444444	0.170859375000000	0
64500		0.48742	0.41608	0.37446	0.30556	0.147789188003540	0.444444444444444	0.170859375000000	0
65000		0.48727	0.41637	0.37446	0.30551	0.147789188003540	0.444444444444444	0.170859375000000	0
65500		0.48717	0.41633	0.37432	0.30554	0.147789188003540	0.444444444444444	0.170859375000000	0
66000		0.48698	0.41615	0.37429	0.30548	0.147789188003540	0.444444444444444	0.170859375000000	0
66500		0.48758	0.41608	0.37444	0.30546	0.147789188003540	0.444444444444444	0.170859375000000	0
67000		0.48764	0.41586	0.37439	0.30548	0.147789188003540	0.444444444444444	0.170859375000000	0
67500		0.48749	0.41559	0.37436	0.30548	0.147789188003540	0.444444444444444	0.170859375000000	0
68000		0.48712	0.41564	0.37471	0.30545	0.147789188003540	0.444444444444444	0.170859375000000	0
68500		0.48719	0.41566	0.37457	0.30540	0.147789188003540	0.444444444444444	0.170859375000000	0
69000		0.48718	0.41587	0.37452	0.30543	0.147789188003540	0.444444444444444	0.170859375000000	0
69500		0.48707	0.41571	0.37485	0.30546	0.147789188003540	0.444444444444444	0.170859375000000	0
70000		0.48697	0.41581	0.37498	0.30549	0.147789188003540	0.444444444444444	0.170859375000000	0
70500		0.48675	0.41603	0.37504	0.30549	0.147789188003540	0.444444444444444	0.170859375000000	0
71000		0.48684	0.41583	0.37504	0.30539	0.147789188003540	0.444444444444444	0.170859375000000	0
71500		0.48675	0.41589	0.37499	0.30539	0.147789188003540	0.444444444444444	0.170859375000000	0
72000		0.48662	0.41563	0.37492	0.30543	0.147789188003540	0.444444444444444	0.170859375000000	0
72500		0.48709	0.41575	0.37488	0.30536	0.147789188003540	0.444444444444444	0.170859375000000	0
73000		0.48717	0.41560	0.37481	0.30535	0.147789188003540	0.444444444444444	0.170859375000000	0
73500		0.48715	0.41549	0.37481	0.30541	0.147789188003540	0.444444444444444	0.170859375000000	0
74000		0.48729	0.41518	0.37488	0.30540	0.147789188003540	0.444444444444444	0.170859375000000	0
74500		0.48713	0.41505	0.37479	0.30535	0.147789188003540	0.444444444444444	0.170859375000000	0
75000		0.48721	0.41519	0.37505	0.30536	0.147789188003540	0.444444444444444	0.170859375000000	0
75500		0.48749	0.41506	0.37486	0.30530	0.147789188003540	0.444444444444444	0.170859375000000	0
76000		0.48764	0.41528	0.37486	0.30522	0.147789188003540	0.444444444444444	0.170859375000000	0
76500		0.48778	0.41531	0.37468	0.30525	0.147789188003540	0.444444444444444	0.170859375000000	0
77000		0.48794	0.41521	0.37463	0.30521	0.147789188003540	0.444444444444444	0.170859375000000	0
77500		0.48790	0.41525	0.37441	0.30519	0.147789188003540	0.444444444444444	0.170859375000000	0
78000		0.48793	0.41516	0.37447	0.30520	0.147789188003540	0.444444444444444	0.170859375000000	0
78500		0.48797	0.41525	0.37447	0.30523	0.147789188003540	0.444444444444444	0.170859375000000	0
79000		0.48814	0.41549	0.37448	0.30523	0.147789188003540	0.444444444444444	0.170859375000000	0
79500		0.48813	0.41558	0.37442	0.30519	0.147789188003540	0.444444444444444	0.170859375000000	0
80000		0.48793	0.41546	0.37452	0.30521	0.147789188003540	0.444444444444444	0.170859375000000	0
80500		0.48820	0.41545	0.37462	0.30523	0.147789188003540	0.444444444444444	0.170859375000000	0
81000		0.48803	0.41539	0.37474	0.30527	0.147789188003540	0.444444444444444	0.170859375000000	0
81500		0.48811	0.41548	0.37492	0.30525	0.147789188003540	0.444444444444444	0.170859375000000	0
82000		0.48832	0.41541	0.37490	0.30525	0.147789188003540	0.444444444444444	0.170859375000000	0
82500		0.48831	0.41518	0.37489	0.30526	0.147789188003540	0.444444444444444	0.170859375000000	0
83000		0.48828	0.41529	0.37486	0.30525	0.147789188003540	0.444444444444444	0.170859375000000	0
83500		0.48851	0.41532	0.37507	0.30523	0.147789188003540	0.444444444444444	0.170859375000000	0
84000		0.48836	0.41552	0.37524	0.30524	0.147789188003540	0.444444444444444	0.170859375000000	0
84500		0.48820	0.41557	0.37527	0.30530	0.147789188003540	0.444444444444444	0.170859375000000	0
85000		0.48799	0.41545	0.37542	0.30530	0.147789188003540	0.444444444444444	0.170859375000000	0
85500		0.48776	0.41538	0.37576	0.30528	0.147789188003540	0.444444444444444	0.170859375000000	0
86000		0.48769	0.41547	0.37565	0.30525	0.147789188003540	0.444444444444444	0.170859375000000	0
86500		0.48782	0.41537	0.37560	0.30528	0.147789188003540	0.444444444444444	0.170859375000000	0
87000		0.48788	0.41535	0.37558	0.30531	0.147789188003540	0.444444444444444	0.170859375000000	0
87500		0.48792	0.41547	0.37546	0.30530	0.147789188003540	0.444444444444444	0.170859375000000	0
88000		0.48787	0.41545	0.37529	0.30533	0.147789188003540	0.444444444444444	0.170859375000000	0
88500		0.48777	0.41547	0.37531	0.30531	0.147789188003540	0.444444444444444	0.170859375000000	0
89000		0.48781	0.41561	0.37513	0.30533	0.147789188003540	0.444444444444444	0.170859375000000	0
89500		0.48802	0.41572	0.37505	0.30530	0.147789188003540	0.444444444444444	0.170859375000000	0
90000		0.48781	0.41585	0.37483	0.30528	0.147789188003540	0.444444444444444	0.170859375000000	0
90500		0.48763	0.41579	0.37486	0.30532	0.147789188003540	0.444444444444444	0.170859375000000	0
91000		0.48751	0.41573	0.37503	0.30533	0.147789188003540	0.444444444444444	0.170859375000000	0
91500		0.48726	0.41591	0.37524	0.30533	0.147789188003540	0.444444444444444	0.170859375000000	0
92000		0.48733	0.41570	0.37532	0.30535	0.147789188003540	0.444444444444444	0.170859375000000	0
92500		0.48725	0.41562	0.37508	0.30532	0.147789188003540	0.444444444444444	0.170859375000000	0
93000		0.48715	0.41540	0.37517	0.30531	0.147789188003540	0.444444444444444	0.170859375000000	0
93500		0.48691	0.41542	0.37508	0.30532	0.147789188003540	0.444444444444444	0.170859375000000	0
94000		0.48684	0.41538	0.37536	0.30533	0.147789188003540	0.444444444444444	0.170859375000000	0
94500		0.48684	0.41526	0.37533	0.30532	0.147789188003540	0.444444444444444	0.170859375000000	0
95000		0.48705	0.41527	0.37526	0.30540	0.147789188003540	0.444444444444444	0.170859375000000	0
95500		0.48703	0.41516	0.37516	0.30539	0.147789188003540	0.444444444444444	0.170859375000000	0
96000		0.48699	0.41511	0.37508	0.30537	0.147789188003540	0.444444444444444	0.170859375000000	0
96500		0.48705	0.41521	0.37506	0.30540	0.147789188003540	0.444444444444444	0.170859375000000	0
97000		0.48686	0.41526	0.37533	0.30544	0.147789188003540	0.444444444444444	0.170859375000000	0
97500		0.48695	0.41533	0.37516	0.30544	0.147789188003540	0.444444444444444	0.170859375000000	0
98000		0.48664	0.41549	0.37520	0.30545	0.147789188003540	0.444444444444444	0.170859375000000	0
98500		0.48693	0.41544	0.37541	0.30543	0.147789188003540	0.444444444444444	0.170859375000000	0
99000		0.48698	0.41542	0.37547	0.30543	0.147789188003540	0.444444444444444	0.170859375000000	0
99500		0.48714	0.41541	0.37532	0.30540	0.147789188003540	0.444444444444444	0.170859375000000	0
100000		0.48708	0.41530	0.37530	0.30542	0.147789188003540	0.444444444444444	0.170859375000000	0