step	p_accept_mu1	p_accept_gamma	p_accept_pi	p_accept_Tinf	sigma_mu1	sigma_gamma	sigma_pi	n_like_zero
1		1.00000	1.00000	1.00000	1.00000	0.000100000000000	1.000000000000000	0.010000000000000	0
500		0.99800	0.54309	1.00000	0.36964	0.000100000000000	1.000000000000000	0.010000000000000	0
1000		0.99800	0.57800	0.94000	0.34580	0.000150000000000	1.000000000000000	0.015000000000000	0
1500		1.00000	0.58800	0.83600	0.32570	0.000225000000000	1.000000000000000	0.022500000000000	0
2000		1.00000	0.60600	0.55600	0.31545	0.000337500000000	1.000000000000000	0.033750000000000	0
2500		1.00000	0.60200	0.60400	0.31018	0.000506250000000	1.000000000000000	0.050625000000000	0
3000		0.99800	0.58600	0.48200	0.30581	0.000759375000000	1.000000000000000	0.075937500000000	0
3500		0.99400	0.62600	0.43700	0.30173	0.001139062500000	1.000000000000000	0.075937500000000	0
4000		0.99200	0.60200	0.44267	0.30000	0.001708593750000	1.000000000000000	0.075937500000000	0
4500		0.99600	0.56000	0.44000	0.29732	0.002562890625000	1.000000000000000	0.075937500000000	0
5000		0.99000	0.55000	0.45040	0.29519	0.003844335937500	1.000000000000000	0.075937500000000	0
5500		0.98800	0.59800	0.47067	0.29384	0.005766503906250	1.000000000000000	0.075937500000000	0
6000		0.97800	0.61400	0.47000	0.29314	0.008649755859375	1.000000000000000	0.075937500000000	0
6500		0.95800	0.56000	0.48425	0.29275	0.012974633789063	1.000000000000000	0.075937500000000	0
7000		0.97600	0.61000	0.49156	0.29273	0.019461950683594	1.000000000000000	0.075937500000000	0
7500		0.97800	0.66000	0.48320	0.29188	0.029192926025391	1.000000000000000	0.075937500000000	0
8000		0.95600	0.62600	0.47691	0.29140	0.043789389038086	1.000000000000000	0.075937500000000	0
8500		0.95800	0.62600	0.47350	0.29086	0.065684083557129	1.000000000000000	0.075937500000000	0
9000		0.97200	0.65600	0.48431	0.29111	0.098526125335693	1.000000000000000	0.075937500000000	0
9500		0.95800	0.73600	0.48300	0.29060	0.147789188003540	1.000000000000000	0.075937500000000	0
10000		0.94400	0.73800	0.48640	0.29042	0.221683782005310	1.000000000000000	0.075937500000000	0
10500		0.87800	0.71200	0.48612	0.29012	0.332525673007965	1.000000000000000	0.075937500000000	0
11000		0.87400	0.68400	0.49176	0.29037	0.498788509511948	1.000000000000000	0.075937500000000	0
11500		0.80200	0.71000	0.49311	0.29029	0.748182764267921	1.000000000000000	0.075937500000000	0
12000		0.75600	0.67200	0.49495	0.29006	1.000000000000000	1.000000000000000	0.075937500000000	0
12500		0.74300	0.66200	0.49510	0.28964	1.000000000000000	1.000000000000000	0.075937500000000	0
13000		0.73667	0.69067	0.49514	0.28977	1.000000000000000	1.000000000000000	0.075937500000000	0
13500		0.73350	0.69500	0.49327	0.28975	1.000000000000000	1.000000000000000	0.075937500000000	0
14000		0.72400	0.69520	0.49243	0.28894	1.000000000000000	1.000000000000000	0.075937500000000	0
14500		0.72633	0.69367	0.49417	0.28916	1.000000000000000	1.000000000000000	0.075937500000000	0
15000		0.72743	0.69686	0.49576	0.28917	1.000000000000000	1.000000000000000	0.075937500000000	0
15500		0.72925	0.69850	0.49800	0.28929	1.000000000000000	1.000000000000000	0.075937500000000	0
16000		0.72400	0.69578	0.50015	0.28931	1.000000000000000	1.000000000000000	0.075937500000000	0
16500		0.72300	0.69300	0.50200	0.28940	1.000000000000000	1.000000000000000	0.075937500000000	0
17000		0.72545	0.69364	0.50476	0.28919	1.000000000000000	1.000000000000000	0.075937500000000	0
17500		0.72450	0.69400	0.50753	0.28905	1.000000000000000	1.000000000000000	0.075937500000000	0
18000		0.72723	0.69492	0.50710	0.28899	1.000000000000000	1.000000000000000	0.075937500000000	0
18500		0.72657	0.69457	0.50950	0.28906	1.000000000000000	1.000000000000000	0.075937500000000	0
19000		0.72760	0.69387	0.51212	0.28903	1.000000000000000	1.000000000000000	0.075937500000000	0
19500		0.72650	0.69350	0.51118	0.28898	1.000000000000000	1.000000000000000	0.075937500000000	0
20000		0.72494	0.69494	0.51297	0.28879	1.000000000000000	1.000000000000000	0.075937500000000	0
20500		0.72567	0.69378	0.51400	0.28884	1.000000000000000	1.000000000000000	0.075937500000000	0
21000		0.72811	0.69411	0.51222	0.28872	1.000000000000000	1.000000000000000	0.075937500000000	0
21500		0.72850	0.69480	0.51084	0.28873	1.000000000000000	1.000000000000000	0.075937500000000	0
22000		0.72771	0.69419	0.51256	0.28860	1.000000000000000	1.000000000000000	0.075937500000000	0
22500		0.72955	0.69400	0.51275	0.28855	1.000000000000000	1.000000000000000	0.075937500000000	0
23000		0.72957	0.69261	0.51307	0.28865	1.000000000000000	1.000000000000000	0.075937500000000	0
23500		0.72917	0.69292	0.51452	0.28888	1.000000000000000	1.000000000000000	0.075937500000000	0
24000		0.72952	0.69312	0.51516	0.28898	1.000000000000000	1.000000000000000	0.075937500000000	0
24500		0.72885	0.69192	0.51223	0.28891	1.000000000000000	1.000000000000000	0.075937500000000	0
25000		0.72859	0.69119	0.51267	0.28874	1.000000000000000	1.000000000000000	0.075937500000000	0
25500		0.72829	0.69114	0.51291	0.28865	1.000000000000000	1.000000000000000	0.075937500000000	0
26000		0.72766	0.69110	0.51409	0.28859	1.000000000000000	1.000000000000000	0.075937500000000	0
26500		0.72747	0.69153	0.51383	0.28850	1.000000000000000	1.000000000000000	0.075937500000000	0
27000		0.72761	0.69084	0.51539	0.28856	1.000000000000000	1.000000000000000	0.075937500000000	0
27500		0.72706	0.69063	0.51616	0.28843	1.000000000000000	1.000000000000000	0.075937500000000	0
28000		0.72527	0.69012	0.51498	0.28847	1.000000000000000	1.000000000000000	0.075937500000000	0
28500		0.72618	0.69082	0.51296	0.28826	1.000000000000000	1.000000000000000	0.075937500000000	0
29000		0.72691	0.69074	0.51272	0.28820	1.000000000000000	1.000000000000000	0.075937500000000	0
29500		0.72717	0.69178	0.51185	0.28812	1.000000000000000	1.000000000000000	0.075937500000000	0
30000		0.72735	0.69222	0.50993	0.28806	1.000000000000000	1.000000000000000	0.075937500000000	0
30500		0.72726	0.69347	0.50996	0.28804	1.000000000000000	1.000000000000000	0.075937500000000	0
31000		0.72738	0.69441	0.51025	0.28786	1.000000000000000	1.000000000000000	0.075937500000000	0
31500		0.72700	0.69400	0.51159	0.28784	1.000000000000000	1.000000000000000	0.075937500000000	0
32000		0.72668	0.69439	0.51305	0.28792	1.000000000000000	1.000000000000000	0.075937500000000	0
32500		0.72729	0.69486	0.51490	0.28796	1.000000000000000	1.000000000000000	0.075937500000000	0
33000		0.72772	0.69530	0.51728	0.28821	1.000000000000000	1.000000000000000	0.075937500000000	0
33500		0.72777	0.69559	0.51681	0.28811	1.000000000000000	1.000000000000000	0.075937500000000	0
34000		0.72778	0.69502	0.51765	0.28792	1.000000000000000	1.000000000000000	0.075937500000000	0
34500		0.72783	0.69465	0.51863	0.28789	1.000000000000000	1.000000000000000	0.075937500000000	0
35000		0.72783	0.69477	0.52006	0.28815	1.000000000000000	1.000000000000000	0.075937500000000	0
35500		0.72788	0.69388	0.51873	0.28795	1.000000000000000	1.000000000000000	0.075937500000000	0
36000		0.72776	0.69412	0.51910	0.28810	1.000000000000000	1.000000000000000	0.075937500000000	0
36500		0.72760	0.69420	0.51876	0.28800	1.000000000000000	1.000000000000000	0.075937500000000	0
37000		0.72765	0.69404	0.51864	0.28799	1.000000000000000	1.000000000000000	0.075937500000000	0
37500		0.72819	0.69404	0.51860	0.28801	1.000000000000000	1.000000000000000	0.075937500000000	0
38000		0.72811	0.69389	0.51876	0.28805	1.000000000000000	1.000000000000000	0.075937500000000	0
38500		0.72804	0.69311	0.51817	0.28789	1.000000000000000	1.000000000000000	0.075937500000000	0
39000		0.72785	0.69262	0.51959	0.28797	1.000000000000000	1.000000000000000	0.075937500000000	0
39500		0.72800	0.69286	0.52027	0.28795	1.000000000000000	1.000000000000000	0.075937500000000	0
40000		0.72800	0.69281	0.51997	0.28783	1.000000000000000	1.000000000000000	0.075937500000000	0
40500		0.72800	0.69300	0.52063	0.28781	1.000000000000000	1.000000000000000	0.075937500000000	0
41000		0.72800	0.69359	0.52161	0.28777	1.000000000000000	1.000000000000000	0.075937500000000	0
41500		0.72757	0.69383	0.52154	0.28775	1.000000000000000	1.000000000000000	0.075937500000000	0
42000		0.72718	0.69384	0.52180	0.28784	1.000000000000000	1.000000000000000	0.075937500000000	0
42500		0.72710	0.69381	0.52145	0.28774	1.000000000000000	1.000000000000000	0.075937500000000	0
43000		0.72778	0.69410	0.52336	0.28799	1.000000000000000	1.000000000000000	0.075937500000000	0
43500		0.72850	0.69447	0.52163	0.28795	1.000000000000000	1.000000000000000	0.075937500000000	0
44000		0.72806	0.69446	0.52113	0.28792	1.000000000000000	1.000000000000000	0.075937500000000	0
44500		0.72858	0.69467	0.52183	0.28786	1.000000000000000	1.000000000000000	0.075937500000000	0
45000		0.72848	0.69472	0.52287	0.28779	1.000000000000000	1.000000000000000	0.075937500000000	0
45500		0.72841	0.69479	0.52379	0.28782	1.000000000000000	1.000000000000000	0.075937500000000	0
46000		0.72849	0.69542	0.52297	0.28772	1.000000000000000	1.000000000000000	0.075937500000000	0
46500		0.72814	0.69520	0.52305	0.28763	1.000000000000000	1.000000000000000	0.075937500000000	0
47000		0.72783	0.69552	0.52360	0.28765	1.000000000000000	1.000000000000000	0.075937500000000	0
47500		0.72761	0.69550	0.52456	0.28766	1.000000000000000	1.000000000000000	0.075937500000000	0
48000		0.72814	0.69545	0.52446	0.28763	1.000000000000000	1.000000000000000	0.075937500000000	0
48500		0.72822	0.69535	0.52446	0.28760	1.000000000000000	1.000000000000000	0.075937500000000	0
49000		0.72805	0.69557	0.52503	0.28768	1.000000000000000	1.000000000000000	0.075937500000000	0
49500		0.72784	0.69582	0.52526	0.28757	1.000000000000000	1.000000000000000	0.075937500000000	0
50000		0.72753	0.69558	0.52526	0.28756	1.000000000000000	1.000000000000000	0.075937500000000	0
50500		0.72764	0.69600	0.52544	0.28761	1.000000000000000	1.000000000000000	0.075937500000000	0
51000		0.72775	0.69600	0.52542	0.28764	1.000000000000000	1.000000000000000	0.075937500000000	0
51500		0.72780	0.69593	0.52524	0.28769	1.000000000000000	1.000000000000000	0.075937500000000	0
52000		0.72802	0.69607	0.52428	0.28763	1.000000000000000	1.000000000000000	0.075937500000000	0
52500		0.72798	0.69583	0.52472	0.28765	1.000000000000000	1.000000000000000	0.075937500000000	0
53000		0.72798	0.69610	0.52501	0.28770	1.000000000000000	1.000000000000000	0.075937500000000	0
53500		0.72819	0.69624	0.52437	0.28764	1.000000000000000	1.000000000000000	0.075937500000000	0
54000		0.72845	0.69631	0.52384	0.28762	1.000000000000000	1.000000000000000	0.075937500000000	0
54500		0.72805	0.69633	0.52433	0.28767	1.000000000000000	1.000000000000000	0.075937500000000	0
55000		0.72800	0.69651	0.52510	0.28772	1.000000000000000	1.000000000000000	0.075937500000000	0
55500		0.72811	0.69632	0.52521	0.28779	1.000000000000000	1.000000000000000	0.075937500000000	0
56000		0.72784	0.69631	0.52488	0.28769	1.000000000000000	1.000000000000000	0.075937500000000	0
56500		0.72776	0.69618	0.52461	0.28763	1.000000000000000	1.000000000000000	0.075937500000000	0
57000		0.72736	0.69620	0.52448	0.28756	1.000000000000000	1.000000000000000	0.075937500000000	0
57500		0.72743	0.69615	0.52458	0.28747	1.000000000000000	1.000000000000000	0.075937500000000	0
58000		0.72755	0.69624	0.52353	0.28736	1.000000000000000	1.000000000000000	0.075937500000000	0
58500		0.72813	0.69628	0.52316	0.28738	1.000000000000000	1.000000000000000	0.075937500000000	0
59000		0.72836	0.69651	0.52274	0.28737	1.000000000000000	1.000000000000000	0.075937500000000	0
59500		0.72819	0.69671	0.52333	0.28742	1.000000000000000	1.000000000000000	0.075937500000000	0
60000		0.72814	0.69672	0.52440	0.28759	1.000000000000000	1.000000000000000	0.075937500000000	0
60500		0.72798	0.69698	0.52388	0.28756	1.000000000000000	1.000000000000000	0.075937500000000	0
61000		0.72782	0.69705	0.52335	0.28750	1.000000000000000	1.000000000000000	0.075937500000000	0
61500		0.72764	0.69696	0.52422	0.28761	1.000000000000000	1.000000000000000	0.075937500000000	0
62000		0.72758	0.69681	0.52573	0.28777	1.000000000000000	1.000000000000000	0.075937500000000	0
62500		0.72767	0.69667	0.52638	0.28783	1.000000000000000	1.000000000000000	0.075937500000000	0
63000		0.72777	0.69678	0.52550	0.28776	1.000000000000000	1.000000000000000	0.075937500000000	0
63500		0.72781	0.69667	0.52459	0.28774	1.000000000000000	1.000000000000000	0.075937500000000	0
64000		0.72781	0.69659	0.52525	0.28771	1.000000000000000	1.000000000000000	0.075937500000000	0
64500		0.72770	0.69675	0.52395	0.28765	1.000000000000000	1.000000000000000	0.075937500000000	0
65000		0.72778	0.69634	0.52280	0.28754	1.000000000000000	1.000000000000000	0.075937500000000	0
65500		0.72769	0.69641	0.52306	0.28756	1.000000000000000	1.000000000000000	0.075937500000000	0
66000		0.72750	0.69657	0.52313	0.28753	1.000000000000000	1.000000000000000	0.075937500000000	0
66500		0.72765	0.69636	0.52342	0.28752	1.000000000000000	1.000000000000000	0.075937500000000	0
67000		0.72771	0.69614	0.52352	0.28744	1.000000000000000	1.000000000000000	0.075937500000000	0
67500		0.72748	0.69598	0.52392	0.28742	1.000000000000000	1.000000000000000	0.075937500000000	0
68000		0.72724	0.69612	0.52305	0.28731	1.000000000000000	1.000000000000000	0.075937500000000	0
68500		0.72742	0.69635	0.52306	0.28733	1.000000000000000	1.000000000000000	0.075937500000000	0
69000		0.72777	0.69623	0.52304	0.28738	1.000000000000000	1.000000000000000	0.075937500000000	0
69500		0.72791	0.69622	0.52293	0.28731	1.000000000000000	1.000000000000000	0.075937500000000	0
70000		0.72779	0.69614	0.52279	0.28726	1.000000000000000	1.000000000000000	0.075937500000000	0
70500		0.72795	0.69600	0.52215	0.28718	1.000000000000000	1.000000000000000	0.075937500000000	0
71000		0.72824	0.69615	0.52206	0.28717	1.000000000000000	1.000000000000000	0.075937500000000	0
71500		0.72855	0.69587	0.52239	0.28722	1.000000000000000	1.000000000000000	0.075937500000000	0
72000		0.72866	0.69588	0.52229	0.28727	1.000000000000000	1.000000000000000	0.075937500000000	0
72500		0.72866	0.69600	0.52204	0.28724	1.000000000000000	1.000000000000000	0.075937500000000	0
73000		0.72873	0.69590	0.52180	0.28713	1.000000000000000	1.000000000000000	0.075937500000000	0
73500		0.72898	0.69616	0.52231	0.28717	1.000000000000000	1.000000000000000	0.075937500000000	0
74000		0.72853	0.69603	0.52182	0.28721	1.000000000000000	1.000000000000000	0.075937500000000	0
74500		0.72878	0.69594	0.52114	0.28723	1.000000000000000	1.000000000000000	0.075937500000000	0
75000		0.72894	0.69586	0.52091	0.28714	1.000000000000000	1.000000000000000	0.075937500000000	0
75500		0.72905	0.69591	0.52159	0.28714	1.000000000000000	1.000000000000000	0.075937500000000	0
76000		0.72902	0.69569	0.52231	0.28721	1.000000000000000	1.000000000000000	0.075937500000000	0
76500		0.72902	0.69563	0.52181	0.28719	1.000000000000000	1.000000000000000	0.075937500000000	0
77000		0.72882	0.69574	0.52158	0.28712	1.000000000000000	1.000000000000000	0.075937500000000	0
77500		0.72918	0.69617	0.52221	0.28719	1.000000000000000	1.000000000000000	0.075937500000000	0
78000		0.72935	0.69611	0.52181	0.28718	1.000000000000000	1.000000000000000	0.075937500000000	0
78500		0.72919	0.69621	0.52180	0.28715	1.000000000000000	1.000000000000000	0.075937500000000	0
79000		0.72917	0.69664	0.52174	0.28714	1.000000000000000	1.000000000000000	0.075937500000000	0
79500		0.72901	0.69694	0.52245	0.28715	1.000000000000000	1.000000000000000	0.075937500000000	0
80000		0.72908	0.69679	0.52308	0.28719	1.000000000000000	1.000000000000000	0.075937500000000	0
80500		0.72904	0.69703	0.52324	0.28721	1.000000000000000	1.000000000000000	0.075937500000000	0
81000		0.72901	0.69699	0.52364	0.28721	1.000000000000000	1.000000000000000	0.075937500000000	0
81500		0.72900	0.69681	0.52396	0.28722	1.000000000000000	1.000000000000000	0.075937500000000	0
82000		0.72928	0.69688	0.52410	0.28723	1.000000000000000	1.000000000000000	0.075937500000000	0
82500		0.72930	0.69673	0.52411	0.28721	1.000000000000000	1.000000000000000	0.075937500000000	0
83000		0.72906	0.69680	0.52359	0.28719	1.000000000000000	1.000000000000000	0.075937500000000	0
83500		0.72903	0.69671	0.52323	0.28711	1.000000000000000	1.000000000000000	0.075937500000000	0
84000		0.72913	0.69665	0.52315	0.28715	1.000000000000000	1.000000000000000	0.075937500000000	0
84500		0.72903	0.69653	0.52326	0.28708	1.000000000000000	1.000000000000000	0.075937500000000	0
85000		0.72906	0.69653	0.52373	0.28707	1.000000000000000	1.000000000000000	0.075937500000000	0
85500		0.72909	0.69654	0.52440	0.28716	1.000000000000000	1.000000000000000	0.075937500000000	0
86000		0.72895	0.69642	0.52425	0.28715	1.000000000000000	1.000000000000000	0.075937500000000	0
86500		0.72900	0.69633	0.52392	0.28710	1.000000000000000	1.000000000000000	0.075937500000000	0
87000		0.72894	0.69652	0.52462	0.28717	1.000000000000000	1.000000000000000	0.075937500000000	0
87500		0.72876	0.69642	0.52478	0.28719	1.000000000000000	1.000000000000000	0.075937500000000	0
88000		0.72876	0.69634	0.52471	0.28720	1.000000000000000	1.000000000000000	0.075937500000000	0
88500		0.72871	0.69630	0.52415	0.28716	1.000000000000000	1.000000000000000	0.075937500000000	0
89000		0.72855	0.69627	0.52354	0.28708	1.000000000000000	1.000000000000000	0.075937500000000	0
89500		0.72853	0.69638	0.52307	0.28710	1.000000000000000	1.000000000000000	0.075937500000000	0
90000		0.72838	0.69645	0.52277	0.28710	1.000000000000000	1.000000000000000	0.075937500000000	0
90500		0.72830	0.69628	0.52251	0.28705	1.000000000000000	1.000000000000000	0.075937500000000	0
91000		0.72858	0.69630	0.52258	0.28706	1.000000000000000	1.000000000000000	0.075937500000000	0
91500		0.72882	0.69629	0.52237	0.28704	1.000000000000000	1.000000000000000	0.075937500000000	0
92000		0.72887	0.69617	0.52230	0.28704	1.000000000000000	1.000000000000000	0.075937500000000	0
92500		0.72889	0.69614	0.52279	0.28709	1.000000000000000	1.000000000000000	0.075937500000000	0
93000		0.72883	0.69622	0.52324	0.28711	1.000000000000000	1.000000000000000	0.075937500000000	0
93500		0.72857	0.69613	0.52404	0.28717	1.000000000000000	1.000000000000000	0.075937500000000	0
94000		0.72842	0.69610	0.52464	0.28726	1.000000000000000	1.000000000000000	0.075937500000000	0
94500		0.72859	0.69588	0.52475	0.28724	1.000000000000000	1.000000000000000	0.075937500000000	0
95000		0.72835	0.69593	0.52466	0.28723	1.000000000000000	1.000000000000000	0.075937500000000	0
95500		0.72817	0.69587	0.52485	0.28721	1.000000000000000	1.000000000000000	0.075937500000000	0
96000		0.72820	0.69618	0.52528	0.28724	1.000000000000000	1.000000000000000	0.075937500000000	0
96500		0.72812	0.69614	0.52512	0.28726	1.000000000000000	1.000000000000000	0.075937500000000	0
97000		0.72834	0.69616	0.52505	0.28727	1.000000000000000	1.000000000000000	0.075937500000000	0
97500		0.72822	0.69612	0.52503	0.28725	1.000000000000000	1.000000000000000	0.075937500000000	0
98000		0.72829	0.69606	0.52465	0.28722	1.000000000000000	1.000000000000000	0.075937500000000	0
98500		0.72837	0.69595	0.52425	0.28721	1.000000000000000	1.000000000000000	0.075937500000000	0
99000		0.72834	0.69576	0.52468	0.28724	1.000000000000000	1.000000000000000	0.075937500000000	0
99500		0.72831	0.69566	0.52454	0.28719	1.000000000000000	1.000000000000000	0.075937500000000	0
100000		0.72819	0.69560	0.52454	0.28716	1.000000000000000	1.000000000000000	0.075937500000000	0