step	p_accept_mu1	p_accept_gamma	p_accept_pi	p_accept_Tinf	sigma_mu1	sigma_gamma	sigma_pi	n_like_zero
1		1.00000	1.00000	1.00000	1.00000	0.000100000000000	1.000000000000000	0.010000000000000	0
500		0.96994	0.14629	1.00000	0.31158	0.000100000000000	1.000000000000000	0.010000000000000	0
1000		0.97800	0.15800	0.93800	0.30931	0.000150000000000	0.666666666666667	0.015000000000000	0
1500		0.97200	0.35400	0.92800	0.30351	0.000225000000000	0.444444444444444	0.022500000000000	0
2000		0.96200	0.35300	0.82400	0.30023	0.000337500000000	0.444444444444444	0.033750000000000	0
2500		0.96200	0.35000	0.77200	0.29840	0.000506250000000	0.444444444444444	0.050625000000000	0
3000		0.95800	0.34050	0.63400	0.29424	0.000759375000000	0.444444444444444	0.075937500000000	0
3500		0.92400	0.33880	0.51200	0.29270	0.001139062500000	0.444444444444444	0.113906250000000	0
4000		0.90200	0.33733	0.36000	0.29152	0.001708593750000	0.444444444444444	0.170859375000000	0
4500		0.88800	0.34086	0.33800	0.29005	0.002562890625000	0.444444444444444	0.170859375000000	0
5000		0.82800	0.34125	0.34000	0.28890	0.003844335937500	0.444444444444444	0.170859375000000	0
5500		0.81600	0.34533	0.33700	0.28760	0.005766503906250	0.444444444444444	0.170859375000000	0
6000		0.80600	0.34760	0.33800	0.28692	0.008649755859375	0.444444444444444	0.170859375000000	0
6500		0.90000	0.34509	0.34733	0.28738	0.012974633789063	0.444444444444444	0.170859375000000	0
7000		0.87800	0.34400	0.34943	0.28865	0.019461950683594	0.444444444444444	0.170859375000000	0
7500		0.83400	0.34200	0.35175	0.28947	0.029192926025391	0.444444444444444	0.170859375000000	0
8000		0.77400	0.33929	0.35778	0.29057	0.043789389038086	0.444444444444444	0.170859375000000	0
8500		0.68400	0.33653	0.35860	0.29136	0.065684083557129	0.444444444444444	0.170859375000000	0
9000		0.50800	0.33413	0.36291	0.29313	0.098526125335693	0.444444444444444	0.170859375000000	0
9500		0.41200	0.33259	0.36583	0.29402	0.147789188003540	0.444444444444444	0.170859375000000	0
10000		0.40700	0.33133	0.36769	0.29480	0.147789188003540	0.444444444444444	0.170859375000000	0
10500		0.40333	0.33074	0.37129	0.29511	0.147789188003540	0.444444444444444	0.170859375000000	0
11000		0.39850	0.32760	0.37053	0.29631	0.147789188003540	0.444444444444444	0.170859375000000	0
11500		0.39200	0.32695	0.37200	0.29723	0.147789188003540	0.444444444444444	0.170859375000000	0
12000		0.39600	0.32482	0.37494	0.29824	0.147789188003540	0.444444444444444	0.170859375000000	0
12500		0.39486	0.32339	0.37356	0.29873	0.147789188003540	0.444444444444444	0.170859375000000	0
13000		0.39200	0.32250	0.37432	0.29866	0.147789188003540	0.444444444444444	0.170859375000000	0
13500		0.39333	0.32288	0.37470	0.29929	0.147789188003540	0.444444444444444	0.170859375000000	0
14000		0.39120	0.32138	0.37571	0.29986	0.147789188003540	0.444444444444444	0.170859375000000	0
14500		0.39509	0.32148	0.37609	0.29989	0.147789188003540	0.444444444444444	0.170859375000000	0
15000		0.39850	0.32150	0.37661	0.30018	0.147789188003540	0.444444444444444	0.170859375000000	0
15500		0.39862	0.32103	0.37767	0.30041	0.147789188003540	0.444444444444444	0.170859375000000	0
16000		0.39857	0.32027	0.37744	0.30074	0.147789188003540	0.444444444444444	0.170859375000000	0
16500		0.39760	0.31994	0.37638	0.30096	0.147789188003540	0.444444444444444	0.170859375000000	0
17000		0.39663	0.31938	0.37615	0.30131	0.147789188003540	0.444444444444444	0.170859375000000	0
17500		0.39812	0.31976	0.37500	0.30157	0.147789188003540	0.444444444444444	0.170859375000000	0
18000		0.39956	0.31965	0.37572	0.30174	0.147789188003540	0.444444444444444	0.170859375000000	0
18500		0.40074	0.31954	0.37587	0.30169	0.147789188003540	0.444444444444444	0.170859375000000	0
19000		0.40050	0.31989	0.37516	0.30168	0.147789188003540	0.444444444444444	0.170859375000000	0
19500		0.40086	0.31870	0.37725	0.30205	0.147789188003540	0.444444444444444	0.170859375000000	0
20000		0.40200	0.31721	0.37697	0.30212	0.147789188003540	0.444444444444444	0.170859375000000	0
20500		0.40261	0.31677	0.37718	0.30256	0.147789188003540	0.444444444444444	0.170859375000000	0
21000		0.40142	0.31650	0.37749	0.30302	0.147789188003540	0.444444444444444	0.170859375000000	0
21500		0.40168	0.31551	0.37794	0.30349	0.147789188003540	0.444444444444444	0.170859375000000	0
22000		0.39931	0.31410	0.37924	0.30385	0.147789188003540	0.444444444444444	0.170859375000000	0
22500		0.39941	0.31447	0.37963	0.30409	0.147789188003540	0.444444444444444	0.170859375000000	0
23000		0.39836	0.31459	0.37928	0.30405	0.147789188003540	0.444444444444444	0.170859375000000	0
23500		0.39966	0.31480	0.37940	0.30403	0.147789188003540	0.444444444444444	0.170859375000000	0
24000		0.39967	0.31404	0.37951	0.30415	0.147789188003540	0.444444444444444	0.170859375000000	0
24500		0.40084	0.31340	0.38019	0.30429	0.147789188003540	0.444444444444444	0.170859375000000	0
25000		0.39987	0.31275	0.38037	0.30440	0.147789188003540	0.444444444444444	0.170859375000000	0
25500		0.40061	0.31286	0.38045	0.30447	0.147789188003540	0.444444444444444	0.170859375000000	0
26000		0.40112	0.31312	0.37991	0.30450	0.147789188003540	0.444444444444444	0.170859375000000	0
26500		0.40229	0.31290	0.37952	0.30466	0.147789188003540	0.444444444444444	0.170859375000000	0
27000		0.40306	0.31377	0.38038	0.30494	0.147789188003540	0.444444444444444	0.170859375000000	0
27500		0.40270	0.31336	0.38025	0.30494	0.147789188003540	0.444444444444444	0.170859375000000	0
28000		0.40363	0.31256	0.38000	0.30483	0.147789188003540	0.444444444444444	0.170859375000000	0
28500		0.40426	0.31182	0.37928	0.30487	0.147789188003540	0.444444444444444	0.170859375000000	0
29000		0.40430	0.31161	0.37918	0.30494	0.147789188003540	0.444444444444444	0.170859375000000	0
29500		0.40424	0.31137	0.37888	0.30504	0.147789188003540	0.444444444444444	0.170859375000000	0
30000		0.40381	0.31124	0.38008	0.30526	0.147789188003540	0.444444444444444	0.170859375000000	0
30500		0.40344	0.31081	0.37985	0.30546	0.147789188003540	0.444444444444444	0.170859375000000	0
31000		0.40336	0.31083	0.37971	0.30548	0.147789188003540	0.444444444444444	0.170859375000000	0
31500		0.40222	0.31092	0.37979	0.30561	0.147789188003540	0.444444444444444	0.170859375000000	0
32000		0.40339	0.31110	0.37975	0.30567	0.147789188003540	0.444444444444444	0.170859375000000	0
32500		0.40294	0.31140	0.38014	0.30572	0.147789188003540	0.444444444444444	0.170859375000000	0
33000		0.40292	0.31078	0.37993	0.30589	0.147789188003540	0.444444444444444	0.170859375000000	0
33500		0.40261	0.31040	0.38043	0.30616	0.147789188003540	0.444444444444444	0.170859375000000	0
34000		0.40288	0.30994	0.38072	0.30652	0.147789188003540	0.444444444444444	0.170859375000000	0
34500		0.40290	0.30994	0.38090	0.30672	0.147789188003540	0.444444444444444	0.170859375000000	0
35000		0.40265	0.30991	0.38076	0.30678	0.147789188003540	0.444444444444444	0.170859375000000	0
35500		0.40238	0.30974	0.38109	0.30706	0.147789188003540	0.444444444444444	0.170859375000000	0
36000		0.40115	0.31023	0.38163	0.30729	0.147789188003540	0.444444444444444	0.170859375000000	0
36500		0.40055	0.30949	0.38106	0.30745	0.147789188003540	0.444444444444444	0.170859375000000	0
37000		0.40014	0.30892	0.38152	0.30738	0.147789188003540	0.444444444444444	0.170859375000000	0
37500		0.40042	0.30877	0.38132	0.30735	0.147789188003540	0.444444444444444	0.170859375000000	0
38000		0.40052	0.30897	0.38165	0.30744	0.147789188003540	0.444444444444444	0.170859375000000	0
38500		0.40088	0.30885	0.38174	0.30733	0.147789188003540	0.444444444444444	0.170859375000000	0
39000		0.40047	0.30884	0.38208	0.30731	0.147789188003540	0.444444444444444	0.170859375000000	0
39500		0.40092	0.30901	0.38194	0.30734	0.147789188003540	0.444444444444444	0.170859375000000	0
40000		0.40100	0.30864	0.38170	0.30732	0.147789188003540	0.444444444444444	0.170859375000000	0
40500		0.40095	0.30848	0.38181	0.30735	0.147789188003540	0.444444444444444	0.170859375000000	0
41000		0.40031	0.30815	0.38216	0.30745	0.147789188003540	0.444444444444444	0.170859375000000	0
41500		0.40080	0.30822	0.38200	0.30743	0.147789188003540	0.444444444444444	0.170859375000000	0
42000		0.40012	0.30832	0.38205	0.30742	0.147789188003540	0.444444444444444	0.170859375000000	0
42500		0.40033	0.30858	0.38267	0.30747	0.147789188003540	0.444444444444444	0.170859375000000	0
43000		0.40053	0.30867	0.38278	0.30748	0.147789188003540	0.444444444444444	0.170859375000000	0
43500		0.39988	0.30880	0.38327	0.30757	0.147789188003540	0.444444444444444	0.170859375000000	0
44000		0.39931	0.30893	0.38314	0.30766	0.147789188003540	0.444444444444444	0.170859375000000	0
44500		0.39992	0.30890	0.38300	0.30765	0.147789188003540	0.444444444444444	0.170859375000000	0
45000		0.39969	0.30900	0.38308	0.30764	0.147789188003540	0.444444444444444	0.170859375000000	0
45500		0.39978	0.30881	0.38264	0.30757	0.147789188003540	0.444444444444444	0.170859375000000	0
46000		0.39962	0.30807	0.38294	0.30761	0.147789188003540	0.444444444444444	0.170859375000000	0
46500		0.39933	0.30749	0.38356	0.30775	0.147789188003540	0.444444444444444	0.170859375000000	0
47000		0.39945	0.30733	0.38402	0.30785	0.147789188003540	0.444444444444444	0.170859375000000	0
47500		0.39930	0.30710	0.38386	0.30786	0.147789188003540	0.444444444444444	0.170859375000000	0
48000		0.39874	0.30730	0.38407	0.30786	0.147789188003540	0.444444444444444	0.170859375000000	0
48500		0.39896	0.30707	0.38391	0.30786	0.147789188003540	0.444444444444444	0.170859375000000	0
49000		0.39977	0.30744	0.38356	0.30781	0.147789188003540	0.444444444444444	0.170859375000000	0
49500		0.40049	0.30755	0.38343	0.30775	0.147789188003540	0.444444444444444	0.170859375000000	0
50000		0.40022	0.30757	0.38404	0.30777	0.147789188003540	0.444444444444444	0.170859375000000	0
50500		0.40002	0.30747	0.38447	0.30791	0.147789188003540	0.444444444444444	0.170859375000000	0
51000		0.39938	0.30762	0.38453	0.30810	0.147789188003540	0.444444444444444	0.170859375000000	0
51500		0.39988	0.30733	0.38462	0.30810	0.147789188003540	0.444444444444444	0.170859375000000	0
52000		0.39953	0.30743	0.38489	0.30818	0.147789188003540	0.444444444444444	0.170859375000000	0
52500		0.39947	0.30738	0.38471	0.30812	0.147789188003540	0.444444444444444	0.170859375000000	0
53000		0.39902	0.30752	0.38473	0.30808	0.147789188003540	0.444444444444444	0.170859375000000	0
53500		0.39865	0.30709	0.38482	0.30818	0.147789188003540	0.444444444444444	0.170859375000000	0
54000		0.39851	0.30732	0.38481	0.30820	0.147789188003540	0.444444444444444	0.170859375000000	0
54500		0.39807	0.30708	0.38478	0.30821	0.147789188003540	0.444444444444444	0.170859375000000	0
55000		0.39811	0.30702	0.38474	0.30812	0.147789188003540	0.444444444444444	0.170859375000000	0
55500		0.39813	0.30697	0.38479	0.30816	0.147789188003540	0.444444444444444	0.170859375000000	0
56000		0.39794	0.30673	0.38474	0.30820	0.147789188003540	0.444444444444444	0.170859375000000	0
56500		0.39829	0.30663	0.38487	0.30823	0.147789188003540	0.444444444444444	0.170859375000000	0
57000		0.39831	0.30657	0.38465	0.30826	0.147789188003540	0.444444444444444	0.170859375000000	0
57500		0.39868	0.30657	0.38481	0.30827	0.147789188003540	0.444444444444444	0.170859375000000	0
58000		0.39878	0.30646	0.38481	0.30828	0.147789188003540	0.444444444444444	0.170859375000000	0
58500		0.39915	0.30666	0.38449	0.30831	0.147789188003540	0.444444444444444	0.170859375000000	0
59000		0.39942	0.30684	0.38441	0.30827	0.147789188003540	0.444444444444444	0.170859375000000	0
59500		0.39943	0.30656	0.38459	0.30833	0.147789188003540	0.444444444444444	0.170859375000000	0
60000		0.39937	0.30631	0.38478	0.30840	0.147789188003540	0.444444444444444	0.170859375000000	0
60500		0.39932	0.30639	0.38472	0.30835	0.147789188003540	0.444444444444444	0.170859375000000	0
61000		0.39904	0.30620	0.38480	0.30830	0.147789188003540	0.444444444444444	0.170859375000000	0
61500		0.39844	0.30595	0.38497	0.30843	0.147789188003540	0.444444444444444	0.170859375000000	0
62000		0.39813	0.30567	0.38511	0.30847	0.147789188003540	0.444444444444444	0.170859375000000	0
62500		0.39796	0.30585	0.38514	0.30844	0.147789188003540	0.444444444444444	0.170859375000000	0
63000		0.39798	0.30585	0.38497	0.30854	0.147789188003540	0.444444444444444	0.170859375000000	0
63500		0.39774	0.30594	0.38488	0.30853	0.147789188003540	0.444444444444444	0.170859375000000	0
64000		0.39742	0.30589	0.38491	0.30852	0.147789188003540	0.444444444444444	0.170859375000000	0
64500		0.39744	0.30559	0.38505	0.30855	0.147789188003540	0.444444444444444	0.170859375000000	0
65000		0.39748	0.30545	0.38502	0.30857	0.147789188003540	0.444444444444444	0.170859375000000	0
65500		0.39761	0.30524	0.38505	0.30856	0.147789188003540	0.444444444444444	0.170859375000000	0
66000		0.39779	0.30551	0.38510	0.30848	0.147789188003540	0.444444444444444	0.170859375000000	0
66500		0.39807	0.30577	0.38514	0.30841	0.147789188003540	0.444444444444444	0.170859375000000	0
67000		0.39793	0.30579	0.38542	0.30844	0.147789188003540	0.444444444444444	0.170859375000000	0
67500		0.39832	0.30623	0.38536	0.30845	0.147789188003540	0.444444444444444	0.170859375000000	0
68000		0.39814	0.30628	0.38518	0.30844	0.147789188003540	0.444444444444444	0.170859375000000	0
68500		0.39813	0.30656	0.38511	0.30848	0.147789188003540	0.444444444444444	0.170859375000000	0
69000		0.39837	0.30647	0.38490	0.30857	0.147789188003540	0.444444444444444	0.170859375000000	0
69500		0.39843	0.30642	0.38473	0.30860	0.147789188003540	0.444444444444444	0.170859375000000	0
70000		0.39831	0.30645	0.38469	0.30863	0.147789188003540	0.444444444444444	0.170859375000000	0
70500		0.39842	0.30665	0.38487	0.30862	0.147789188003540	0.444444444444444	0.170859375000000	0
71000		0.39834	0.30639	0.38501	0.30871	0.147789188003540	0.444444444444444	0.170859375000000	0
71500		0.39787	0.30604	0.38516	0.30879	0.147789188003540	0.444444444444444	0.170859375000000	0
72000		0.39787	0.30577	0.38509	0.30886	0.147789188003540	0.444444444444444	0.170859375000000	0
72500		0.39775	0.30593	0.38503	0.30887	0.147789188003540	0.444444444444444	0.170859375000000	0
73000		0.39766	0.30593	0.38509	0.30888	0.147789188003540	0.444444444444444	0.170859375000000	0
73500		0.39746	0.30599	0.38497	0.30894	0.147789188003540	0.444444444444444	0.170859375000000	0
74000		0.39748	0.30608	0.38492	0.30897	0.147789188003540	0.444444444444444	0.170859375000000	0
74500		0.39728	0.30614	0.38528	0.30907	0.147789188003540	0.444444444444444	0.170859375000000	0
75000		0.39753	0.30588	0.38530	0.30915	0.147789188003540	0.444444444444444	0.170859375000000	0
75500		0.39713	0.30584	0.38539	0.30920	0.147789188003540	0.444444444444444	0.170859375000000	0
76000		0.39733	0.30597	0.38549	0.30927	0.147789188003540	0.444444444444444	0.170859375000000	0
76500		0.39741	0.30585	0.38571	0.30935	0.147789188003540	0.444444444444444	0.170859375000000	0
77000		0.39732	0.30583	0.38576	0.30942	0.147789188003540	0.444444444444444	0.170859375000000	0
77500		0.39731	0.30590	0.38593	0.30948	0.147789188003540	0.444444444444444	0.170859375000000	0
78000		0.39757	0.30581	0.38597	0.30949	0.147789188003540	0.444444444444444	0.170859375000000	0
78500		0.39742	0.30585	0.38572	0.30950	0.147789188003540	0.444444444444444	0.170859375000000	0
79000		0.39750	0.30576	0.38580	0.30955	0.147789188003540	0.444444444444444	0.170859375000000	0
79500		0.39723	0.30575	0.38586	0.30964	0.147789188003540	0.444444444444444	0.170859375000000	0
80000		0.39701	0.30575	0.38592	0.30970	0.147789188003540	0.444444444444444	0.170859375000000	0
80500		0.39701	0.30570	0.38604	0.30975	0.147789188003540	0.444444444444444	0.170859375000000	0
81000		0.39692	0.30560	0.38610	0.30974	0.147789188003540	0.444444444444444	0.170859375000000	0
81500		0.39705	0.30575	0.38605	0.30980	0.147789188003540	0.444444444444444	0.170859375000000	0
82000		0.39721	0.30549	0.38619	0.30980	0.147789188003540	0.444444444444444	0.170859375000000	0
82500		0.39716	0.30550	0.38614	0.30974	0.147789188003540	0.444444444444444	0.170859375000000	0
83000		0.39728	0.30549	0.38620	0.30969	0.147789188003540	0.444444444444444	0.170859375000000	0
83500		0.39719	0.30541	0.38636	0.30970	0.147789188003540	0.444444444444444	0.170859375000000	0
84000		0.39719	0.30530	0.38615	0.30971	0.147789188003540	0.444444444444444	0.170859375000000	0
84500		0.39721	0.30520	0.38615	0.30974	0.147789188003540	0.444444444444444	0.170859375000000	0
85000		0.39743	0.30532	0.38594	0.30970	0.147789188003540	0.444444444444444	0.170859375000000	0
85500		0.39784	0.30538	0.38596	0.30974	0.147789188003540	0.444444444444444	0.170859375000000	0
86000		0.39766	0.30542	0.38605	0.30983	0.147789188003540	0.444444444444444	0.170859375000000	0
86500		0.39785	0.30547	0.38606	0.30983	0.147789188003540	0.444444444444444	0.170859375000000	0
87000		0.39782	0.30559	0.38616	0.30989	0.147789188003540	0.444444444444444	0.170859375000000	0
87500		0.39780	0.30558	0.38635	0.30985	0.147789188003540	0.444444444444444	0.170859375000000	0
88000		0.39786	0.30533	0.38664	0.30987	0.147789188003540	0.444444444444444	0.170859375000000	0
88500		0.39779	0.30536	0.38660	0.30985	0.147789188003540	0.444444444444444	0.170859375000000	0
89000		0.39776	0.30528	0.38663	0.30988	0.147789188003540	0.444444444444444	0.170859375000000	0
89500		0.39795	0.30512	0.38680	0.30987	0.147789188003540	0.444444444444444	0.170859375000000	0
90000		0.39780	0.30502	0.38666	0.30986	0.147789188003540	0.444444444444444	0.170859375000000	0
90500		0.39790	0.30505	0.38626	0.30988	0.147789188003540	0.444444444444444	0.170859375000000	0
91000		0.39794	0.30504	0.38629	0.30988	0.147789188003540	0.444444444444444	0.170859375000000	0
91500		0.39794	0.30496	0.38628	0.30987	0.147789188003540	0.444444444444444	0.170859375000000	0
92000		0.39793	0.30478	0.38647	0.30989	0.147789188003540	0.444444444444444	0.170859375000000	0
92500		0.39801	0.30499	0.38635	0.30983	0.147789188003540	0.444444444444444	0.170859375000000	0
93000		0.39800	0.30504	0.38642	0.30979	0.147789188003540	0.444444444444444	0.170859375000000	0
93500		0.39776	0.30507	0.38636	0.30986	0.147789188003540	0.444444444444444	0.170859375000000	0
94000		0.39764	0.30491	0.38660	0.30990	0.147789188003540	0.444444444444444	0.170859375000000	0
94500		0.39758	0.30461	0.38673	0.30993	0.147789188003540	0.444444444444444	0.170859375000000	0
95000		0.39743	0.30478	0.38657	0.30996	0.147789188003540	0.444444444444444	0.170859375000000	0
95500		0.39738	0.30457	0.38654	0.31006	0.147789188003540	0.444444444444444	0.170859375000000	0
96000		0.39761	0.30460	0.38677	0.31012	0.147789188003540	0.444444444444444	0.170859375000000	0
96500		0.39779	0.30462	0.38691	0.31014	0.147789188003540	0.444444444444444	0.170859375000000	0
97000		0.39748	0.30458	0.38694	0.31017	0.147789188003540	0.444444444444444	0.170859375000000	0
97500		0.39769	0.30438	0.38709	0.31018	0.147789188003540	0.444444444444444	0.170859375000000	0
98000		0.39756	0.30447	0.38699	0.31016	0.147789188003540	0.444444444444444	0.170859375000000	0
98500		0.39769	0.30452	0.38702	0.31018	0.147789188003540	0.444444444444444	0.170859375000000	0
99000		0.39770	0.30444	0.38694	0.31017	0.147789188003540	0.444444444444444	0.170859375000000	0
99500		0.39779	0.30429	0.38686	0.31012	0.147789188003540	0.444444444444444	0.170859375000000	0
100000		0.39774	0.30441	0.38698	0.31007	0.147789188003540	0.444444444444444	0.170859375000000	0