0	1	2	3	4	5	6	7	8	9	10	11	12	
0	1	2	3	9	10	11	12	13	
0	1	2	3	10	11	12	
0	
0	4	6	7	8	9	10	11	12	13	14	15	16	17	18	
0	1	2	3	9	10	11	12	13	14	15	16	17	18	19	20	21	22	23	24	25	26	27	28	29	30	31	32	
0	1	
0	1	
0	1	2	3	4	5	6	7	8	9	10	11	12	13	
0	1	2	3	
0	1	2	3	4	5	6	7	8	9	10	11	12	13	14	15	16	
0	1	2	3	4	5	6	14	15	16	17	18	19	
0	1	2	3	4	5	6	7	8	9	10	11	
0	1	2	3	4	5	6	7	8	9	10	
0	1	2	4	9	
0	1	2	3	4	5	
3	4	5	6	7	8	9	10	11	
0	1	2	3	4	5	6	
0	1	2	3	4	5	6	7	8	
0	1	2	
1	6	7	8	9	10	11	12	13	14	
3	4	5	6	7	8	9	
8	9	10	
4	5	6	7	8	9	10	
10	11	12	
11	12	13	
7	8	10	15	16	17	18	19	
9	15	16	17	18	19	20	21	22	23	24	25	26	27	28	
10	14	15	16	17	18	19	20	21	
16	17	18	19	20	21	22	23	24	25	26	27	28	29	30	31	32	33	34	35	36	
15	16	17	18	19	20	21	22	23	
11	12	13	14	15	16	17	20	
12	13	14	15	16	17	18	19	20	21	22	23	24	25	26	
12	13	14	15	21	22	23	24	25	26	27	28	
17	18	19	20	21	22	23	24	25	26	27	
15	19	20	21	22	23	24	25	26	27	28	
17	18	19	20	21	22	23	24	25	26	27	28	29	
13	14	15	16	21	22	
18	19	20	21	22	23	24	25	26	27	28	29	30	31	32	33	34	
14	15	16	17	18	19	20	21	22	23	24	25	26	27	28	29	30	31	32	33	34	35	36	37	38	39	40	41	42	43	44	
14	15	16	17	18	19	20	21	22	23	24	25	26	27	
15	19	20	21	22	23	24	25	26	27	28	29	30	31	32	
17	18	19	20	
19	20	21	22	23	24	25	
20	21	22	23	24	25	26	27	28	29	30	31	32	33	34	35	36	37	38	39	40	41	42	43	44	45	
20	21	22	23	24	25	26	31	32	33	34	35	36	37	
21	22	23	24	25	26	27	28	29	30	31	32	33	34	35	36	37	38	39	40	41	42	43	44	45	46	47	
21	22	23	24	25	26	27	28	29	30	31	32	33	34	35	36	37	
22	28	29	30	31	32	33	34	35	
24	28	29	30	31	32	33	
24	28	29	30	31	32	33	34	35	36	37	38	39	40	41	42	43	44	45	
31	32	33	34	35	36	37	38	39	40	41	
27	28	29	30	31	32	33	34	35	36	37	38	39	40	41	42	
31	32	33	34	35	36	37	38	39	40	41	42	43	44	45	46	47	48	49	50	51	52	53	54	55	56	57	58	59	60	61	
28	29	30	31	32	33	34	35	
29	31	32	33	34	35	36	37	38	
29	30	
29	35	36	37	
35	36	37	38	39	40	41	42	43	44	45	46	47	48	49	50	51	52	53	54	55	56	57	
35	36	37	38	39	40	41	42	43	44	45	46	47	48	49	50	51	52	53	54	55	56	57	58	59	
33	34	41	42	43	44	45	46	47	48	49	50	51	52	53	54	55	56	57	58	59	60	61	62	63	64	65	66	67	68	
33	38	39	40	
38	39	40	41	42	43	44	45	46	47	48	49	50	51	52	53	54	55	56	57	
35	36	37	39	40	44	45	46	47	48	49	50	51	52	53	54	55	56	57	58	59	60	61	62	63	64	65	66	67	68	69	70	71	72	73	74	75	76	77	78	79	80	81	82	83	84	85	86	87	88	89	90	
36	37	
36	37	45	46	47	48	
41	42	43	44	45	46	47	48	49	50	51	52	53	54	55	56	57	58	59	60	61	62	63	64	65	66	67	68	69	70	71	72	73	74	
38	39	40	
38	39	44	45	46	47	48	49	50	51	52	53	54	55	56	57	58	59	60	61	62	
42	43	44	45	46	47	48	49	50	51	52	53	54	55	56	57	
40	42	43	
41	42	43	44	
41	42	43	44	45	46	47	51	52	53	
42	49	50	51	52	53	54	55	56	
43	44	45	46	51	52	53	
44	45	53	54	55	
47	
45	46	47	
48	50	

51	52	53	54	55	56	57	58	59	60	61	62	63	64	
48	49	50	51	52	53	
48	49	50	51	52	53	54	55	
49	50	51	52	53	54	55	59	62	63	64	65	
51	53	54	55	56	57	58	59	60	61	62	63	64	65	66	67	68	69	70	71	72	
50	51	53	57	58	59	60	61	62	63	64	65	66	67	68	69	70	
51	52	53	54	55	56	57	58	59	60	
54	55	56	57	58	59	60	61	62	63	64	65	66	67	68	69	70	71	72	73	74	75	76	77	78	79	80	81	
54	55	56	57	58	59	60	61	62	63	64	65	66	67	68	69	70	71	
58	59	60	61	62	63	64	65	66	67	68	69	70	71	72	73	74	75	76	77	78	
56	57	58	59	60	61	62	
56	57	58	59	60	61	62	63	64	65	66	67	72	73	
57	58	59	60	61	66	67	68	69	
58	59	60	61	62	63	64	65	66	68	72	73	74	75	76	77	78	79	80	81	82	
58	59	60	61	62	63	64	65	67	73	74	75	76	77	78	79	80	81	82	83	84	85	86	87	88	89	90	91	92	93	94	95	
58	59	60	61	
60	61	62	63	64	65	66	68	
61	62	63	64	65	66	67	68	69	70	71	72	73	
62	63	64	65	66	67	73	74	75	76	77	78	79	80	81	82	
69	70	71	72	73	74	75	76	77	
69	70	
65	66	67	75	76	77	
66	67	68	
68	69	70	74	75	76	77	78	79	
72	73	74	75	76	77	78	79	80	81	82	83	84	85	86	87	88	89	
69	73	75	77	78	79	80	81	82	83	84	85	86	87	88	
69	70	71	72	77	78	79	80	81	82	83	84	85	86	87	
73	76	77	78	79	80	81	82	83	84	
71	72	73	74	80	81	82	83	84	85	86	87	88	89	90	91	92	93	94	95	96	97	98	99	
75	76	77	78	79	80	81	82	83	84	85	86	87	88	89	90	
72	73	74	75	76	77	78	79	80	81	82	83	84	85	89	90	91	
73	74	75	76	77	78	79	80	81	82	83	84	90	91	92	93	94	95	96	97	98	99	
74	75	
75	76	82	83	84	85	86	87	
76	

77	78	79	80	81	82	83	84	85	86	87	88	89	90	91	92	94	
78	79	80	87	88	89	90	91	
78	79	86	87	88	89	90	91	92	93	94	95	96	97	98	99	
79	80	81	82	88	89	90	
82	84	85	86	87	88	89	90	91	92	93	94	95	96	97	98	
84	85	86	87	88	89	90	91	92	93	94	95	96	97	98	99	
82	83	84	85	86	87	88	
83	84	85	86	92	93	94	95	96	97	98	99	
83	86	87	88	89	90	91	92	93	94	95	96	
90	91	92	93	94	95	96	97	98	99	
88	93	94	95	96	97	98	99	
88	89	90	91	92	93	94	95	97	
89	90	91	92	93	94	95	96	97	98	99	
89	90	91	92	93	94	95	96	97	98	99	
90	
91	92	93	
91	92	93	94	95	96	97	98	99	
91	92	93	94	95	96	97	98	99	
92	93	97	98	99	
92	93	94	95	96	
95	96	97	98	99	
96	
96	97	98	99	
99	
99	
99	
