step	p_accept_mu1	p_accept_gamma	p_accept_pi	p_accept_Tinf	sigma_mu1	sigma_gamma	sigma_pi	n_like_zero
1		1.00000	1.00000	1.00000	1.00000	0.000100000000000	1.000000000000000	0.010000000000000	0
500		0.95992	0.08818	0.65800	0.34102	0.000100000000000	1.000000000000000	0.010000000000000	0
1000		0.97200	0.15600	0.92200	0.33861	0.000150000000000	0.666666666666667	0.015000000000000	0
1500		0.96400	0.21200	0.89800	0.33169	0.000225000000000	0.444444444444444	0.022500000000000	0
2000		0.94600	0.31200	0.85200	0.33034	0.000337500000000	0.296296296296296	0.033750000000000	0
2500		0.92600	0.31800	0.79600	0.32913	0.000506250000000	0.296296296296296	0.050625000000000	0
3000		0.88400	0.32267	0.69800	0.33003	0.000759375000000	0.296296296296296	0.075937500000000	0
3500		0.83800	0.33050	0.59600	0.33025	0.001139062500000	0.296296296296296	0.113906250000000	0
4000		0.76800	0.32600	0.47200	0.33120	0.001708593750000	0.296296296296296	0.170859375000000	0
4500		0.76000	0.33033	0.44100	0.33158	0.002562890625000	0.296296296296296	0.170859375000000	0
5000		0.73800	0.33629	0.43267	0.33237	0.003844335937500	0.296296296296296	0.170859375000000	0
5500		0.73200	0.34200	0.43600	0.33350	0.005766503906250	0.296296296296296	0.170859375000000	0
6000		0.86400	0.34022	0.43120	0.33493	0.008649755859375	0.296296296296296	0.170859375000000	0
6500		0.86400	0.33580	0.42700	0.33793	0.012974633789063	0.296296296296296	0.170859375000000	0
7000		0.78800	0.32600	0.43057	0.34141	0.019461950683594	0.296296296296296	0.170859375000000	0
7500		0.69600	0.32083	0.43650	0.34436	0.029192926025391	0.296296296296296	0.170859375000000	0
8000		0.53800	0.31831	0.43756	0.34727	0.043789389038086	0.296296296296296	0.170859375000000	0
8500		0.45600	0.31243	0.43820	0.34941	0.065684083557129	0.296296296296296	0.170859375000000	0
9000		0.45100	0.30987	0.43836	0.35146	0.065684083557129	0.296296296296296	0.170859375000000	0
9500		0.43067	0.30238	0.44100	0.35364	0.065684083557129	0.296296296296296	0.170859375000000	0
10000		0.42950	0.29800	0.44154	0.35593	0.065684083557129	0.296296296296296	0.170859375000000	0
10500		0.42640	0.29511	0.44100	0.35786	0.065684083557129	0.296296296296296	0.170859375000000	0
11000		0.42833	0.29337	0.43987	0.35931	0.065684083557129	0.296296296296296	0.170859375000000	0
11500		0.42971	0.29100	0.44000	0.36024	0.065684083557129	0.296296296296296	0.170859375000000	0
12000		0.43375	0.28943	0.44200	0.36108	0.065684083557129	0.296296296296296	0.170859375000000	0
12500		0.43822	0.28818	0.44189	0.36207	0.065684083557129	0.296296296296296	0.170859375000000	0
13000		0.44500	0.28826	0.44084	0.36275	0.065684083557129	0.296296296296296	0.170859375000000	0
13500		0.44636	0.28625	0.43950	0.36310	0.065684083557129	0.296296296296296	0.170859375000000	0
14000		0.44967	0.28456	0.44000	0.36337	0.065684083557129	0.296296296296296	0.170859375000000	0
14500		0.45215	0.28315	0.44127	0.36357	0.065684083557129	0.296296296296296	0.170859375000000	0
15000		0.45471	0.28244	0.44130	0.36387	0.065684083557129	0.296296296296296	0.170859375000000	0
15500		0.45613	0.28207	0.44200	0.36407	0.065684083557129	0.296296296296296	0.170859375000000	0
16000		0.45500	0.28117	0.44240	0.36447	0.065684083557129	0.296296296296296	0.170859375000000	0
16500		0.45600	0.28053	0.44115	0.36484	0.065684083557129	0.296296296296296	0.170859375000000	0
17000		0.45989	0.28194	0.44015	0.36513	0.065684083557129	0.296296296296296	0.170859375000000	0
17500		0.46463	0.28344	0.43971	0.36496	0.065684083557129	0.296296296296296	0.170859375000000	0
18000		0.47210	0.28515	0.43945	0.36471	0.065684083557129	0.296296296296296	0.170859375000000	0
18500		0.47495	0.28600	0.43800	0.36445	0.065684083557129	0.296296296296296	0.170859375000000	0
19000		0.47791	0.28749	0.43723	0.36430	0.065684083557129	0.296296296296296	0.170859375000000	0
19500		0.48017	0.28911	0.43631	0.36392	0.065684083557129	0.296296296296296	0.170859375000000	0
20000		0.48250	0.29027	0.43491	0.36357	0.065684083557129	0.296296296296296	0.170859375000000	0
20500		0.48672	0.29232	0.43435	0.36315	0.065684083557129	0.296296296296296	0.170859375000000	0
21000		0.48908	0.29282	0.43383	0.36269	0.065684083557129	0.296296296296296	0.170859375000000	0
21500		0.49163	0.29465	0.43328	0.36243	0.065684083557129	0.296296296296296	0.170859375000000	0
22000		0.49436	0.29693	0.43259	0.36225	0.065684083557129	0.296296296296296	0.170859375000000	0
22500		0.49717	0.29857	0.43121	0.36204	0.065684083557129	0.296296296296296	0.170859375000000	0
23000		0.50153	0.30135	0.43077	0.36164	0.065684083557129	0.296296296296296	0.170859375000000	0
23500		0.50535	0.30359	0.42940	0.36110	0.065684083557129	0.296296296296296	0.170859375000000	0
24000		0.50744	0.30547	0.42810	0.36055	0.065684083557129	0.296296296296296	0.170859375000000	0
24500		0.51103	0.30739	0.42686	0.36013	0.065684083557129	0.296296296296296	0.170859375000000	0
25000		0.51388	0.30813	0.42614	0.35959	0.065684083557129	0.296296296296296	0.170859375000000	0
25500		0.51640	0.30975	0.42650	0.35924	0.065684083557129	0.296296296296296	0.170859375000000	0
26000		0.51783	0.31102	0.42587	0.35901	0.065684083557129	0.296296296296296	0.170859375000000	0
26500		0.52000	0.31256	0.42587	0.35876	0.065684083557129	0.296296296296296	0.170859375000000	0
27000		0.52232	0.31392	0.42579	0.35833	0.065684083557129	0.296296296296296	0.170859375000000	0
27500		0.52605	0.31662	0.42421	0.35778	0.065684083557129	0.296296296296296	0.170859375000000	0
28000		0.52830	0.31898	0.42257	0.35716	0.065684083557129	0.296296296296296	0.170859375000000	0
28500		0.52971	0.32104	0.42276	0.35667	0.065684083557129	0.296296296296296	0.170859375000000	0
29000		0.53105	0.32185	0.42239	0.35630	0.065684083557129	0.296296296296296	0.170859375000000	0
29500		0.53200	0.32318	0.42146	0.35596	0.065684083557129	0.296296296296296	0.170859375000000	0
30000		0.53195	0.32470	0.42087	0.35555	0.065684083557129	0.296296296296296	0.170859375000000	0
30500		0.53302	0.32593	0.41993	0.35534	0.065684083557129	0.296296296296296	0.170859375000000	0
31000		0.53422	0.32688	0.42011	0.35505	0.065684083557129	0.296296296296296	0.170859375000000	0
31500		0.53464	0.32827	0.41936	0.35476	0.065684083557129	0.296296296296296	0.170859375000000	0
32000		0.53629	0.32961	0.41849	0.35441	0.065684083557129	0.296296296296296	0.170859375000000	0
32500		0.53796	0.33023	0.41817	0.35412	0.065684083557129	0.296296296296296	0.170859375000000	0
33000		0.53948	0.33073	0.41810	0.35383	0.065684083557129	0.296296296296296	0.170859375000000	0
33500		0.54075	0.33187	0.41793	0.35362	0.065684083557129	0.296296296296296	0.170859375000000	0
34000		0.54127	0.33271	0.41757	0.35347	0.065684083557129	0.296296296296296	0.170859375000000	0
34500		0.54121	0.33267	0.41732	0.35351	0.065684083557129	0.296296296296296	0.170859375000000	0
35000		0.54204	0.33224	0.41667	0.35335	0.065684083557129	0.296296296296296	0.170859375000000	0
35500		0.54276	0.33232	0.41653	0.35335	0.065684083557129	0.296296296296296	0.170859375000000	0
36000		0.54268	0.33267	0.41631	0.35337	0.065684083557129	0.296296296296296	0.170859375000000	0
36500		0.54253	0.33249	0.41597	0.35320	0.065684083557129	0.296296296296296	0.170859375000000	0
37000		0.54283	0.33299	0.41549	0.35318	0.065684083557129	0.296296296296296	0.170859375000000	0
37500		0.54339	0.33336	0.41588	0.35311	0.065684083557129	0.296296296296296	0.170859375000000	0
38000		0.54337	0.33378	0.41588	0.35304	0.065684083557129	0.296296296296296	0.170859375000000	0
38500		0.54374	0.33354	0.41617	0.35304	0.065684083557129	0.296296296296296	0.170859375000000	0
39000		0.54410	0.33400	0.41572	0.35294	0.065684083557129	0.296296296296296	0.170859375000000	0
39500		0.54416	0.33392	0.41542	0.35286	0.065684083557129	0.296296296296296	0.170859375000000	0
40000		0.54419	0.33384	0.41515	0.35281	0.065684083557129	0.296296296296296	0.170859375000000	0
40500		0.54468	0.33415	0.41454	0.35274	0.065684083557129	0.296296296296296	0.170859375000000	0
41000		0.54458	0.33430	0.41448	0.35262	0.065684083557129	0.296296296296296	0.170859375000000	0
41500		0.54499	0.33450	0.41426	0.35248	0.065684083557129	0.296296296296296	0.170859375000000	0
42000		0.54532	0.33464	0.41439	0.35240	0.065684083557129	0.296296296296296	0.170859375000000	0
42500		0.54559	0.33441	0.41418	0.35228	0.065684083557129	0.296296296296296	0.170859375000000	0
43000		0.54583	0.33453	0.41471	0.35230	0.065684083557129	0.296296296296296	0.170859375000000	0
43500		0.54544	0.33440	0.41445	0.35233	0.065684083557129	0.296296296296296	0.170859375000000	0
44000		0.54536	0.33471	0.41412	0.35225	0.065684083557129	0.296296296296296	0.170859375000000	0
44500		0.54573	0.33491	0.41468	0.35224	0.065684083557129	0.296296296296296	0.170859375000000	0
45000		0.54576	0.33499	0.41451	0.35218	0.065684083557129	0.296296296296296	0.170859375000000	0
45500		0.54600	0.33495	0.41433	0.35224	0.065684083557129	0.296296296296296	0.170859375000000	0
46000		0.54645	0.33553	0.41440	0.35224	0.065684083557129	0.296296296296296	0.170859375000000	0
46500		0.54662	0.33547	0.41421	0.35232	0.065684083557129	0.296296296296296	0.170859375000000	0
47000		0.54644	0.33569	0.41402	0.35237	0.065684083557129	0.296296296296296	0.170859375000000	0
47500		0.54656	0.33583	0.41407	0.35242	0.065684083557129	0.296296296296296	0.170859375000000	0
48000		0.54688	0.33611	0.41384	0.35236	0.065684083557129	0.296296296296296	0.170859375000000	0
48500		0.54679	0.33623	0.41373	0.35226	0.065684083557129	0.296296296296296	0.170859375000000	0
49000		0.54680	0.33623	0.41360	0.35217	0.065684083557129	0.296296296296296	0.170859375000000	0
49500		0.54670	0.33633	0.41385	0.35215	0.065684083557129	0.296296296296296	0.170859375000000	0
50000		0.54721	0.33662	0.41329	0.35212	0.065684083557129	0.296296296296296	0.170859375000000	0
50500		0.54748	0.33714	0.41300	0.35206	0.065684083557129	0.296296296296296	0.170859375000000	0
51000		0.54733	0.33760	0.41328	0.35199	0.065684083557129	0.296296296296296	0.170859375000000	0
51500		0.54722	0.33766	0.41358	0.35186	0.065684083557129	0.296296296296296	0.170859375000000	0
52000		0.54805	0.33824	0.41351	0.35169	0.065684083557129	0.296296296296296	0.170859375000000	0
52500		0.54901	0.33898	0.41347	0.35161	0.065684083557129	0.296296296296296	0.170859375000000	0
53000		0.54931	0.33895	0.41341	0.35156	0.065684083557129	0.296296296296296	0.170859375000000	0
53500		0.54980	0.33931	0.41344	0.35153	0.065684083557129	0.296296296296296	0.170859375000000	0
54000		0.54957	0.34017	0.41321	0.35142	0.065684083557129	0.296296296296296	0.170859375000000	0
54500		0.54970	0.34025	0.41322	0.35138	0.065684083557129	0.296296296296296	0.170859375000000	0
55000		0.55023	0.34110	0.41303	0.35128	0.065684083557129	0.296296296296296	0.170859375000000	0
55500		0.55109	0.34193	0.41317	0.35110	0.065684083557129	0.296296296296296	0.170859375000000	0
56000		0.55171	0.34283	0.41251	0.35092	0.065684083557129	0.296296296296296	0.170859375000000	0
56500		0.55258	0.34344	0.41215	0.35079	0.065684083557129	0.296296296296296	0.170859375000000	0
57000		0.55337	0.34368	0.41196	0.35064	0.065684083557129	0.296296296296296	0.170859375000000	0
57500		0.55426	0.34427	0.41183	0.35056	0.065684083557129	0.296296296296296	0.170859375000000	0
58000		0.55494	0.34471	0.41121	0.35035	0.065684083557129	0.296296296296296	0.170859375000000	0
58500		0.55568	0.34523	0.41115	0.35020	0.065684083557129	0.296296296296296	0.170859375000000	0
59000		0.55653	0.34572	0.41092	0.35005	0.065684083557129	0.296296296296296	0.170859375000000	0
59500		0.55683	0.34572	0.41095	0.34997	0.065684083557129	0.296296296296296	0.170859375000000	0
60000		0.55729	0.34576	0.41092	0.34991	0.065684083557129	0.296296296296296	0.170859375000000	0
60500		0.55756	0.34607	0.41016	0.34981	0.065684083557129	0.296296296296296	0.170859375000000	0
61000		0.55800	0.34666	0.40988	0.34971	0.065684083557129	0.296296296296296	0.170859375000000	0
61500		0.55854	0.34700	0.40997	0.34955	0.065684083557129	0.296296296296296	0.170859375000000	0
62000		0.55831	0.34699	0.40998	0.34953	0.065684083557129	0.296296296296296	0.170859375000000	0
62500		0.55868	0.34716	0.40969	0.34945	0.065684083557129	0.296296296296296	0.170859375000000	0
63000		0.55918	0.34735	0.40891	0.34932	0.065684083557129	0.296296296296296	0.170859375000000	0
63500		0.55941	0.34798	0.40860	0.34930	0.065684083557129	0.296296296296296	0.170859375000000	0
64000		0.55950	0.34821	0.40815	0.34922	0.065684083557129	0.296296296296296	0.170859375000000	0
64500		0.55977	0.34852	0.40780	0.34911	0.065684083557129	0.296296296296296	0.170859375000000	0
65000		0.56000	0.34904	0.40753	0.34898	0.065684083557129	0.296296296296296	0.170859375000000	0
65500		0.56043	0.34959	0.40723	0.34884	0.065684083557129	0.296296296296296	0.170859375000000	0
66000		0.56145	0.35028	0.40715	0.34867	0.065684083557129	0.296296296296296	0.170859375000000	0
66500		0.56207	0.35097	0.40719	0.34850	0.065684083557129	0.296296296296296	0.170859375000000	0
67000		0.56244	0.35165	0.40657	0.34843	0.065684083557129	0.296296296296296	0.170859375000000	0
67500		0.56255	0.35227	0.40641	0.34836	0.065684083557129	0.296296296296296	0.170859375000000	0
68000		0.56295	0.35257	0.40657	0.34827	0.065684083557129	0.296296296296296	0.170859375000000	0
68500		0.56367	0.35306	0.40688	0.34815	0.065684083557129	0.296296296296296	0.170859375000000	0
69000		0.56441	0.35370	0.40666	0.34802	0.065684083557129	0.296296296296296	0.170859375000000	0
69500		0.56494	0.35435	0.40639	0.34792	0.065684083557129	0.296296296296296	0.170859375000000	0
70000		0.56489	0.35442	0.40651	0.34786	0.065684083557129	0.296296296296296	0.170859375000000	0
70500		0.56488	0.35478	0.40658	0.34780	0.065684083557129	0.296296296296296	0.170859375000000	0
71000		0.56503	0.35534	0.40662	0.34774	0.065684083557129	0.296296296296296	0.170859375000000	0
71500		0.56535	0.35609	0.40657	0.34761	0.065684083557129	0.296296296296296	0.170859375000000	0
72000		0.56592	0.35652	0.40663	0.34751	0.065684083557129	0.296296296296296	0.170859375000000	0
72500		0.56619	0.35679	0.40638	0.34744	0.065684083557129	0.296296296296296	0.170859375000000	0
73000		0.56622	0.35688	0.40623	0.34740	0.065684083557129	0.296296296296296	0.170859375000000	0
73500		0.56635	0.35721	0.40633	0.34739	0.065684083557129	0.296296296296296	0.170859375000000	0
74000		0.56603	0.35712	0.40631	0.34735	0.065684083557129	0.296296296296296	0.170859375000000	0
74500		0.56624	0.35711	0.40645	0.34735	0.065684083557129	0.296296296296296	0.170859375000000	0
75000		0.56657	0.35741	0.40642	0.34728	0.065684083557129	0.296296296296296	0.170859375000000	0
75500		0.56659	0.35781	0.40639	0.34718	0.065684083557129	0.296296296296296	0.170859375000000	0
76000		0.56669	0.35801	0.40619	0.34717	0.065684083557129	0.296296296296296	0.170859375000000	0
76500		0.56672	0.35815	0.40642	0.34716	0.065684083557129	0.296296296296296	0.170859375000000	0
77000		0.56681	0.35796	0.40645	0.34716	0.065684083557129	0.296296296296296	0.170859375000000	0
77500		0.56698	0.35797	0.40634	0.34711	0.065684083557129	0.296296296296296	0.170859375000000	0
78000		0.56690	0.35807	0.40619	0.34709	0.065684083557129	0.296296296296296	0.170859375000000	0
78500		0.56725	0.35843	0.40595	0.34702	0.065684083557129	0.296296296296296	0.170859375000000	0
79000		0.56763	0.35843	0.40568	0.34692	0.065684083557129	0.296296296296296	0.170859375000000	0
79500		0.56729	0.35851	0.40562	0.34688	0.065684083557129	0.296296296296296	0.170859375000000	0
80000		0.56746	0.35851	0.40527	0.34682	0.065684083557129	0.296296296296296	0.170859375000000	0
80500		0.56723	0.35829	0.40521	0.34676	0.065684083557129	0.296296296296296	0.170859375000000	0
81000		0.56737	0.35814	0.40520	0.34672	0.065684083557129	0.296296296296296	0.170859375000000	0
81500		0.56717	0.35831	0.40499	0.34669	0.065684083557129	0.296296296296296	0.170859375000000	0
82000		0.56724	0.35871	0.40482	0.34666	0.065684083557129	0.296296296296296	0.170859375000000	0
82500		0.56746	0.35901	0.40458	0.34661	0.065684083557129	0.296296296296296	0.170859375000000	0
83000		0.56768	0.35936	0.40453	0.34654	0.065684083557129	0.296296296296296	0.170859375000000	0
83500		0.56787	0.35940	0.40450	0.34651	0.065684083557129	0.296296296296296	0.170859375000000	0
84000		0.56779	0.35927	0.40451	0.34648	0.065684083557129	0.296296296296296	0.170859375000000	0
84500		0.56790	0.35917	0.40444	0.34643	0.065684083557129	0.296296296296296	0.170859375000000	0
85000		0.56781	0.35932	0.40436	0.34641	0.065684083557129	0.296296296296296	0.170859375000000	0
85500		0.56765	0.35937	0.40417	0.34642	0.065684083557129	0.296296296296296	0.170859375000000	0
86000		0.56759	0.35946	0.40411	0.34641	0.065684083557129	0.296296296296296	0.170859375000000	0
86500		0.56749	0.35938	0.40408	0.34638	0.065684083557129	0.296296296296296	0.170859375000000	0
87000		0.56753	0.35959	0.40414	0.34635	0.065684083557129	0.296296296296296	0.170859375000000	0
87500		0.56747	0.35935	0.40387	0.34637	0.065684083557129	0.296296296296296	0.170859375000000	0
88000		0.56742	0.35908	0.40393	0.34641	0.065684083557129	0.296296296296296	0.170859375000000	0
88500		0.56738	0.35878	0.40368	0.34644	0.065684083557129	0.296296296296296	0.170859375000000	0
89000		0.56721	0.35895	0.40386	0.34647	0.065684083557129	0.296296296296296	0.170859375000000	0
89500		0.56736	0.35898	0.40400	0.34644	0.065684083557129	0.296296296296296	0.170859375000000	0
90000		0.56763	0.35893	0.40410	0.34641	0.065684083557129	0.296296296296296	0.170859375000000	0
90500		0.56784	0.35899	0.40387	0.34637	0.065684083557129	0.296296296296296	0.170859375000000	0
91000		0.56769	0.35914	0.40385	0.34635	0.065684083557129	0.296296296296296	0.170859375000000	0
91500		0.56772	0.35887	0.40380	0.34638	0.065684083557129	0.296296296296296	0.170859375000000	0
92000		0.56750	0.35876	0.40385	0.34641	0.065684083557129	0.296296296296296	0.170859375000000	0
92500		0.56749	0.35871	0.40381	0.34643	0.065684083557129	0.296296296296296	0.170859375000000	0
93000		0.56769	0.35879	0.40385	0.34642	0.065684083557129	0.296296296296296	0.170859375000000	0
93500		0.56766	0.35872	0.40381	0.34639	0.065684083557129	0.296296296296296	0.170859375000000	0
94000		0.56751	0.35854	0.40365	0.34641	0.065684083557129	0.296296296296296	0.170859375000000	0
94500		0.56738	0.35830	0.40363	0.34641	0.065684083557129	0.296296296296296	0.170859375000000	0
95000		0.56748	0.35810	0.40358	0.34639	0.065684083557129	0.296296296296296	0.170859375000000	0
95500		0.56773	0.35816	0.40335	0.34635	0.065684083557129	0.296296296296296	0.170859375000000	0
96000		0.56799	0.35821	0.40334	0.34632	0.065684083557129	0.296296296296296	0.170859375000000	0
96500		0.56816	0.35828	0.40351	0.34631	0.065684083557129	0.296296296296296	0.170859375000000	0
97000		0.56816	0.35828	0.40345	0.34630	0.065684083557129	0.296296296296296	0.170859375000000	0
97500		0.56847	0.35856	0.40356	0.34628	0.065684083557129	0.296296296296296	0.170859375000000	0
98000		0.56853	0.35855	0.40349	0.34629	0.065684083557129	0.296296296296296	0.170859375000000	0
98500		0.56860	0.35852	0.40352	0.34626	0.065684083557129	0.296296296296296	0.170859375000000	0
99000		0.56893	0.35857	0.40347	0.34622	0.065684083557129	0.296296296296296	0.170859375000000	0
99500		0.56922	0.35877	0.40333	0.34621	0.065684083557129	0.296296296296296	0.170859375000000	0
100000		0.56933	0.35892	0.40333	0.34618	0.065684083557129	0.296296296296296	0.170859375000000	0