step	p_accept_mu1	p_accept_gamma	p_accept_pi	p_accept_Tinf	sigma_mu1	sigma_gamma	sigma_pi	n_like_zero
1		1.00000	1.00000	1.00000	1.00000	0.000100000000000	1.000000000000000	0.010000000000000	0
500		1.00000	1.00000	1.00000	0.29760	0.000100000000000	1.000000000000000	0.010000000000000	0
1000		-nan	-nan	0.86400	0.28971	0.000150000000000	1.000000000000000	0.015000000000000	0
1500		-nan	-nan	0.78800	0.28983	0.000150000000000	1.000000000000000	0.022500000000000	0
2000		-nan	-nan	0.69800	0.29035	0.000150000000000	1.000000000000000	0.033750000000000	0
2500		-nan	-nan	0.55400	0.29080	0.000150000000000	1.000000000000000	0.050625000000000	0
3000		-nan	-nan	0.45000	0.29046	0.000150000000000	1.000000000000000	0.075937500000000	0
3500		-nan	-nan	0.44200	0.28937	0.000150000000000	1.000000000000000	0.075937500000000	0
4000		-nan	-nan	0.44133	0.28920	0.000150000000000	1.000000000000000	0.075937500000000	0
4500		-nan	-nan	0.43400	0.28893	0.000150000000000	1.000000000000000	0.075937500000000	0
5000		-nan	-nan	0.43840	0.28880	0.000150000000000	1.000000000000000	0.075937500000000	0
5500		-nan	-nan	0.43100	0.28861	0.000150000000000	1.000000000000000	0.075937500000000	0
6000		-nan	-nan	0.43857	0.28824	0.000150000000000	1.000000000000000	0.075937500000000	0
6500		-nan	-nan	0.43825	0.28752	0.000150000000000	1.000000000000000	0.075937500000000	0
7000		-nan	-nan	0.43978	0.28726	0.000150000000000	1.000000000000000	0.075937500000000	0
7500		-nan	-nan	0.43700	0.28657	0.000150000000000	1.000000000000000	0.075937500000000	0
8000		-nan	-nan	0.43800	0.28638	0.000150000000000	1.000000000000000	0.075937500000000	0
8500		-nan	-nan	0.43583	0.28575	0.000150000000000	1.000000000000000	0.075937500000000	0
9000		-nan	-nan	0.43723	0.28564	0.000150000000000	1.000000000000000	0.075937500000000	0
9500		-nan	-nan	0.43857	0.28583	0.000150000000000	1.000000000000000	0.075937500000000	0
10000		-nan	-nan	0.44013	0.28569	0.000150000000000	1.000000000000000	0.075937500000000	0
10500		-nan	-nan	0.43575	0.28545	0.000150000000000	1.000000000000000	0.075937500000000	0
11000		-nan	-nan	0.43518	0.28517	0.000150000000000	1.000000000000000	0.075937500000000	0
11500		-nan	-nan	0.43089	0.28488	0.000150000000000	1.000000000000000	0.075937500000000	0
12000		-nan	-nan	0.43074	0.28478	0.000150000000000	1.000000000000000	0.075937500000000	0
12500		-nan	-nan	0.43290	0.28471	0.000150000000000	1.000000000000000	0.075937500000000	0
13000		-nan	-nan	0.43124	0.28463	0.000150000000000	1.000000000000000	0.075937500000000	0
13500		-nan	-nan	0.43236	0.28483	0.000150000000000	1.000000000000000	0.075937500000000	0
14000		-nan	-nan	0.43200	0.28493	0.000150000000000	1.000000000000000	0.075937500000000	0
14500		-nan	-nan	0.43267	0.28506	0.000150000000000	1.000000000000000	0.075937500000000	0
15000		-nan	-nan	0.43264	0.28498	0.000150000000000	1.000000000000000	0.075937500000000	0
15500		-nan	-nan	0.43308	0.28500	0.000150000000000	1.000000000000000	0.075937500000000	0
16000		-nan	-nan	0.43437	0.28526	0.000150000000000	1.000000000000000	0.075937500000000	0
16500		-nan	-nan	0.43486	0.28537	0.000150000000000	1.000000000000000	0.075937500000000	0
17000		-nan	-nan	0.43455	0.28545	0.000150000000000	1.000000000000000	0.075937500000000	0
17500		-nan	-nan	0.43333	0.28538	0.000150000000000	1.000000000000000	0.075937500000000	0
18000		-nan	-nan	0.43426	0.28537	0.000150000000000	1.000000000000000	0.075937500000000	0
18500		-nan	-nan	0.43462	0.28523	0.000150000000000	1.000000000000000	0.075937500000000	0
19000		-nan	-nan	0.43497	0.28529	0.000150000000000	1.000000000000000	0.075937500000000	0
19500		-nan	-nan	0.43618	0.28549	0.000150000000000	1.000000000000000	0.075937500000000	0
20000		-nan	-nan	0.43640	0.28556	0.000150000000000	1.000000000000000	0.075937500000000	0
20500		-nan	-nan	0.43639	0.28557	0.000150000000000	1.000000000000000	0.075937500000000	0
21000		-nan	-nan	0.43665	0.28556	0.000150000000000	1.000000000000000	0.075937500000000	0
21500		-nan	-nan	0.43647	0.28556	0.000150000000000	1.000000000000000	0.075937500000000	0
22000		-nan	-nan	0.43605	0.28549	0.000150000000000	1.000000000000000	0.075937500000000	0
22500		-nan	-nan	0.43625	0.28549	0.000150000000000	1.000000000000000	0.075937500000000	0
23000		-nan	-nan	0.43551	0.28544	0.000150000000000	1.000000000000000	0.075937500000000	0
23500		-nan	-nan	0.43714	0.28548	0.000150000000000	1.000000000000000	0.075937500000000	0
24000		-nan	-nan	0.43679	0.28542	0.000150000000000	1.000000000000000	0.075937500000000	0
24500		-nan	-nan	0.43564	0.28539	0.000150000000000	1.000000000000000	0.075937500000000	0
25000		-nan	-nan	0.43587	0.28542	0.000150000000000	1.000000000000000	0.075937500000000	0
25500		-nan	-nan	0.43565	0.28527	0.000150000000000	1.000000000000000	0.075937500000000	0
26000		-nan	-nan	0.43562	0.28516	0.000150000000000	1.000000000000000	0.075937500000000	0
26500		-nan	-nan	0.43538	0.28515	0.000150000000000	1.000000000000000	0.075937500000000	0
27000		-nan	-nan	0.43502	0.28513	0.000150000000000	1.000000000000000	0.075937500000000	0
27500		-nan	-nan	0.43560	0.28503	0.000150000000000	1.000000000000000	0.075937500000000	0
28000		-nan	-nan	0.43565	0.28507	0.000150000000000	1.000000000000000	0.075937500000000	0
28500		-nan	-nan	0.43504	0.28496	0.000150000000000	1.000000000000000	0.075937500000000	0
29000		-nan	-nan	0.43513	0.28485	0.000150000000000	1.000000000000000	0.075937500000000	0
29500		-nan	-nan	0.43496	0.28482	0.000150000000000	1.000000000000000	0.075937500000000	0
30000		-nan	-nan	0.43415	0.28475	0.000150000000000	1.000000000000000	0.075937500000000	0
30500		-nan	-nan	0.43454	0.28479	0.000150000000000	1.000000000000000	0.075937500000000	0
31000		-nan	-nan	0.43523	0.28490	0.000150000000000	1.000000000000000	0.075937500000000	0
31500		-nan	-nan	0.43555	0.28485	0.000150000000000	1.000000000000000	0.075937500000000	0
32000		-nan	-nan	0.43505	0.28471	0.000150000000000	1.000000000000000	0.075937500000000	0
32500		-nan	-nan	0.43493	0.28473	0.000150000000000	1.000000000000000	0.075937500000000	0
33000		-nan	-nan	0.43407	0.28464	0.000150000000000	1.000000000000000	0.075937500000000	0
33500		-nan	-nan	0.43384	0.28465	0.000150000000000	1.000000000000000	0.075937500000000	0
34000		-nan	-nan	0.43422	0.28461	0.000150000000000	1.000000000000000	0.075937500000000	0
34500		-nan	-nan	0.43450	0.28459	0.000150000000000	1.000000000000000	0.075937500000000	0
35000		-nan	-nan	0.43511	0.28455	0.000150000000000	1.000000000000000	0.075937500000000	0
35500		-nan	-nan	0.43491	0.28461	0.000150000000000	1.000000000000000	0.075937500000000	0
36000		-nan	-nan	0.43534	0.28462	0.000150000000000	1.000000000000000	0.075937500000000	0
36500		-nan	-nan	0.43568	0.28461	0.000150000000000	1.000000000000000	0.075937500000000	0
37000		-nan	-nan	0.43591	0.28463	0.000150000000000	1.000000000000000	0.075937500000000	0
37500		-nan	-nan	0.43614	0.28453	0.000150000000000	1.000000000000000	0.075937500000000	0
38000		-nan	-nan	0.43580	0.28451	0.000150000000000	1.000000000000000	0.075937500000000	0
38500		-nan	-nan	0.43581	0.28457	0.000150000000000	1.000000000000000	0.075937500000000	0
39000		-nan	-nan	0.43496	0.28462	0.000150000000000	1.000000000000000	0.075937500000000	0
39500		-nan	-nan	0.43457	0.28455	0.000150000000000	1.000000000000000	0.075937500000000	0
40000		-nan	-nan	0.43531	0.28457	0.000150000000000	1.000000000000000	0.075937500000000	0
40500		-nan	-nan	0.43600	0.28459	0.000150000000000	1.000000000000000	0.075937500000000	0
41000		-nan	-nan	0.43631	0.28464	0.000150000000000	1.000000000000000	0.075937500000000	0
41500		-nan	-nan	0.43626	0.28461	0.000150000000000	1.000000000000000	0.075937500000000	0
42000		-nan	-nan	0.43663	0.28467	0.000150000000000	1.000000000000000	0.075937500000000	0
42500		-nan	-nan	0.43683	0.28466	0.000150000000000	1.000000000000000	0.075937500000000	0
43000		-nan	-nan	0.43728	0.28476	0.000150000000000	1.000000000000000	0.075937500000000	0
43500		-nan	-nan	0.43707	0.28477	0.000150000000000	1.000000000000000	0.075937500000000	0
44000		-nan	-nan	0.43735	0.28481	0.000150000000000	1.000000000000000	0.075937500000000	0
44500		-nan	-nan	0.43771	0.28484	0.000150000000000	1.000000000000000	0.075937500000000	0
45000		-nan	-nan	0.43781	0.28481	0.000150000000000	1.000000000000000	0.075937500000000	0
45500		-nan	-nan	0.43812	0.28484	0.000150000000000	1.000000000000000	0.075937500000000	0
46000		-nan	-nan	0.43766	0.28480	0.000150000000000	1.000000000000000	0.075937500000000	0
46500		-nan	-nan	0.43757	0.28487	0.000150000000000	1.000000000000000	0.075937500000000	0
47000		-nan	-nan	0.43760	0.28493	0.000150000000000	1.000000000000000	0.075937500000000	0
47500		-nan	-nan	0.43769	0.28493	0.000150000000000	1.000000000000000	0.075937500000000	0
48000		-nan	-nan	0.43756	0.28495	0.000150000000000	1.000000000000000	0.075937500000000	0
48500		-nan	-nan	0.43767	0.28491	0.000150000000000	1.000000000000000	0.075937500000000	0
49000		-nan	-nan	0.43744	0.28487	0.000150000000000	1.000000000000000	0.075937500000000	0
49500		-nan	-nan	0.43764	0.28489	0.000150000000000	1.000000000000000	0.075937500000000	0
50000		-nan	-nan	0.43806	0.28490	0.000150000000000	1.000000000000000	0.075937500000000	0
50500		-nan	-nan	0.43844	0.28494	0.000150000000000	1.000000000000000	0.075937500000000	0
51000		-nan	-nan	0.43837	0.28489	0.000150000000000	1.000000000000000	0.075937500000000	0
51500		-nan	-nan	0.43824	0.28489	0.000150000000000	1.000000000000000	0.075937500000000	0
52000		-nan	-nan	0.43877	0.28491	0.000150000000000	1.000000000000000	0.075937500000000	0
52500		-nan	-nan	0.43864	0.28495	0.000150000000000	1.000000000000000	0.075937500000000	0
53000		-nan	-nan	0.43901	0.28494	0.000150000000000	1.000000000000000	0.075937500000000	0
53500		-nan	-nan	0.43916	0.28495	0.000150000000000	1.000000000000000	0.075937500000000	0
54000		-nan	-nan	0.43874	0.28491	0.000150000000000	1.000000000000000	0.075937500000000	0
54500		-nan	-nan	0.43804	0.28489	0.000150000000000	1.000000000000000	0.075937500000000	0
55000		-nan	-nan	0.43810	0.28485	0.000150000000000	1.000000000000000	0.075937500000000	0
55500		-nan	-nan	0.43819	0.28484	0.000150000000000	1.000000000000000	0.075937500000000	0
56000		-nan	-nan	0.43847	0.28480	0.000150000000000	1.000000000000000	0.075937500000000	0
56500		-nan	-nan	0.43850	0.28481	0.000150000000000	1.000000000000000	0.075937500000000	0
57000		-nan	-nan	0.43848	0.28479	0.000150000000000	1.000000000000000	0.075937500000000	0
57500		-nan	-nan	0.43862	0.28482	0.000150000000000	1.000000000000000	0.075937500000000	0
58000		-nan	-nan	0.43847	0.28478	0.000150000000000	1.000000000000000	0.075937500000000	0
58500		-nan	-nan	0.43879	0.28477	0.000150000000000	1.000000000000000	0.075937500000000	0
59000		-nan	-nan	0.43899	0.28481	0.000150000000000	1.000000000000000	0.075937500000000	0
59500		-nan	-nan	0.43911	0.28482	0.000150000000000	1.000000000000000	0.075937500000000	0
60000		-nan	-nan	0.43904	0.28482	0.000150000000000	1.000000000000000	0.075937500000000	0
60500		-nan	-nan	0.43898	0.28483	0.000150000000000	1.000000000000000	0.075937500000000	0
61000		-nan	-nan	0.43942	0.28483	0.000150000000000	1.000000000000000	0.075937500000000	0
61500		-nan	-nan	0.43983	0.28484	0.000150000000000	1.000000000000000	0.075937500000000	0
62000		-nan	-nan	0.43963	0.28489	0.000150000000000	1.000000000000000	0.075937500000000	0
62500		-nan	-nan	0.43980	0.28488	0.000150000000000	1.000000000000000	0.075937500000000	0
63000		-nan	-nan	0.43950	0.28487	0.000150000000000	1.000000000000000	0.075937500000000	0
63500		-nan	-nan	0.43948	0.28487	0.000150000000000	1.000000000000000	0.075937500000000	0
64000		-nan	-nan	0.43930	0.28486	0.000150000000000	1.000000000000000	0.075937500000000	0
64500		-nan	-nan	0.43958	0.28489	0.000150000000000	1.000000000000000	0.075937500000000	0
65000		-nan	-nan	0.43918	0.28485	0.000150000000000	1.000000000000000	0.075937500000000	0
65500		-nan	-nan	0.43913	0.28486	0.000150000000000	1.000000000000000	0.075937500000000	0
66000		-nan	-nan	0.43932	0.28484	0.000150000000000	1.000000000000000	0.075937500000000	0
66500		-nan	-nan	0.43930	0.28488	0.000150000000000	1.000000000000000	0.075937500000000	0
67000		-nan	-nan	0.43927	0.28488	0.000150000000000	1.000000000000000	0.075937500000000	0
67500		-nan	-nan	0.43958	0.28490	0.000150000000000	1.000000000000000	0.075937500000000	0
68000		-nan	-nan	0.43960	0.28487	0.000150000000000	1.000000000000000	0.075937500000000	0
68500		-nan	-nan	0.43982	0.28484	0.000150000000000	1.000000000000000	0.075937500000000	0
69000		-nan	-nan	0.43986	0.28486	0.000150000000000	1.000000000000000	0.075937500000000	0
69500		-nan	-nan	0.43982	0.28484	0.000150000000000	1.000000000000000	0.075937500000000	0
70000		-nan	-nan	0.43976	0.28484	0.000150000000000	1.000000000000000	0.075937500000000	0
70500		-nan	-nan	0.43956	0.28484	0.000150000000000	1.000000000000000	0.075937500000000	0
71000		-nan	-nan	0.43972	0.28474	0.000150000000000	1.000000000000000	0.075937500000000	0
71500		-nan	-nan	0.43970	0.28468	0.000150000000000	1.000000000000000	0.075937500000000	0
72000		-nan	-nan	0.43958	0.28464	0.000150000000000	1.000000000000000	0.075937500000000	0
72500		-nan	-nan	0.43956	0.28463	0.000150000000000	1.000000000000000	0.075937500000000	0
73000		-nan	-nan	0.43970	0.28461	0.000150000000000	1.000000000000000	0.075937500000000	0
73500		-nan	-nan	0.43989	0.28464	0.000150000000000	1.000000000000000	0.075937500000000	0
74000		-nan	-nan	0.44010	0.28467	0.000150000000000	1.000000000000000	0.075937500000000	0
74500		-nan	-nan	0.43986	0.28474	0.000150000000000	1.000000000000000	0.075937500000000	0
75000		-nan	-nan	0.44007	0.28477	0.000150000000000	1.000000000000000	0.075937500000000	0
75500		-nan	-nan	0.43982	0.28476	0.000150000000000	1.000000000000000	0.075937500000000	0
76000		-nan	-nan	0.43965	0.28475	0.000150000000000	1.000000000000000	0.075937500000000	0
76500		-nan	-nan	0.43968	0.28476	0.000150000000000	1.000000000000000	0.075937500000000	0
77000		-nan	-nan	0.43988	0.28478	0.000150000000000	1.000000000000000	0.075937500000000	0
77500		-nan	-nan	0.43960	0.28478	0.000150000000000	1.000000000000000	0.075937500000000	0
78000		-nan	-nan	0.43942	0.28475	0.000150000000000	1.000000000000000	0.075937500000000	0
78500		-nan	-nan	0.43955	0.28478	0.000150000000000	1.000000000000000	0.075937500000000	0
79000		-nan	-nan	0.43966	0.28478	0.000150000000000	1.000000000000000	0.075937500000000	0
79500		-nan	-nan	0.43947	0.28477	0.000150000000000	1.000000000000000	0.075937500000000	0
80000		-nan	-nan	0.43939	0.28476	0.000150000000000	1.000000000000000	0.075937500000000	0
80500		-nan	-nan	0.43954	0.28477	0.000150000000000	1.000000000000000	0.075937500000000	0
81000		-nan	-nan	0.43952	0.28473	0.000150000000000	1.000000000000000	0.075937500000000	0
81500		-nan	-nan	0.43943	0.28473	0.000150000000000	1.000000000000000	0.075937500000000	0
82000		-nan	-nan	0.43893	0.28475	0.000150000000000	1.000000000000000	0.075937500000000	0
82500		-nan	-nan	0.43869	0.28475	0.000150000000000	1.000000000000000	0.075937500000000	0
83000		-nan	-nan	0.43868	0.28476	0.000150000000000	1.000000000000000	0.075937500000000	0
83500		-nan	-nan	0.43869	0.28480	0.000150000000000	1.000000000000000	0.075937500000000	0
84000		-nan	-nan	0.43898	0.28483	0.000150000000000	1.000000000000000	0.075937500000000	0
84500		-nan	-nan	0.43889	0.28484	0.000150000000000	1.000000000000000	0.075937500000000	0
85000		-nan	-nan	0.43897	0.28487	0.000150000000000	1.000000000000000	0.075937500000000	0
85500		-nan	-nan	0.43925	0.28489	0.000150000000000	1.000000000000000	0.075937500000000	0
86000		-nan	-nan	0.43921	0.28489	0.000150000000000	1.000000000000000	0.075937500000000	0
86500		-nan	-nan	0.43936	0.28491	0.000150000000000	1.000000000000000	0.075937500000000	0
87000		-nan	-nan	0.43949	0.28489	0.000150000000000	1.000000000000000	0.075937500000000	0
87500		-nan	-nan	0.43951	0.28491	0.000150000000000	1.000000000000000	0.075937500000000	0
88000		-nan	-nan	0.43963	0.28492	0.000150000000000	1.000000000000000	0.075937500000000	0
88500		-nan	-nan	0.43940	0.28497	0.000150000000000	1.000000000000000	0.075937500000000	0
89000		-nan	-nan	0.43947	0.28497	0.000150000000000	1.000000000000000	0.075937500000000	0
89500		-nan	-nan	0.43938	0.28497	0.000150000000000	1.000000000000000	0.075937500000000	0
90000		-nan	-nan	0.43944	0.28496	0.000150000000000	1.000000000000000	0.075937500000000	0
90500		-nan	-nan	0.43948	0.28494	0.000150000000000	1.000000000000000	0.075937500000000	0
91000		-nan	-nan	0.43944	0.28495	0.000150000000000	1.000000000000000	0.075937500000000	0
91500		-nan	-nan	0.43943	0.28491	0.000150000000000	1.000000000000000	0.075937500000000	0
92000		-nan	-nan	0.43940	0.28495	0.000150000000000	1.000000000000000	0.075937500000000	0
92500		-nan	-nan	0.43930	0.28494	0.000150000000000	1.000000000000000	0.075937500000000	0
93000		-nan	-nan	0.43910	0.28493	0.000150000000000	1.000000000000000	0.075937500000000	0
93500		-nan	-nan	0.43926	0.28490	0.000150000000000	1.000000000000000	0.075937500000000	0
94000		-nan	-nan	0.43945	0.28491	0.000150000000000	1.000000000000000	0.075937500000000	0
94500		-nan	-nan	0.43936	0.28491	0.000150000000000	1.000000000000000	0.075937500000000	0
95000		-nan	-nan	0.43938	0.28495	0.000150000000000	1.000000000000000	0.075937500000000	0
95500		-nan	-nan	0.43942	0.28500	0.000150000000000	1.000000000000000	0.075937500000000	0
96000		-nan	-nan	0.43935	0.28498	0.000150000000000	1.000000000000000	0.075937500000000	0
96500		-nan	-nan	0.43915	0.28495	0.000150000000000	1.000000000000000	0.075937500000000	0
97000		-nan	-nan	0.43933	0.28498	0.000150000000000	1.000000000000000	0.075937500000000	0
97500		-nan	-nan	0.43919	0.28500	0.000150000000000	1.000000000000000	0.075937500000000	0
98000		-nan	-nan	0.43910	0.28496	0.000150000000000	1.000000000000000	0.075937500000000	0
98500		-nan	-nan	0.43886	0.28495	0.000150000000000	1.000000000000000	0.075937500000000	0
99000		-nan	-nan	0.43893	0.28497	0.000150000000000	1.000000000000000	0.075937500000000	0
99500		-nan	-nan	0.43901	0.28496	0.000150000000000	1.000000000000000	0.075937500000000	0
100000		-nan	-nan	0.43893	0.28498	0.000150000000000	1.000000000000000	0.075937500000000	0