step	p_accept_mu1	p_accept_gamma	p_accept_pi	p_accept_Tinf	sigma_mu1	sigma_gamma	sigma_pi	n_like_zero
1		1.00000	1.00000	1.00000	1.00000	0.000100000000000	1.000000000000000	0.010000000000000	0
500		0.99800	0.61723	1.00000	0.29545	0.000100000000000	1.000000000000000	0.010000000000000	0
1000		1.00000	0.57600	0.97200	0.27213	0.000150000000000	1.000000000000000	0.015000000000000	0
1500		0.99800	0.60800	0.93200	0.26456	0.000225000000000	1.000000000000000	0.022500000000000	0
2000		1.00000	0.61400	0.94600	0.26406	0.000337500000000	1.000000000000000	0.033750000000000	0
2500		0.99400	0.58400	0.90400	0.26639	0.000506250000000	1.000000000000000	0.050625000000000	0
3000		0.99800	0.60000	0.78600	0.26709	0.000759375000000	1.000000000000000	0.075937500000000	0
3500		0.99400	0.57600	0.76600	0.26579	0.001139062500000	1.000000000000000	0.113906250000000	0
4000		0.99000	0.59000	0.62800	0.26496	0.001708593750000	1.000000000000000	0.170859375000000	0
4500		0.97600	0.57800	0.56000	0.26422	0.002562890625000	1.000000000000000	0.256289062500000	0
5000		0.98200	0.56200	0.38800	0.26377	0.003844335937500	1.000000000000000	0.384433593750000	0
5500		0.95600	0.57200	0.40900	0.26254	0.005766503906250	1.000000000000000	0.384433593750000	0
6000		0.97200	0.55400	0.41200	0.26214	0.008649755859375	1.000000000000000	0.384433593750000	0
6500		0.93600	0.57400	0.43800	0.26241	0.012974633789063	1.000000000000000	0.384433593750000	0
7000		0.94800	0.57600	0.43160	0.26359	0.019461950683594	1.000000000000000	0.384433593750000	0
7500		0.94000	0.48400	0.42167	0.26274	0.029192926025391	1.000000000000000	0.384433593750000	0
8000		0.94000	0.50800	0.42057	0.26414	0.043789389038086	1.000000000000000	0.384433593750000	0
8500		0.88800	0.52000	0.40950	0.26438	0.065684083557129	1.000000000000000	0.384433593750000	0
9000		0.84800	0.52200	0.40556	0.26430	0.098526125335693	1.000000000000000	0.384433593750000	0
9500		0.79400	0.53000	0.39860	0.26403	0.147789188003540	1.000000000000000	0.384433593750000	0
10000		0.68600	0.52600	0.39673	0.26500	0.221683782005310	1.000000000000000	0.384433593750000	0
10500		0.59800	0.52400	0.38750	0.26564	0.332525673007965	1.000000000000000	0.384433593750000	0
11000		0.50000	0.52000	0.38723	0.26579	0.498788509511948	1.000000000000000	0.384433593750000	0
11500		0.49600	0.53800	0.38443	0.26500	0.498788509511948	1.000000000000000	0.384433593750000	0
12000		0.48200	0.55700	0.38160	0.26501	0.498788509511948	1.000000000000000	0.384433593750000	0
12500		0.48350	0.55133	0.37538	0.26475	0.498788509511948	1.000000000000000	0.384433593750000	0
13000		0.47920	0.55600	0.37918	0.26488	0.498788509511948	1.000000000000000	0.384433593750000	0
13500		0.47700	0.55080	0.37956	0.26542	0.498788509511948	1.000000000000000	0.384433593750000	0
14000		0.47171	0.54433	0.38042	0.26527	0.498788509511948	1.000000000000000	0.384433593750000	0
14500		0.46650	0.54171	0.38090	0.26506	0.498788509511948	1.000000000000000	0.384433593750000	0
15000		0.46467	0.54000	0.38543	0.26541	0.498788509511948	1.000000000000000	0.384433593750000	0
15500		0.46460	0.53533	0.38500	0.26553	0.498788509511948	1.000000000000000	0.384433593750000	0
16000		0.46564	0.53860	0.38513	0.26534	0.498788509511948	1.000000000000000	0.384433593750000	0
16500		0.46717	0.53545	0.38517	0.26546	0.498788509511948	1.000000000000000	0.384433593750000	0
17000		0.46492	0.53433	0.38664	0.26548	0.498788509511948	1.000000000000000	0.384433593750000	0
17500		0.46271	0.53200	0.38731	0.26579	0.498788509511948	1.000000000000000	0.384433593750000	0
18000		0.46053	0.53200	0.38711	0.26596	0.498788509511948	1.000000000000000	0.384433593750000	0
18500		0.46100	0.52973	0.38729	0.26615	0.498788509511948	1.000000000000000	0.384433593750000	0
19000		0.46188	0.53025	0.38559	0.26565	0.498788509511948	1.000000000000000	0.384433593750000	0
19500		0.46056	0.53141	0.38413	0.26542	0.498788509511948	1.000000000000000	0.384433593750000	0
20000		0.46274	0.53233	0.38439	0.26528	0.498788509511948	1.000000000000000	0.384433593750000	0
20500		0.46300	0.53337	0.38369	0.26580	0.498788509511948	1.000000000000000	0.384433593750000	0
21000		0.46324	0.53300	0.38455	0.26592	0.498788509511948	1.000000000000000	0.384433593750000	0
21500		0.46373	0.52962	0.38529	0.26634	0.498788509511948	1.000000000000000	0.384433593750000	0
22000		0.46478	0.52900	0.38537	0.26637	0.498788509511948	1.000000000000000	0.384433593750000	0
22500		0.46325	0.52904	0.38589	0.26624	0.498788509511948	1.000000000000000	0.384433593750000	0
23000		0.46072	0.52742	0.38681	0.26647	0.498788509511948	1.000000000000000	0.384433593750000	0
23500		0.46123	0.52632	0.38484	0.26616	0.498788509511948	1.000000000000000	0.384433593750000	0
24000		0.46119	0.52523	0.38523	0.26646	0.498788509511948	1.000000000000000	0.384433593750000	0
24500		0.46043	0.52489	0.38530	0.26617	0.498788509511948	1.000000000000000	0.384433593750000	0
25000		0.45931	0.52507	0.38693	0.26596	0.498788509511948	1.000000000000000	0.384433593750000	0
25500		0.45973	0.52600	0.38667	0.26595	0.498788509511948	1.000000000000000	0.384433593750000	0
26000		0.45916	0.52633	0.38660	0.26611	0.498788509511948	1.000000000000000	0.384433593750000	0
26500		0.45813	0.52626	0.38659	0.26639	0.498788509511948	1.000000000000000	0.384433593750000	0
27000		0.45933	0.52612	0.38627	0.26617	0.498788509511948	1.000000000000000	0.384433593750000	0
27500		0.45824	0.52527	0.38622	0.26644	0.498788509511948	1.000000000000000	0.384433593750000	0
28000		0.45846	0.52535	0.38443	0.26621	0.498788509511948	1.000000000000000	0.384433593750000	0
28500		0.45839	0.52526	0.38471	0.26640	0.498788509511948	1.000000000000000	0.384433593750000	0
29000		0.45843	0.52500	0.38502	0.26611	0.498788509511948	1.000000000000000	0.384433593750000	0
29500		0.45942	0.52449	0.38476	0.26601	0.498788509511948	1.000000000000000	0.384433593750000	0
30000		0.45959	0.52537	0.38541	0.26594	0.498788509511948	1.000000000000000	0.384433593750000	0
30500		0.45895	0.52621	0.38500	0.26579	0.498788509511948	1.000000000000000	0.384433593750000	0
31000		0.45907	0.52575	0.38585	0.26600	0.498788509511948	1.000000000000000	0.384433593750000	0
31500		0.46014	0.52546	0.38448	0.26585	0.498788509511948	1.000000000000000	0.384433593750000	0
32000		0.46033	0.52557	0.38527	0.26568	0.498788509511948	1.000000000000000	0.384433593750000	0
32500		0.46014	0.52549	0.38550	0.26572	0.498788509511948	1.000000000000000	0.384433593750000	0
33000		0.46049	0.52573	0.38670	0.26583	0.498788509511948	1.000000000000000	0.384433593750000	0
33500		0.46065	0.52578	0.38624	0.26606	0.498788509511948	1.000000000000000	0.384433593750000	0
34000		0.46055	0.52687	0.38641	0.26618	0.498788509511948	1.000000000000000	0.384433593750000	0
34500		0.46063	0.52740	0.38547	0.26611	0.498788509511948	1.000000000000000	0.384433593750000	0
35000		0.46065	0.52738	0.38492	0.26602	0.498788509511948	1.000000000000000	0.384433593750000	0
35500		0.46100	0.52755	0.38523	0.26608	0.498788509511948	1.000000000000000	0.384433593750000	0
36000		0.46094	0.52728	0.38565	0.26594	0.498788509511948	1.000000000000000	0.384433593750000	0
36500		0.46085	0.52761	0.38600	0.26621	0.498788509511948	1.000000000000000	0.384433593750000	0
37000		0.46064	0.52742	0.38655	0.26630	0.498788509511948	1.000000000000000	0.384433593750000	0
37500		0.46059	0.52777	0.38600	0.26640	0.498788509511948	1.000000000000000	0.384433593750000	0
38000		0.46069	0.52770	0.38615	0.26630	0.498788509511948	1.000000000000000	0.384433593750000	0
38500		0.46168	0.52800	0.38635	0.26640	0.498788509511948	1.000000000000000	0.384433593750000	0
39000		0.46130	0.52764	0.38635	0.26643	0.498788509511948	1.000000000000000	0.384433593750000	0
39500		0.46124	0.52814	0.38717	0.26657	0.498788509511948	1.000000000000000	0.384433593750000	0
40000		0.46142	0.52879	0.38786	0.26666	0.498788509511948	1.000000000000000	0.384433593750000	0
40500		0.46113	0.52837	0.38808	0.26659	0.498788509511948	1.000000000000000	0.384433593750000	0
41000		0.46207	0.52887	0.38825	0.26654	0.498788509511948	1.000000000000000	0.384433593750000	0
41500		0.46242	0.52875	0.38768	0.26631	0.498788509511948	1.000000000000000	0.384433593750000	0
42000		0.46203	0.52871	0.38819	0.26641	0.498788509511948	1.000000000000000	0.384433593750000	0
42500		0.46213	0.52914	0.38884	0.26642	0.498788509511948	1.000000000000000	0.384433593750000	0
43000		0.46274	0.52950	0.38857	0.26651	0.498788509511948	1.000000000000000	0.384433593750000	0
43500		0.46333	0.52932	0.38869	0.26653	0.498788509511948	1.000000000000000	0.384433593750000	0
44000		0.46340	0.52933	0.38980	0.26663	0.498788509511948	1.000000000000000	0.384433593750000	0
44500		0.46315	0.52887	0.38993	0.26675	0.498788509511948	1.000000000000000	0.384433593750000	0
45000		0.46351	0.52838	0.39017	0.26682	0.498788509511948	1.000000000000000	0.384433593750000	0
45500		0.46309	0.52797	0.38993	0.26672	0.498788509511948	1.000000000000000	0.384433593750000	0
46000		0.46366	0.52754	0.38998	0.26665	0.498788509511948	1.000000000000000	0.384433593750000	0
46500		0.46378	0.52763	0.39029	0.26695	0.498788509511948	1.000000000000000	0.384433593750000	0
47000		0.46408	0.52747	0.39061	0.26699	0.498788509511948	1.000000000000000	0.384433593750000	0
47500		0.46384	0.52699	0.39037	0.26689	0.498788509511948	1.000000000000000	0.384433593750000	0
48000		0.46368	0.52773	0.38991	0.26689	0.498788509511948	1.000000000000000	0.384433593750000	0
48500		0.46405	0.52725	0.38864	0.26691	0.498788509511948	1.000000000000000	0.384433593750000	0
49000		0.46392	0.52737	0.38879	0.26683	0.498788509511948	1.000000000000000	0.384433593750000	0
49500		0.46441	0.52743	0.38809	0.26691	0.498788509511948	1.000000000000000	0.384433593750000	0
50000		0.46405	0.52777	0.38842	0.26685	0.498788509511948	1.000000000000000	0.384433593750000	0
50500		0.46395	0.52727	0.38878	0.26675	0.498788509511948	1.000000000000000	0.384433593750000	0
51000		0.46383	0.52663	0.38888	0.26682	0.498788509511948	1.000000000000000	0.384433593750000	0
51500		0.46410	0.52644	0.38919	0.26692	0.498788509511948	1.000000000000000	0.384433593750000	0
52000		0.46390	0.52634	0.38933	0.26688	0.498788509511948	1.000000000000000	0.384433593750000	0
52500		0.46438	0.52624	0.38952	0.26702	0.498788509511948	1.000000000000000	0.384433593750000	0
53000		0.46398	0.52633	0.38882	0.26692	0.498788509511948	1.000000000000000	0.384433593750000	0
53500		0.46419	0.52638	0.38863	0.26679	0.498788509511948	1.000000000000000	0.384433593750000	0
54000		0.46389	0.52670	0.38913	0.26693	0.498788509511948	1.000000000000000	0.384433593750000	0
54500		0.46393	0.52685	0.38956	0.26692	0.498788509511948	1.000000000000000	0.384433593750000	0
55000		0.46373	0.52691	0.38968	0.26693	0.498788509511948	1.000000000000000	0.384433593750000	0
55500		0.46353	0.52694	0.39014	0.26694	0.498788509511948	1.000000000000000	0.384433593750000	0
56000		0.46354	0.52731	0.39025	0.26705	0.498788509511948	1.000000000000000	0.384433593750000	0
56500		0.46404	0.52754	0.38994	0.26708	0.498788509511948	1.000000000000000	0.384433593750000	0
57000		0.46361	0.52763	0.39036	0.26723	0.498788509511948	1.000000000000000	0.384433593750000	0
57500		0.46368	0.52770	0.39064	0.26720	0.498788509511948	1.000000000000000	0.384433593750000	0
58000		0.46398	0.52747	0.38948	0.26706	0.498788509511948	1.000000000000000	0.384433593750000	0
58500		0.46421	0.52735	0.39004	0.26720	0.498788509511948	1.000000000000000	0.384433593750000	0
59000		0.46443	0.52779	0.39011	0.26702	0.498788509511948	1.000000000000000	0.384433593750000	0
59500		0.46398	0.52765	0.39067	0.26724	0.498788509511948	1.000000000000000	0.384433593750000	0
60000		0.46388	0.52749	0.39029	0.26729	0.498788509511948	1.000000000000000	0.384433593750000	0
60500		0.46372	0.52727	0.39055	0.26736	0.498788509511948	1.000000000000000	0.384433593750000	0
61000		0.46376	0.52756	0.38981	0.26717	0.498788509511948	1.000000000000000	0.384433593750000	0
61500		0.46365	0.52725	0.38949	0.26711	0.498788509511948	1.000000000000000	0.384433593750000	0
62000		0.46355	0.52720	0.38927	0.26737	0.498788509511948	1.000000000000000	0.384433593750000	0
62500		0.46323	0.52746	0.38940	0.26730	0.498788509511948	1.000000000000000	0.384433593750000	0
63000		0.46333	0.52748	0.38913	0.26719	0.498788509511948	1.000000000000000	0.384433593750000	0
63500		0.46379	0.52760	0.38897	0.26737	0.498788509511948	1.000000000000000	0.384433593750000	0
64000		0.46422	0.52753	0.38844	0.26735	0.498788509511948	1.000000000000000	0.384433593750000	0
64500		0.46417	0.52768	0.38820	0.26737	0.498788509511948	1.000000000000000	0.384433593750000	0
65000		0.46415	0.52750	0.38856	0.26728	0.498788509511948	1.000000000000000	0.384433593750000	0
65500		0.46393	0.52772	0.38856	0.26714	0.498788509511948	1.000000000000000	0.384433593750000	0
66000		0.46375	0.52760	0.38865	0.26716	0.498788509511948	1.000000000000000	0.384433593750000	0
66500		0.46393	0.52775	0.38861	0.26717	0.498788509511948	1.000000000000000	0.384433593750000	0
67000		0.46349	0.52720	0.38906	0.26732	0.498788509511948	1.000000000000000	0.384433593750000	0
67500		0.46356	0.52717	0.38902	0.26738	0.498788509511948	1.000000000000000	0.384433593750000	0
68000		0.46317	0.52711	0.38932	0.26731	0.498788509511948	1.000000000000000	0.384433593750000	0
68500		0.46303	0.52673	0.38902	0.26725	0.498788509511948	1.000000000000000	0.384433593750000	0
69000		0.46285	0.52681	0.38921	0.26723	0.498788509511948	1.000000000000000	0.384433593750000	0
69500		0.46273	0.52658	0.38923	0.26725	0.498788509511948	1.000000000000000	0.384433593750000	0
70000		0.46282	0.52668	0.38924	0.26735	0.498788509511948	1.000000000000000	0.384433593750000	0
70500		0.46307	0.52644	0.38959	0.26734	0.498788509511948	1.000000000000000	0.384433593750000	0
71000		0.46312	0.52652	0.38937	0.26739	0.498788509511948	1.000000000000000	0.384433593750000	0
71500		0.46313	0.52648	0.38924	0.26736	0.498788509511948	1.000000000000000	0.384433593750000	0
72000		0.46325	0.52649	0.38953	0.26732	0.498788509511948	1.000000000000000	0.384433593750000	0
72500		0.46379	0.52662	0.38960	0.26731	0.498788509511948	1.000000000000000	0.384433593750000	0
73000		0.46370	0.52648	0.38942	0.26712	0.498788509511948	1.000000000000000	0.384433593750000	0
73500		0.46367	0.52643	0.38919	0.26697	0.498788509511948	1.000000000000000	0.384433593750000	0
74000		0.46361	0.52656	0.38904	0.26690	0.498788509511948	1.000000000000000	0.384433593750000	0
74500		0.46377	0.52649	0.38903	0.26681	0.498788509511948	1.000000000000000	0.384433593750000	0
75000		0.46391	0.52622	0.38878	0.26679	0.498788509511948	1.000000000000000	0.384433593750000	0
75500		0.46420	0.52619	0.38907	0.26678	0.498788509511948	1.000000000000000	0.384433593750000	0
76000		0.46447	0.52614	0.38913	0.26681	0.498788509511948	1.000000000000000	0.384433593750000	0
76500		0.46448	0.52615	0.38929	0.26678	0.498788509511948	1.000000000000000	0.384433593750000	0
77000		0.46448	0.52603	0.38943	0.26685	0.498788509511948	1.000000000000000	0.384433593750000	0
77500		0.46434	0.52608	0.38901	0.26676	0.498788509511948	1.000000000000000	0.384433593750000	0
78000		0.46441	0.52631	0.38864	0.26667	0.498788509511948	1.000000000000000	0.384433593750000	0
78500		0.46419	0.52601	0.38850	0.26669	0.498788509511948	1.000000000000000	0.384433593750000	0
79000		0.46425	0.52628	0.38813	0.26665	0.498788509511948	1.000000000000000	0.384433593750000	0
79500		0.46412	0.52626	0.38801	0.26652	0.498788509511948	1.000000000000000	0.384433593750000	0
80000		0.46399	0.52628	0.38787	0.26639	0.498788509511948	1.000000000000000	0.384433593750000	0
80500		0.46377	0.52617	0.38775	0.26635	0.498788509511948	1.000000000000000	0.384433593750000	0
81000		0.46373	0.52589	0.38757	0.26627	0.498788509511948	1.000000000000000	0.384433593750000	0
81500		0.46365	0.52594	0.38779	0.26637	0.498788509511948	1.000000000000000	0.384433593750000	0
82000		0.46386	0.52601	0.38795	0.26628	0.498788509511948	1.000000000000000	0.384433593750000	0
82500		0.46392	0.52590	0.38747	0.26629	0.498788509511948	1.000000000000000	0.384433593750000	0
83000		0.46377	0.52608	0.38731	0.26626	0.498788509511948	1.000000000000000	0.384433593750000	0
83500		0.46389	0.52593	0.38723	0.26619	0.498788509511948	1.000000000000000	0.384433593750000	0
84000		0.46393	0.52590	0.38692	0.26612	0.498788509511948	1.000000000000000	0.384433593750000	0
84500		0.46409	0.52592	0.38704	0.26615	0.498788509511948	1.000000000000000	0.384433593750000	0
85000		0.46416	0.52585	0.38701	0.26633	0.498788509511948	1.000000000000000	0.384433593750000	0
85500		0.46428	0.52595	0.38694	0.26632	0.498788509511948	1.000000000000000	0.384433593750000	0
86000		0.46437	0.52588	0.38718	0.26626	0.498788509511948	1.000000000000000	0.384433593750000	0
86500		0.46450	0.52585	0.38759	0.26630	0.498788509511948	1.000000000000000	0.384433593750000	0
87000		0.46494	0.52583	0.38730	0.26635	0.498788509511948	1.000000000000000	0.384433593750000	0
87500		0.46501	0.52584	0.38728	0.26644	0.498788509511948	1.000000000000000	0.384433593750000	0
88000		0.46515	0.52584	0.38725	0.26648	0.498788509511948	1.000000000000000	0.384433593750000	0
88500		0.46541	0.52583	0.38711	0.26644	0.498788509511948	1.000000000000000	0.384433593750000	0
89000		0.46546	0.52596	0.38682	0.26642	0.498788509511948	1.000000000000000	0.384433593750000	0
89500		0.46530	0.52609	0.38722	0.26659	0.498788509511948	1.000000000000000	0.384433593750000	0
90000		0.46533	0.52620	0.38719	0.26658	0.498788509511948	1.000000000000000	0.384433593750000	0
90500		0.46536	0.52629	0.38705	0.26660	0.498788509511948	1.000000000000000	0.384433593750000	0
91000		0.46549	0.52639	0.38710	0.26643	0.498788509511948	1.000000000000000	0.384433593750000	0
91500		0.46552	0.52653	0.38698	0.26638	0.498788509511948	1.000000000000000	0.384433593750000	0
92000		0.46537	0.52647	0.38675	0.26633	0.498788509511948	1.000000000000000	0.384433593750000	0
92500		0.46533	0.52666	0.38678	0.26643	0.498788509511948	1.000000000000000	0.384433593750000	0
93000		0.46514	0.52687	0.38688	0.26636	0.498788509511948	1.000000000000000	0.384433593750000	0
93500		0.46527	0.52678	0.38669	0.26646	0.498788509511948	1.000000000000000	0.384433593750000	0
94000		0.46513	0.52664	0.38683	0.26647	0.498788509511948	1.000000000000000	0.384433593750000	0
94500		0.46519	0.52630	0.38676	0.26644	0.498788509511948	1.000000000000000	0.384433593750000	0
95000		0.46508	0.52663	0.38643	0.26638	0.498788509511948	1.000000000000000	0.384433593750000	0
95500		0.46499	0.52639	0.38625	0.26638	0.498788509511948	1.000000000000000	0.384433593750000	0
96000		0.46506	0.52635	0.38627	0.26633	0.498788509511948	1.000000000000000	0.384433593750000	0
96500		0.46515	0.52627	0.38629	0.26638	0.498788509511948	1.000000000000000	0.384433593750000	0
97000		0.46511	0.52607	0.38642	0.26638	0.498788509511948	1.000000000000000	0.384433593750000	0
97500		0.46540	0.52613	0.38627	0.26632	0.498788509511948	1.000000000000000	0.384433593750000	0
98000		0.46553	0.52592	0.38616	0.26637	0.498788509511948	1.000000000000000	0.384433593750000	0
98500		0.46552	0.52606	0.38613	0.26632	0.498788509511948	1.000000000000000	0.384433593750000	0
99000		0.46559	0.52622	0.38597	0.26634	0.498788509511948	1.000000000000000	0.384433593750000	0
99500		0.46561	0.52624	0.38608	0.26637	0.498788509511948	1.000000000000000	0.384433593750000	0
100000		0.46554	0.52628	0.38624	0.26634	0.498788509511948	1.000000000000000	0.384433593750000	0