step	post	like	prior	mu1	mu2	gamma	pi	Tinf_1	Tinf_2	Tinf_3	Tinf_4	Tinf_5	Tinf_6	Tinf_7	Tinf_8	Tinf_9	Tinf_10	Tinf_11	Tinf_12	Tinf_13	Tinf_14	Tinf_15	Tinf_16	Tinf_17	Tinf_18	Tinf_19	Tinf_20	Tinf_21	Tinf_22	Tinf_23	Tinf_24	Tinf_25	Tinf_26	Tinf_27	Tinf_28	Tinf_29	Tinf_30	Tinf_31	alpha_1	alpha_2	alpha_3	alpha_4	alpha_5	alpha_6	alpha_7	alpha_8	alpha_9	alpha_10	alpha_11	alpha_12	alpha_13	alpha_14	alpha_15	alpha_16	alpha_17	alpha_18	alpha_19	alpha_20	alpha_21	alpha_22	alpha_23	alpha_24	alpha_25	alpha_26	alpha_27	alpha_28	alpha_29	alpha_30	alpha_31	kappa_1	kappa_2	kappa_3	kappa_4	kappa_5	kappa_6	kappa_7	kappa_8	kappa_9	kappa_10	kappa_11	kappa_12	kappa_13	kappa_14	kappa_15	kappa_16	kappa_17	kappa_18	kappa_19	kappa_20	kappa_21	kappa_22	kappa_23	kappa_24	kappa_25	kappa_26	kappa_27	kappa_28	kappa_29	kappa_30	kappa_31
1	-2669.463633976863093	-2668.001551892344196	-1.462082084518882	0.000010000000000	0.000010000000000	1.000000000000000	0.102382991936903	0	1	2	3	3	4	3	4	3	5	6	5	6	7	8	8	9	11	10	13	11	12	14	15	16	17	16	16	19	19	22	0	1	1	1	1	1	1	1	1	1	1	1	1	1	1	1	1	1	1	1	1	1	1	1	1	1	1	1	1	1	1	1	1	1	2	2	2	2	2	2	3	3	3	3	4	4	4	5	6	5	7	6	6	7	8	8	9	8	8	10	10	11
500	-305.241809080042060	-302.741893406959548	-2.499915673082494	0.000009979115591	0.000037513253197	3.759176137102647	0.164183382476679	1	0	1	3	3	2	4	3	4	6	7	5	7	7	8	8	9	10	10	13	12	11	15	12	16	17	16	17	20	18	23	0	0	2	1	2	2	2	3	3	1	1	8	8	12	7	13	8	15	17	6	13	17	6	0	11	24	24	24	24	25	30	1	1	1	1	2	1	2	1	2	4	3	1	3	2	2	1	2	1	1	6	4	1	7	1	5	3	3	2	7	2	3
1000	-277.905917050369851	-275.828918126525878	-2.076998923843989	0.000010001576797	0.000025438011115	2.543400069045016	0.604027153390174	1	0	2	3	4	5	2	4	3	5	4	6	7	8	8	8	8	11	11	12	11	11	14	14	15	16	16	16	20	19	23	0	0	2	1	7	2	2	3	3	1	4	8	8	12	12	12	8	15	12	6	12	17	20	0	11	24	24	24	28	25	30	1	1	1	1	1	2	1	1	1	2	1	1	2	2	2	2	2	2	2	2	2	2	1	1	5	1	1	1	2	3	2
1500	-254.474289863021795	-252.312648914154209	-2.161640948867582	0.000010061816979	0.000027887699681	2.771636548325142	0.526775316397581	1	1	3	4	4	5	3	4	4	6	6	5	6	7	7	7	10	12	10	13	12	12	15	15	15	18	16	17	20	18	23	0	0	2	1	2	2	2	3	3	1	4	8	8	12	12	13	13	15	8	6	17	17	20	0	10	24	24	24	27	25	30	1	1	1	2	2	2	1	1	1	2	1	1	1	1	1	1	2	2	3	4	1	1	2	1	2	2	1	1	2	2	3
2000	-237.633873160779018	-235.839654899251741	-1.794218261527285	0.000010074955344	0.000018380867201	1.824411778932477	0.680230532529197	1	1	3	3	3	5	3	4	4	4	6	5	6	7	8	8	9	12	11	12	11	12	14	14	17	18	15	16	17	20	22	0	0	2	1	2	2	2	3	3	1	1	8	8	12	12	13	13	15	17	6	17	16	20	0	11	24	24	24	27	25	30	1	1	1	2	1	2	1	1	1	1	3	1	1	1	1	1	2	2	1	3	1	2	1	1	3	3	1	1	1	1	1
2500	-194.266177990600454	-192.096462502638531	-2.169715487961929	0.000009946148316	0.000027787288013	2.793773743411121	0.701240444790166	0	0	2	3	3	5	3	3	4	5	6	5	6	7	8	8	9	10	10	11	10	12	13	14	17	17	17	16	19	19	22	0	0	2	1	2	7	2	3	3	1	10	8	8	12	13	8	8	15	13	6	12	17	20	0	24	24	24	24	27	25	25	1	1	1	2	1	1	1	1	1	2	1	1	2	1	1	2	2	1	2	3	2	2	1	1	1	1	2	1	2	1	1
3000	-190.246089398152151	-188.691417861352704	-1.554671536799458	0.000009936838868	0.000012330147470	1.240852109443297	0.652750058736937	1	1	2	3	4	4	3	5	3	5	7	6	6	7	8	8	10	12	10	11	12	13	15	15	16	17	16	17	20	20	23	0	0	2	1	2	7	2	3	3	4	1	8	8	12	12	8	13	15	13	6	12	16	20	0	24	24	24	24	27	25	30	1	1	1	1	2	1	1	2	1	1	4	1	1	1	1	1	2	2	2	2	3	3	2	1	1	2	1	1	3	2	1
3500	-185.475010520130212	-183.982581066124027	-1.492429454006191	0.000009846364707	0.000010653448893	1.081967732221165	0.676802693718307	-1	0	2	3	3	4	2	4	4	5	6	6	6	8	9	8	9	11	10	13	11	12	14	14	16	17	16	17	19	20	22	0	0	2	1	2	7	2	3	3	1	1	8	8	12	12	8	8	15	16	6	17	16	20	0	24	24	24	24	27	25	30	1	1	2	2	1	1	1	1	1	2	3	1	1	1	1	2	2	2	1	3	1	1	1	1	1	2	2	1	1	2	1
4000	-185.528856575837892	-183.864027698777420	-1.664828877060467	0.000009795359136	0.000014791948443	1.510097612261134	0.728410384237242	0	1	2	2	3	5	3	4	4	5	7	5	6	6	6	9	8	11	9	12	9	12	15	14	16	18	17	16	20	19	22	0	0	2	1	2	7	2	3	3	1	10	8	8	12	12	13	13	15	17	6	12	16	20	0	24	24	24	24	27	25	30	1	1	1	1	1	2	1	1	1	3	1	1	1	1	1	2	1	2	1	3	2	2	2	1	1	2	2	1	2	1	2
4500	-197.441181676955381	-195.258411392545810	-2.182770284409584	0.000010271903162	0.000029066436165	2.829703094528555	0.649875131063013	-1	1	2	3	4	4	3	4	3	5	5	5	6	8	9	8	8	11	11	12	9	11	14	13	17	17	15	15	19	20	23	0	0	2	1	3	2	2	3	3	1	1	8	8	12	12	8	8	15	16	6	17	16	20	0	24	24	24	24	27	25	30	1	1	1	2	1	3	1	1	1	2	2	1	1	2	2	2	2	1	2	3	1	2	1	1	2	2	2	1	2	2	1
5000	-190.713890272279457	-189.025801555319134	-1.688088716960316	0.000012330242250	0.000019313993604	1.566392063721548	0.713548485641564	-1	1	2	3	4	4	3	3	3	3	6	6	4	7	8	8	10	12	10	13	11	13	15	14	15	16	15	16	19	19	22	0	0	2	1	2	2	2	3	3	1	1	8	8	12	12	12	13	15	16	6	17	16	20	0	24	24	24	24	27	25	30	1	1	1	2	1	1	1	1	1	2	2	2	1	1	2	1	2	2	1	3	1	2	1	1	1	1	1	1	3	2	2
5500	-156.945814889987645	-155.582007038133241	-1.363807851854403	0.000018545633998	0.000009595571208	0.517403244837707	0.773767713427170	1	1	2	3	3	5	3	4	3	6	7	6	6	7	9	9	8	11	10	13	10	11	14	14	16	17	17	16	19	19	22	0	0	2	1	2	7	2	3	3	4	1	8	8	12	17	13	8	15	17	6	12	16	20	0	24	24	24	24	27	25	30	1	1	1	1	1	1	1	1	1	2	2	1	1	1	1	1	2	1	1	4	2	1	1	1	1	1	1	1	1	2	1
6000	-165.162562337074007	-163.719644252200482	-1.442918084873522	0.000021354463877	0.000020191012928	0.945517201662449	0.726614539779670	1	1	2	3	3	5	4	4	4	6	5	6	7	7	7	8	9	12	11	13	11	12	14	14	16	17	16	15	19	19	22	0	0	2	1	2	2	2	3	3	4	1	8	8	8	12	13	8	15	17	6	12	16	20	0	24	24	24	24	27	25	30	1	1	1	1	1	2	1	1	1	2	2	1	2	1	1	1	2	3	1	4	2	2	1	1	1	2	1	1	1	1	1
6500	-141.643891587255013	-140.272524237870954	-1.371367349384063	0.000040147901254	0.000019079682467	0.475234865859759	0.680792668598985	1	1	2	3	4	4	3	4	3	5	7	5	6	7	9	8	8	11	10	12	11	12	14	15	16	17	16	17	18	17	22	0	0	2	1	7	2	2	3	3	4	10	8	8	12	12	13	13	15	13	6	12	19	20	0	24	24	24	24	27	25	30	1	1	1	1	1	2	1	1	1	1	1	1	1	1	2	1	1	1	2	3	2	1	1	1	1	1	1	1	1	1	2
7000	-184.741331780192411	-183.260837466189543	-1.480494314002869	0.000053261236577	0.000016464372574	0.309124865140958	0.513348924025828	-1	0	2	3	3	3	1	4	4	5	6	6	6	8	9	7	7	11	10	13	12	11	15	14	17	16	16	15	20	19	21	0	0	2	1	2	2	2	3	3	1	1	9	8	12	12	3	3	15	17	7	14	17	20	0	24	24	24	24	27	25	30	1	1	1	3	1	1	1	1	1	4	4	1	1	1	1	1	3	1	2	7	2	2	1	1	1	1	1	1	3	1	1
7500	-170.211502777891155	-168.592946432756747	-1.618556345134406	0.000072878739668	0.000016926199101	0.232251534240273	0.714876717764997	0	-2	2	3	2	4	1	4	3	5	7	5	6	7	9	9	8	11	10	13	10	13	15	12	17	17	16	16	19	19	22	0	0	2	1	2	2	2	3	3	1	10	3	8	12	12	8	13	15	17	6	12	16	20	0	28	24	24	24	27	25	30	1	1	2	1	2	3	1	1	1	2	1	2	1	2	2	3	1	2	1	4	2	2	1	1	1	2	2	2	2	1	2
8000	-160.362618325897870	-158.977924422400434	-1.384693903497433	0.000072060244532	0.000031247230307	0.433626481695192	0.585454756282039	0	1	2	3	4	5	3	4	3	5	6	5	6	7	8	9	9	10	10	12	10	13	14	13	15	18	16	17	19	20	22	0	0	2	1	2	7	2	3	3	1	1	5	8	12	12	5	5	15	13	6	14	17	20	0	24	24	24	24	28	25	30	1	1	1	1	2	1	1	1	1	3	2	1	1	1	2	2	3	1	2	3	2	2	1	1	1	2	2	2	1	2	1
8500	-164.520746003445765	-162.518989368544936	-2.001756634900825	0.000098845552121	0.000013678480960	0.138382361845694	0.625874436552470	1	1	2	3	3	5	4	4	4	6	6	5	5	7	8	7	7	10	10	13	11	12	15	14	16	18	17	17	16	18	22	0	0	2	1	2	7	2	3	3	1	1	8	8	12	12	13	13	15	17	6	12	16	20	0	24	24	29	24	24	25	30	1	1	1	2	1	1	2	1	1	3	3	1	1	1	1	1	1	1	2	4	4	2	1	1	1	2	1	2	1	2	2
9000	-151.595787769968325	-149.903034002312438	-1.692753767655885	0.000070962252504	0.000014602471376	0.205778013817882	0.886177254886164	1	1	2	3	3	5	3	4	3	5	6	5	6	7	9	8	8	11	9	14	11	13	15	15	17	17	17	17	16	19	21	0	0	2	1	2	7	2	3	3	1	10	8	8	12	12	8	13	15	8	6	12	21	20	0	24	24	29	24	24	25	30	1	1	1	1	1	1	1	1	1	1	1	1	2	1	1	2	1	1	2	4	2	1	1	1	1	1	1	1	1	1	1
9500	-162.687091584493572	-161.259307191671013	-1.427784392822560	0.000077597945357	0.000027983882033	0.360626584950451	0.654623386899010	0	0	2	3	2	5	4	4	3	6	6	5	6	6	7	8	9	11	10	12	11	12	14	14	16	18	17	16	16	19	22	0	0	2	1	2	7	2	3	3	1	1	8	8	8	12	13	13	15	16	6	12	21	20	0	24	24	29	24	24	25	30	1	1	1	1	1	1	2	1	1	2	2	1	1	1	2	1	2	3	1	3	2	1	1	1	1	2	1	2	1	2	1
10000	-179.371418567189522	-178.001194756172453	-1.370223811017072	0.000086402697958	0.000041479651396	0.480073566868761	0.747984690156382	0	1	2	3	3	4	3	3	4	4	6	5	6	7	7	9	9	12	10	12	8	12	15	15	16	16	17	16	16	20	23	0	0	2	1	2	2	2	3	3	1	10	6	8	12	12	13	14	15	12	3	12	8	20	0	24	24	29	24	24	25	30	1	1	1	2	1	1	1	1	1	2	1	1	1	1	1	1	1	2	3	4	1	4	1	1	1	1	1	1	1	1	2
10500	-172.846217222056310	-171.211597528311046	-1.634619693745267	0.000083053273479	0.000018765182942	0.225941521096689	0.653229997333596	1	1	2	4	3	5	3	5	4	6	6	5	6	8	9	9	9	11	10	12	9	12	15	15	16	18	17	17	16	18	22	0	0	2	1	2	7	2	3	3	1	1	3	8	12	12	9	8	15	13	6	13	8	20	0	24	24	29	24	24	25	30	1	1	1	2	1	2	1	2	2	3	2	1	1	2	2	3	2	1	1	3	2	3	2	1	1	2	1	1	1	1	2
11000	-163.379300118796806	-161.654746843212223	-1.724553275584588	0.000099661280080	0.000019553402779	0.196198591505032	0.694489979679694	0	0	2	4	3	4	1	4	4	5	7	5	6	6	7	8	9	12	11	13	11	12	15	14	16	18	17	16	16	19	22	0	0	2	1	2	2	2	3	3	1	1	8	8	12	12	13	8	15	17	6	12	16	20	0	24	27	29	24	24	25	30	1	1	1	2	1	1	1	1	1	3	2	1	1	1	2	1	2	2	1	4	2	2	1	1	1	1	1	1	1	2	1
11500	-157.625882987723429	-156.095934915125554	-1.529948072597865	0.000067233601370	0.000018517231131	0.275416320914325	0.514063098528263	1	0	2	3	3	4	2	4	4	4	6	5	6	7	9	8	10	11	9	10	10	12	14	14	16	17	17	16	16	20	22	0	0	2	1	7	7	2	3	3	1	1	8	8	12	12	13	13	15	13	6	12	16	20	0	24	24	29	24	24	25	30	1	1	1	1	1	1	1	1	1	2	2	1	1	1	2	1	2	2	2	3	2	2	2	1	1	2	1	1	1	1	1
12000	-150.197626596399374	-148.713298401235335	-1.484328195164039	0.000089898730804	0.000027521153409	0.306135060674204	0.786036880303679	-1	1	2	2	3	5	3	3	3	5	6	6	6	8	9	9	8	11	10	14	9	13	15	15	17	18	17	16	19	19	22	0	0	2	1	2	7	2	3	3	4	4	8	8	12	13	17	12	15	21	21	12	16	20	0	24	24	24	24	27	25	30	1	1	1	1	1	1	1	1	1	1	2	1	2	1	2	1	1	1	1	2	2	2	1	1	1	2	1	1	1	1	1
12500	-163.842516052387793	-162.364668793414324	-1.477847258973455	0.000060375263901	0.000018790866766	0.311234528052762	0.795824105712169	-1	1	2	3	3	4	4	4	4	5	6	6	5	7	8	9	9	11	11	12	10	11	15	14	16	16	17	16	19	20	23	0	0	2	1	2	2	2	3	3	4	10	3	3	13	13	8	13	15	16	6	12	16	20	0	24	24	24	24	27	25	30	1	1	1	2	1	1	1	2	1	1	1	1	2	1	2	2	2	1	1	3	2	1	1	1	1	1	2	2	1	1	1
13000	-164.967192239046767	-163.561287883497329	-1.405904355549425	0.000056589486990	0.000022154091943	0.391487767799239	0.627208315653044	-1	1	2	3	4	4	3	4	4	5	6	6	6	7	9	8	9	12	10	13	12	11	15	15	16	17	17	17	16	19	22	0	0	2	1	7	2	2	3	3	1	1	8	8	12	14	13	8	15	12	6	16	17	20	0	24	24	29	24	24	25	30	1	1	1	2	1	1	1	1	1	3	2	1	1	1	1	1	3	2	2	6	2	1	1	1	1	1	1	1	1	1	2
13500	-187.179235896264146	-185.608759157823840	-1.570476738440307	0.000078041838142	0.000019793194388	0.253622862546380	0.579106466797766	0	-1	2	4	3	5	3	4	3	4	6	6	6	8	9	8	9	11	10	13	10	11	14	12	17	16	17	17	19	17	21	0	0	2	1	2	7	2	5	3	1	10	5	8	12	14	13	13	15	13	21	12	21	21	0	24	24	24	24	28	26	30	1	1	2	2	2	1	2	1	1	2	1	2	2	2	1	1	2	1	2	2	2	1	2	1	2	2	3	2	1	1	2
14000	-174.387764395487949	-172.632095852592812	-1.755668542895140	0.000140591583259	0.000026378910193	0.187627947434263	0.649581427042110	0	1	2	4	4	4	2	4	4	5	6	5	6	7	8	7	9	11	10	12	8	10	14	15	16	17	16	16	18	19	22	0	0	2	1	2	7	2	3	3	1	1	6	8	12	12	3	6	15	17	5	14	13	17	0	24	24	24	24	27	26	30	1	1	1	3	2	1	1	1	1	2	3	1	2	1	2	3	2	1	1	5	1	2	2	1	1	1	1	1	1	1	1
14500	-157.642448756023811	-156.110694496470188	-1.531754259553624	0.000057156527467	0.000015681009442	0.274352031816464	0.797432248552617	1	1	2	3	3	5	3	5	4	4	6	6	6	7	8	8	10	10	9	12	10	12	15	15	17	17	17	16	19	18	20	0	0	2	1	2	7	2	7	3	1	4	8	8	8	14	8	13	15	13	6	12	17	20	0	24	24	24	24	27	25	25	1	1	1	1	1	1	1	1	1	1	1	1	1	1	1	1	2	1	1	4	2	2	1	1	1	1	1	1	2	1	1
15000	-163.017105334183725	-161.578692262899295	-1.438413071284433	0.000104651957216	0.000036443298720	0.348233322044884	0.791382858939226	-1	0	2	1	4	4	2	5	4	5	6	6	6	8	8	7	9	12	9	12	10	13	15	15	17	18	17	16	17	18	22	0	0	2	1	7	7	2	7	3	4	4	3	8	12	12	8	13	15	16	6	14	16	20	0	24	28	24	24	24	25	30	1	1	2	1	1	1	1	1	1	2	3	2	1	1	1	1	1	2	1	4	1	3	1	1	1	1	1	1	1	1	2
15500	-160.705806528496765	-159.045233484854947	-1.660573043641824	0.000097938348474	0.000021200196757	0.216464715688349	0.667803045822577	0	1	2	3	3	4	3	4	3	5	6	5	6	6	9	9	8	11	10	13	9	12	14	14	16	18	16	15	19	20	22	0	0	2	1	2	3	2	3	3	1	4	8	8	12	12	13	9	15	13	17	12	16	6	0	24	24	24	24	27	25	30	1	1	1	2	1	1	1	1	1	2	2	1	1	1	2	1	2	2	2	2	2	2	4	1	2	2	1	1	1	2	1
16000	-153.227559799011743	-151.360166980041555	-1.867392818970190	0.000104163555702	0.000016865803724	0.161916551428777	0.700132396044358	0	1	2	2	3	5	3	4	3	6	6	5	6	7	9	8	9	11	10	11	10	12	14	15	16	16	17	17	19	18	22	0	0	2	1	2	2	2	3	3	4	1	8	8	12	6	8	13	21	13	6	12	16	20	0	24	24	24	26	27	25	30	1	1	1	1	1	2	1	1	1	2	2	1	1	1	2	2	2	1	1	3	2	2	2	1	1	1	1	1	1	1	2
16500	-158.727480743750931	-157.277924956246039	-1.449555787504902	0.000073005609514	0.000024568863942	0.336533919862594	0.751914589225526	0	1	3	4	2	4	3	5	4	4	6	6	7	7	9	8	10	12	11	13	11	12	15	15	16	17	17	16	19	18	23	0	0	2	1	2	2	2	3	3	1	1	8	8	12	12	8	13	15	17	5	12	17	20	0	24	24	24	24	27	25	30	1	1	1	2	1	1	1	1	1	2	3	1	1	1	1	1	2	2	1	4	1	1	1	1	1	1	1	1	1	1	2
17000	-175.253586498638640	-173.541638397949214	-1.711948100689415	0.000163715837176	0.000032725060175	0.199889398239568	0.796834211528657	1	1	3	3	3	5	3	4	4	5	5	6	6	7	8	8	10	12	11	13	11	11	14	15	17	17	17	17	19	20	22	0	0	2	1	2	3	2	2	2	1	1	8	8	8	7	13	2	15	13	21	15	16	20	0	24	24	24	24	27	25	30	1	1	2	1	1	1	1	1	1	2	2	1	2	2	3	2	2	2	2	1	2	1	1	1	1	1	1	1	1	1	1
17500	-151.380532137161367	-149.821067546922592	-1.559464590238776	0.000098234292487	0.000025457065665	0.259146424542418	0.830793136005988	1	1	2	4	3	4	3	4	4	5	5	5	5	7	7	8	8	11	9	11	10	12	14	14	17	16	16	16	19	19	23	0	0	2	1	2	2	2	3	3	4	4	8	6	12	12	8	13	15	17	6	12	16	20	0	26	24	24	24	27	25	30	1	1	1	1	1	2	1	1	1	1	1	1	1	1	1	2	2	2	1	3	2	1	2	1	1	1	1	1	1	1	2
18000	-166.054804246313353	-164.546463970141730	-1.508340276171614	0.000080567056097	0.000023281224020	0.288967043701495	0.624147083269049	0	1	2	3	4	4	2	4	4	5	5	5	7	8	8	8	9	12	11	13	10	11	13	14	16	17	16	17	20	18	21	0	0	2	1	7	2	2	3	3	1	1	8	8	12	13	8	2	15	21	6	14	8	6	0	24	24	24	24	27	25	30	1	1	1	2	1	2	1	1	1	2	2	1	2	1	1	2	4	2	1	4	1	3	3	1	1	2	1	2	2	1	1
18500	-164.130349626394548	-162.567613996097208	-1.562735630297340	0.000095730917195	0.000024648562733	0.257477557467469	0.541369209474176	0	0	2	3	3	5	3	4	3	4	5	5	6	6	8	7	8	11	10	13	12	11	13	15	17	17	17	16	20	19	22	0	0	2	1	2	2	2	3	3	1	1	5	3	12	14	13	8	15	3	6	15	16	6	0	24	24	24	24	27	25	30	1	1	1	2	2	2	1	1	1	2	3	1	2	1	1	1	2	1	3	4	1	2	5	1	1	1	1	1	2	1	2
19000	-166.447085864433461	-164.789528448993849	-1.657557415439619	0.000104318679052	0.000022691798816	0.217523831998833	0.672171765657761	1	1	2	3	4	4	2	4	4	5	5	5	6	7	8	7	8	12	10	13	12	12	13	15	17	16	16	17	20	19	21	0	0	2	1	7	2	2	3	3	1	4	6	8	12	12	6	8	15	13	6	13	16	13	0	24	24	24	24	27	25	25	1	1	1	1	1	2	1	1	1	2	1	1	2	1	1	1	1	1	2	4	3	2	2	1	1	1	1	1	2	1	2
19500	-149.271445850335851	-147.450909672307176	-1.820536178028672	0.000101117816814	0.000017378158361	0.171860498069558	0.770992272380075	0	1	3	3	4	5	3	4	4	5	6	5	6	7	8	8	8	10	11	13	10	12	15	15	17	18	16	16	18	20	22	0	0	2	1	7	2	2	3	3	1	4	8	8	12	12	13	8	15	17	21	9	16	20	0	24	28	24	24	25	25	30	1	1	1	1	1	1	1	1	1	2	2	1	1	1	1	1	2	1	1	2	3	2	1	1	1	1	1	1	1	1	1
20000	-160.200714725448393	-158.548690423690005	-1.652024301758389	0.000083695569924	0.000018370747587	0.219494862194926	0.712457868643744	0	1	2	3	4	5	3	4	3	5	6	6	7	8	8	8	9	11	9	13	11	11	15	15	17	18	16	17	19	19	22	0	0	2	1	7	2	2	3	3	1	1	6	8	12	12	8	13	15	14	6	12	17	20	0	24	24	24	24	27	25	29	1	1	1	1	1	2	1	1	1	2	3	1	1	2	1	2	1	2	1	3	3	1	1	1	1	1	1	2	2	1	2
20500	-175.178276224079951	-173.576233487608221	-1.602042736471738	0.000110668067026	0.000026465140016	0.239139805435246	0.634133093808855	1	0	2	2	2	4	2	5	3	5	6	6	5	7	8	7	10	11	11	12	11	11	15	14	16	17	16	16	19	19	21	0	0	2	1	2	7	2	7	2	4	4	8	5	8	12	9	7	15	8	17	12	17	3	0	24	24	24	24	27	25	30	1	1	2	1	1	1	1	2	2	2	2	1	2	1	1	1	5	2	2	1	2	1	5	1	1	2	1	1	2	1	1
21000	-167.444959834038571	-165.691485140635507	-1.753474693403056	0.000144641732726	0.000027222827717	0.188208667056689	0.573255304166279	0	0	1	3	3	5	4	4	3	5	6	6	6	7	7	9	9	11	11	12	12	12	13	14	16	16	16	16	19	18	22	0	0	2	1	3	2	3	5	3	1	1	8	5	12	12	6	8	15	17	17	14	8	17	0	24	24	24	24	27	25	30	1	1	1	2	1	2	1	1	1	2	2	1	2	1	1	1	2	2	1	2	2	3	2	1	1	1	1	1	2	1	2
21500	-174.474633341187911	-173.078919186354597	-1.395714154833321	0.000047157853932	0.000019314175152	0.409564336406965	0.584124582580134	0	0	3	3	2	5	2	4	4	3	5	5	7	7	8	8	7	10	10	13	10	12	14	13	16	17	16	17	20	20	22	0	0	7	1	2	7	2	7	3	1	1	8	8	12	12	13	8	15	8	6	12	16	20	0	24	24	24	24	26	25	30	1	1	1	1	1	2	2	2	1	1	3	1	1	2	2	1	2	1	2	4	2	2	1	1	2	2	2	2	1	2	1
22000	-169.289663400392442	-167.349339188448425	-1.940324211944014	0.000076720769086	0.000011381290435	0.148346928350308	0.618396087032766	1	1	2	4	3	5	2	4	4	6	5	5	5	7	8	9	9	10	10	11	11	13	14	14	16	16	17	16	18	19	23	0	0	2	1	2	7	2	3	3	4	1	5	8	12	14	13	13	15	13	6	14	19	20	0	24	24	26	24	27	25	30	1	1	1	2	1	1	1	2	1	2	2	1	1	2	1	2	2	1	2	3	2	2	1	1	1	2	1	1	1	2	1
22500	-159.268547034014546	-157.091927246513933	-2.176619787500627	0.000087639711983	0.000010115511391	0.115421549912461	0.508646944269371	0	0	2	2	3	4	3	5	3	5	6	6	6	7	9	9	9	11	9	13	10	13	15	15	16	18	16	16	19	19	22	0	0	2	1	2	7	2	3	3	1	4	3	8	12	12	9	13	15	8	19	12	16	20	0	24	24	24	24	24	25	30	1	1	1	1	1	1	2	1	1	3	2	2	1	1	2	3	2	1	2	2	2	2	1	1	1	2	1	1	3	2	2
23000	-152.412644351776123	-150.429950033886229	-1.982694317889908	0.000095472149748	0.000013494802850	0.141348056847988	0.687921674308350	0	1	3	3	3	5	3	5	4	4	6	5	7	7	8	9	9	11	10	13	11	11	14	15	17	17	17	17	19	19	22	0	0	2	1	2	7	2	3	3	1	4	3	8	12	12	9	13	15	13	17	14	13	20	0	24	24	24	24	27	25	30	1	1	1	1	1	1	1	2	1	2	2	1	1	1	2	3	1	2	2	2	3	2	1	1	1	1	1	1	1	1	1
23500	-158.937920772316261	-157.379185309618805	-1.558735462697468	0.000095340569552	0.000024742953432	0.259521770721266	0.647066604569880	0	0	2	3	3	4	2	4	3	6	5	5	6	6	8	8	8	12	11	13	10	12	15	15	16	17	17	17	20	19	21	0	0	2	1	7	7	2	3	3	1	4	8	8	12	12	13	3	15	13	6	12	16	17	0	24	24	24	24	27	25	30	1	1	1	1	1	1	1	1	1	3	1	1	1	1	1	2	2	2	3	4	2	2	3	1	1	1	1	1	2	2	1
24000	-160.594923620019699	-158.813515573367965	-1.781408046651728	0.000069210686616	0.000012531257139	0.181059569722269	0.672940555000447	1	0	2	4	4	5	3	4	3	5	6	5	7	7	8	8	9	10	10	13	11	12	14	14	16	16	16	16	19	19	21	0	0	2	1	7	7	2	3	2	1	4	9	8	12	12	13	8	15	13	6	12	16	20	0	24	24	24	24	27	25	26	1	1	1	2	1	1	2	1	2	2	1	1	2	1	2	1	3	1	1	3	2	3	1	1	1	1	1	1	2	1	2
24500	-188.518054976541464	-186.918960760867265	-1.599094215674206	0.000116445250771	0.000027995310166	0.240416075201994	0.556917497948927	1	1	3	2	3	4	2	5	4	5	6	6	7	8	9	8	9	12	10	13	11	12	13	14	17	17	17	16	19	19	23	0	0	7	1	2	3	2	3	3	1	4	3	8	12	9	3	8	15	8	8	16	16	6	0	24	24	24	24	27	25	25	1	1	1	1	1	1	1	1	1	2	1	1	2	1	2	2	2	1	1	4	3	3	3	1	2	2	2	1	1	1	2
25000	-160.028782045165173	-158.353741868534826	-1.675040176630354	0.000094730296995	0.000020037891496	0.211525690637046	0.815034472416422	1	1	3	4	4	5	3	5	4	3	6	6	4	7	9	8	10	10	7	13	11	10	15	15	17	18	16	17	20	19	23	0	0	2	1	2	7	2	13	3	1	4	13	3	12	12	8	9	15	8	17	12	13	20	0	24	28	24	24	27	25	30	1	1	1	1	1	1	1	1	1	1	1	1	1	1	2	2	3	1	1	1	2	2	1	1	1	1	1	1	3	1	2
25500	-156.645568750795263	-153.923898760725450	-2.721669990069817	0.000106040553863	0.000007683950639	0.072462377445148	0.749964937000717	1	1	3	3	2	4	3	5	4	3	6	6	7	8	9	8	9	12	10	12	10	12	14	15	17	17	16	16	19	19	20	0	0	2	1	2	2	2	3	3	1	4	8	8	12	12	13	8	15	13	6	14	16	20	0	24	24	24	24	27	25	30	1	1	1	2	1	2	1	1	1	1	1	1	1	1	2	1	2	2	1	3	1	2	1	1	2	2	1	1	2	1	1
26000	-175.931383310782479	-174.290234353651158	-1.641148957131320	0.000140223637053	0.000031336860614	0.223477733659170	0.572087400167615	1	1	3	3	4	5	3	4	4	5	6	5	7	8	7	8	8	12	10	13	10	12	12	13	16	17	15	16	19	19	23	0	0	2	1	7	7	2	3	7	1	10	3	8	12	12	8	13	21	17	5	12	16	17	0	24	24	24	24	27	26	30	1	1	2	1	1	1	1	1	1	2	1	1	1	2	1	3	1	1	1	4	2	2	2	1	1	2	1	1	2	1	2
26500	-164.448878971804248	-162.430745946791973	-2.018133025012273	0.000082796811249	0.000011253604002	0.135918326233014	0.761966309163368	1	1	2	3	4	4	4	4	4	6	5	6	5	7	9	9	9	11	10	13	11	11	15	14	17	18	16	15	18	18	22	0	0	2	1	3	2	2	3	3	1	1	13	8	12	12	12	6	15	8	6	19	17	20	0	24	28	24	24	27	25	30	1	1	1	2	1	2	1	1	1	2	2	1	1	1	1	1	3	1	2	4	1	1	1	1	2	1	1	1	1	1	2
27000	-153.449553375696155	-151.721258642476528	-1.728294733219630	0.000089979717284	0.000017557601317	0.195128433910789	0.587092087403466	0	1	2	3	4	5	3	4	3	4	6	6	6	8	8	8	9	11	10	11	10	11	14	14	16	17	16	16	19	20	22	0	0	2	1	7	2	2	3	3	1	10	6	8	12	12	8	13	15	17	6	12	13	20	0	24	24	24	24	27	25	30	1	1	1	3	1	2	1	1	1	2	1	1	1	1	1	2	2	2	1	3	2	2	2	1	1	2	1	1	2	2	1
27500	-139.626563415647610	-138.096778062648980	-1.529785352998626	0.000078158356966	0.000021533618739	0.275512684441922	0.810837021763479	0	1	2	3	3	5	3	4	4	5	6	5	6	7	8	8	9	10	10	13	11	13	14	15	17	18	17	17	20	19	22	0	0	2	1	2	7	2	3	3	1	4	8	8	12	12	13	12	15	17	6	12	21	20	0	24	24	24	24	27	25	30	1	1	1	1	1	1	1	1	1	2	1	1	1	1	1	1	2	1	1	3	3	1	1	1	1	2	1	1	2	1	1
28000	-175.263647597839679	-173.579581990075241	-1.684065607764445	0.000160579079847	0.000033489998756	0.208557670080257	0.613645115108917	0	1	3	4	4	3	3	4	4	5	6	5	7	7	9	8	9	11	11	13	11	12	14	13	16	17	15	16	19	19	22	0	0	2	1	3	2	2	3	3	1	1	8	8	12	12	8	13	15	13	6	15	16	5	0	24	24	24	27	27	28	30	1	1	1	2	1	1	1	1	1	2	3	1	1	2	1	2	2	1	2	5	1	2	5	1	1	2	1	1	2	2	1
28500	-163.559928507681747	-162.021996243333803	-1.537932264347934	0.000112942491821	0.000030583008860	0.270783903971216	0.726021788423363	0	1	2	3	3	4	3	4	3	5	6	4	7	7	9	9	8	11	11	13	10	11	13	14	16	17	16	16	19	19	23	0	0	2	1	2	2	2	5	3	1	4	5	8	7	13	13	8	15	8	17	14	13	19	0	24	28	24	24	27	25	30	1	1	1	1	1	1	1	1	1	2	1	1	2	2	1	1	2	1	3	2	1	2	2	1	1	1	1	1	2	2	2
29000	-160.502595875728900	-158.715403910027078	-1.787191965701823	0.000067944586518	0.000012205749807	0.179642712282325	0.761957628398500	0	1	2	2	4	4	2	4	4	6	6	5	6	8	7	7	7	10	10	11	12	11	14	14	16	17	16	17	18	20	23	0	0	2	1	7	7	2	3	3	1	1	8	8	12	12	13	8	15	17	6	14	16	20	0	24	24	24	24	27	25	30	1	1	1	1	1	1	1	1	1	3	3	1	1	2	1	1	2	2	1	2	2	2	2	1	1	2	1	2	1	2	2
29500	-150.291609333743509	-148.616152350956469	-1.675456982787029	0.000115586393804	0.000024433433326	0.211386760340301	0.857729742497103	1	1	3	4	3	3	2	5	4	6	5	6	4	8	8	9	9	10	10	13	11	12	15	14	16	16	16	16	19	19	21	0	0	2	1	2	2	2	13	3	4	1	13	3	12	12	8	8	15	16	17	12	16	20	0	24	24	24	24	26	25	30	1	1	1	1	1	1	1	1	1	1	2	1	1	1	1	2	1	1	1	1	2	2	1	1	1	1	1	1	2	1	1
30000	-172.273159684380772	-170.863886520918811	-1.409273163461972	0.000095608369186	0.000036917534374	0.386132874014805	0.691901732011105	1	0	2	4	3	5	2	3	4	3	7	5	6	8	8	8	9	10	9	12	11	12	14	15	17	16	17	17	19	18	23	0	0	2	1	2	5	2	3	3	1	1	8	8	8	12	13	14	15	14	6	14	19	14	0	26	24	24	24	27	25	30	1	1	1	2	1	1	1	1	1	1	3	1	2	4	2	1	1	1	1	3	1	1	2	1	1	1	1	1	1	1	2
30500	-168.918063391570598	-167.241921066214076	-1.676142325356526	0.000105014369240	0.000022174699702	0.211158719154646	0.704102375618512	0	0	2	4	3	5	4	4	3	5	4	6	6	8	8	9	8	12	9	13	10	11	11	14	16	15	16	15	17	19	22	0	0	2	1	3	7	2	3	3	1	1	5	8	12	12	17	8	15	9	23	12	16	6	0	26	24	26	24	27	25	30	1	1	1	2	1	1	1	1	1	2	2	1	1	1	1	1	2	2	2	1	1	1	3	1	1	1	1	1	1	1	2
31000	-173.295741727623039	-170.729520330848032	-2.566221396775001	0.000143672124011	0.000011754057529	0.081811677870954	0.614436839589098	1	1	2	4	2	5	3	4	4	5	7	6	7	8	8	7	10	11	10	13	11	11	14	13	16	16	16	16	19	20	22	0	0	2	1	2	7	2	3	3	1	1	8	8	12	12	8	8	17	8	6	6	16	19	0	24	24	24	24	27	25	30	1	1	1	2	1	1	1	1	1	2	2	1	2	1	1	1	2	1	2	4	3	2	2	1	1	2	1	2	2	2	1
31500	-160.413689313717839	-158.073325245748350	-2.340364067969480	0.000080283453836	0.000007952461212	0.099054796875789	0.521009552881667	-1	1	2	3	3	4	3	4	4	5	6	5	6	7	9	8	8	11	10	12	11	12	14	14	16	17	15	16	19	19	23	0	0	2	1	2	7	2	3	3	1	10	8	9	12	12	8	13	15	17	6	12	16	20	0	24	24	24	24	27	25	30	1	1	1	2	1	1	1	1	1	2	1	1	1	1	1	2	2	1	2	5	4	3	1	1	1	2	1	1	2	2	2
32000	-164.286576114016441	-162.857461950319760	-1.429114163696675	0.000048846481708	0.000017535896384	0.359000193472313	0.748287853019620	1	1	2	2	3	2	3	4	4	6	5	6	6	8	8	9	9	12	9	11	10	11	13	14	17	16	16	16	20	19	22	0	0	2	1	2	2	2	3	3	4	4	8	8	12	12	13	7	15	13	16	14	16	20	0	26	24	24	24	27	25	30	1	1	1	1	1	1	2	1	1	2	1	1	1	2	1	2	2	2	1	1	1	1	1	1	1	1	1	1	2	1	3
32500	-151.552679108413798	-150.168167511536438	-1.384511596877373	0.000075776695245	0.000032893141979	0.434079922237984	0.713708226869637	1	1	3	3	3	5	3	4	4	5	5	5	6	7	9	9	9	11	10	13	11	13	15	15	16	17	16	16	20	18	23	0	0	2	1	2	7	2	3	3	4	4	8	8	12	14	8	14	15	8	6	13	17	20	0	24	24	24	24	27	25	30	1	1	1	1	1	1	1	1	1	1	1	1	1	2	2	2	1	1	2	4	2	2	1	1	1	1	1	1	2	1	3
33000	-161.256688168770154	-159.797216912147320	-1.459471256622836	0.000092362271079	0.000030205325136	0.327030992019737	0.795187041456043	0	1	2	4	2	5	3	4	4	5	6	5	6	7	8	9	9	8	10	12	10	12	14	14	16	15	17	16	19	18	20	0	0	2	1	2	7	2	3	3	4	1	8	8	12	14	13	8	12	13	6	12	17	20	0	24	24	26	26	27	25	30	1	1	1	2	1	1	1	1	1	1	2	1	1	1	1	1	3	1	2	3	2	1	1	1	1	1	1	1	2	1	1
33500	-163.773086618480818	-162.286138650428626	-1.486947968052198	0.000100557489431	0.000030583054700	0.304135026372655	0.648457408799476	-1	1	2	4	3	5	3	4	3	6	6	5	6	7	8	9	9	11	10	13	9	11	15	15	17	16	16	17	19	19	23	0	0	2	1	2	7	2	3	3	1	4	8	8	12	12	13	13	16	13	16	12	16	16	0	24	24	24	26	27	25	30	1	1	1	2	1	1	1	1	1	2	1	1	1	1	2	2	1	1	2	2	2	1	4	1	1	1	1	1	2	1	1
34000	-163.155296314502294	-161.430858841925328	-1.724437472576963	0.000076747739965	0.000015060354498	0.196231895617682	0.618807546575986	0	1	2	4	3	3	4	4	3	6	6	5	6	8	8	8	10	11	10	13	12	13	15	15	16	17	16	17	19	19	21	0	0	2	1	2	2	2	3	3	1	1	8	8	12	8	3	13	15	13	19	14	17	20	0	24	24	24	24	25	25	30	1	1	1	2	1	1	1	1	1	3	3	1	1	1	2	3	2	2	2	2	2	2	1	1	1	1	1	1	3	2	1
34500	-174.965124461767402	-173.604080167483119	-1.361044294284284	0.000077567389385	0.000043072954437	0.555297203874369	0.682867358067028	1	1	2	3	4	4	3	4	4	5	6	5	6	7	8	8	8	12	10	12	11	9	14	14	16	17	16	16	20	20	23	0	0	2	1	7	7	2	3	3	1	1	8	8	12	12	13	8	15	17	6	12	8	6	0	24	24	24	24	24	25	30	1	1	1	2	1	1	1	1	1	3	3	1	1	1	2	1	2	3	1	4	2	2	5	1	2	2	1	1	3	3	2
35000	-156.565412053459511	-155.007143467232339	-1.558268586227185	0.000060181231036	0.000015632842821	0.259762762442246	0.854964320057388	0	1	2	3	4	5	3	3	4	5	6	5	5	8	9	7	8	11	10	13	10	10	12	14	16	17	16	15	20	18	21	0	0	2	1	7	2	2	3	3	4	4	8	8	12	12	13	8	15	17	23	14	17	6	0	24	24	24	24	27	25	30	1	1	1	1	1	2	2	1	1	2	2	1	1	1	2	1	2	1	1	1	1	1	3	1	1	2	1	1	2	1	1
35500	-160.569889684072820	-158.757351942714706	-1.812537741358104	0.000059215351917	0.000010283919215	0.173669815045887	0.680486185434408	0	0	2	2	3	5	2	4	3	5	7	5	6	6	7	8	9	10	9	11	12	11	14	14	17	18	16	16	19	20	23	0	0	2	1	2	2	2	3	3	4	1	3	8	12	12	8	13	15	13	6	12	16	20	0	24	24	24	24	27	25	30	1	1	1	1	1	3	1	1	1	2	3	1	1	1	1	2	1	2	2	2	2	2	2	1	2	2	1	1	2	2	1
36000	-163.036365661538127	-161.126777309970635	-1.909588351567497	0.000081571197776	0.000012546582604	0.153811430333089	0.544347700409807	0	1	2	3	4	4	3	4	4	6	7	6	7	7	8	8	9	11	10	10	11	12	14	13	17	17	15	15	19	19	21	0	0	2	1	2	7	2	3	3	1	1	3	8	8	12	8	9	15	13	6	12	16	20	0	24	28	24	24	27	25	30	1	1	1	2	2	1	1	1	1	3	2	2	2	1	1	1	2	2	1	2	2	2	2	1	2	1	1	1	2	1	1
36500	-160.173045436254171	-158.419190235908616	-1.753855200345553	0.000109328373958	0.000020565509043	0.188107700671159	0.588480624205424	0	1	2	4	4	4	3	5	3	5	6	6	5	8	9	9	9	11	10	11	10	11	14	15	17	17	17	17	20	19	22	0	0	2	1	2	2	2	3	3	1	4	8	9	12	12	7	13	15	17	6	12	17	6	0	24	24	24	24	27	25	30	1	1	1	2	2	1	1	2	1	2	1	1	1	1	1	3	2	1	1	3	2	2	5	1	1	1	1	1	2	1	2
37000	-173.966437801253420	-172.395286702420663	-1.571151098832764	0.000092221689967	0.000023359124671	0.253293175167208	0.724778543972711	0	1	3	3	3	5	3	5	3	4	3	5	7	7	8	9	9	12	8	13	8	11	11	14	16	17	16	16	20	20	22	0	0	2	1	2	7	2	7	2	4	1	3	5	12	12	8	8	15	13	23	8	8	6	0	24	24	24	24	27	25	30	1	1	1	1	1	1	1	1	1	1	2	1	3	1	1	2	2	1	1	2	1	2	2	1	1	2	1	1	2	2	2
37500	-156.860099852000047	-155.012436306781694	-1.847663545218362	0.000096618004446	0.000016035990656	0.165973109751507	0.779375945639496	0	1	2	3	4	3	3	4	4	5	6	5	6	8	9	8	9	12	10	12	12	12	14	13	16	17	15	17	19	19	21	0	0	2	1	7	2	2	3	7	1	10	8	8	12	12	13	8	15	16	6	19	16	20	0	24	24	24	24	27	25	30	1	1	1	1	1	1	1	1	1	3	1	1	1	1	2	1	2	2	1	3	1	2	1	1	2	2	1	1	2	1	1
38000	-177.841256557563895	-176.113173706750416	-1.728082850813482	0.000098048728440	0.000019138007387	0.195188736170405	0.574673794807976	1	0	1	3	4	4	3	4	2	5	7	4	6	7	9	8	8	11	8	13	11	12	14	14	16	18	15	16	18	17	22	0	0	2	1	2	2	2	9	3	4	4	7	8	7	12	7	3	15	8	6	14	16	8	0	27	24	24	24	27	25	30	1	1	1	1	2	2	2	1	1	1	2	1	1	2	2	2	3	1	2	2	2	2	5	1	1	2	1	1	1	1	2
38500	-173.485025863265719	-171.761211647651692	-1.723814215614030	0.000097885419309	0.000019225805218	0.196411328199524	0.554010678328853	1	1	2	3	3	5	3	4	4	5	7	5	5	8	8	8	9	11	10	13	11	10	14	14	15	16	16	17	20	20	21	0	0	2	1	2	5	2	3	3	1	10	7	8	12	12	8	7	15	7	6	12	8	16	0	24	24	24	24	27	25	30	1	1	1	1	1	1	2	1	1	2	1	1	1	1	1	2	3	1	4	5	3	3	3	1	1	2	1	2	2	3	1
39000	-177.898144163420454	-175.780830442382154	-2.117313721038291	0.000144427399405	0.000017685494865	0.122452491268848	0.696305441139434	0	1	3	2	3	5	3	4	3	5	6	5	6	7	5	8	10	11	9	13	11	11	13	14	16	18	17	16	20	19	23	0	0	2	1	2	3	2	7	2	1	1	9	8	12	3	3	5	15	7	21	14	19	21	0	24	24	24	24	27	26	30	1	1	2	1	1	1	1	1	1	3	2	1	1	1	1	2	4	3	3	1	2	2	2	1	1	1	1	1	2	1	2
39500	-166.513569097139566	-164.490056347504094	-2.023512749635466	0.000107602775321	0.000014539836247	0.135125104379227	0.789544285656440	1	0	2	4	3	4	3	4	3	3	6	5	6	8	8	9	9	11	11	13	10	12	15	15	17	17	17	17	19	19	22	0	0	2	1	2	7	2	3	3	1	10	8	8	13	12	13	8	21	21	6	12	17	20	0	24	24	24	24	26	25	30	1	1	1	2	2	1	1	1	1	2	1	1	1	1	1	1	2	1	1	4	2	1	1	1	1	1	2	2	2	1	2
40000	-154.934725879826829	-153.436686900234093	-1.498038979592748	0.000099498451297	0.000029454172570	0.296026442485953	0.765735781601982	1	1	2	3	3	5	3	4	3	5	5	5	6	7	8	8	7	10	9	12	10	12	14	15	16	17	17	16	19	18	21	0	0	2	1	2	3	2	3	3	1	1	8	8	12	6	6	8	15	13	21	12	17	20	0	24	24	24	24	27	25	30	1	1	1	1	1	1	1	1	1	2	2	1	1	1	2	1	1	1	1	1	2	2	1	1	1	1	1	1	1	1	2
40500	-160.451151447990014	-158.925804569200352	-1.525346878789652	0.000075497523203	0.000021001336749	0.278172526170621	0.615267271515979	1	0	2	4	3	4	3	4	3	5	5	5	7	7	8	8	10	12	9	11	10	12	14	14	16	17	16	16	20	20	23	0	0	2	1	2	2	2	3	3	4	4	8	8	12	13	8	8	15	13	16	12	17	20	0	24	24	24	24	27	25	25	1	1	1	1	2	2	2	1	1	1	1	1	2	1	1	2	2	2	1	1	2	1	2	1	1	1	1	1	2	2	4
41000	-170.673179346068622	-168.727990563302143	-1.945188782766490	0.000104124819789	0.000015359777805	0.147513127382424	0.664301907060733	0	1	2	3	3	5	3	4	4	5	6	6	6	5	9	7	9	11	10	12	11	12	14	15	17	18	17	16	20	19	22	0	0	2	1	2	3	3	3	3	1	1	6	8	2	12	8	8	15	17	7	12	16	20	0	24	24	24	24	27	25	30	1	1	1	2	1	2	1	1	1	3	2	1	1	2	2	2	2	1	1	4	3	2	1	1	2	1	1	1	2	1	3
41500	-157.562434314023250	-156.034281121712297	-1.528153192310949	0.000068796278958	0.000019021050819	0.276483715495500	0.740723551361340	-1	1	2	4	3	5	4	4	4	4	6	5	6	6	8	8	9	10	8	13	8	12	14	14	16	17	16	16	19	18	21	0	0	2	1	2	7	2	3	3	1	4	8	8	12	12	13	13	15	13	6	12	16	20	0	24	24	24	24	27	25	30	1	1	1	2	1	1	1	1	1	2	1	1	1	1	2	2	2	1	1	3	2	3	1	1	1	2	1	1	2	1	2
42000	-157.150253528852033	-155.710667155328252	-1.439586373523786	0.000079044021749	0.000027423849510	0.346944005415080	0.689680981820878	1	1	2	3	3	5	3	4	3	3	6	5	6	7	6	7	9	11	10	13	11	12	15	15	16	17	16	16	19	19	22	0	0	2	1	2	7	2	3	3	1	4	8	8	12	12	8	8	15	17	6	12	19	20	0	24	24	24	24	27	25	30	1	1	1	1	1	1	1	1	1	2	2	1	2	1	1	1	3	2	1	3	2	1	2	1	1	1	1	1	2	2	2
42500	-156.243724494362027	-154.400378752374451	-1.843345741987577	0.000110845573469	0.000018498514935	0.166885463766847	0.602774440546036	0	1	2	4	3	5	2	4	4	4	5	5	6	7	8	8	9	11	11	10	12	11	12	15	17	17	17	17	19	20	22	0	0	2	1	2	7	2	3	3	1	1	8	8	12	13	13	14	15	17	6	17	17	20	0	24	24	24	24	27	25	30	1	1	1	1	1	1	1	1	1	2	2	1	1	1	1	1	2	2	1	2	2	1	1	1	1	1	1	1	1	2	1
43000	-167.339869651530535	-165.386108421343863	-1.953761230186668	0.000089608673917	0.000013088554064	0.146063472338381	0.519048074260826	0	0	3	3	2	4	2	4	4	6	5	5	6	8	8	7	9	11	10	12	10	13	15	14	17	18	16	17	19	19	22	0	0	7	1	2	2	2	3	3	11	1	3	8	12	12	8	8	15	14	6	12	16	21	0	24	24	24	24	27	25	30	1	1	1	2	1	2	1	1	1	1	2	1	1	2	2	2	2	2	1	4	3	3	3	1	2	2	1	2	2	2	2
43500	-162.575654069938764	-161.214410261956886	-1.361243807981870	0.000117697147112	0.000064698956245	0.549707090037830	0.806762658033973	1	0	2	3	3	4	1	4	3	4	6	6	5	8	9	9	8	12	10	13	11	13	14	15	17	17	17	17	20	19	22	0	0	7	1	7	2	2	3	3	4	1	9	8	12	12	9	8	12	17	16	15	21	20	0	24	24	24	24	27	25	30	1	1	1	1	1	2	1	1	1	1	2	2	1	1	2	3	2	2	1	1	1	1	1	1	1	1	1	1	2	1	2
44000	-166.635808836675693	-165.164529180468264	-1.471279656207429	0.000056100333686	0.000017763543141	0.316638814324273	0.739063079888737	1	0	2	3	3	5	2	4	4	5	6	6	7	7	8	9	7	12	11	12	11	12	15	13	17	17	16	16	19	20	23	0	0	2	1	2	5	2	3	3	4	1	8	8	12	13	8	8	15	13	6	12	16	20	0	24	24	24	24	27	25	30	1	1	1	1	1	1	1	1	1	1	2	1	2	1	1	2	2	2	1	5	2	2	2	1	2	2	1	1	2	2	1
44500	-171.103522950705525	-169.584029087075891	-1.519493863629636	0.000083571033079	0.000023548296257	0.281775818600743	0.494643778673291	1	1	2	3	3	4	3	3	4	5	7	5	7	8	9	8	10	10	11	13	10	11	14	14	16	17	15	16	19	19	23	0	0	2	1	2	2	2	3	3	1	1	7	8	8	14	12	8	15	16	6	12	16	6	0	24	24	24	24	27	25	30	1	1	1	1	1	2	2	1	1	2	4	1	2	3	1	1	3	1	1	4	3	2	6	1	2	2	1	1	2	1	2
45000	-165.454614965742621	-163.904265067443987	-1.550349898298633	0.000106190170928	0.000028026715618	0.263929470806945	0.660476470253711	1	0	2	3	4	4	2	4	4	5	6	5	6	8	8	8	9	12	10	13	10	12	14	14	16	17	16	16	19	19	21	0	0	2	1	7	2	2	3	3	1	1	8	8	12	12	8	14	15	17	17	7	21	6	0	24	24	24	24	27	25	30	1	1	1	1	1	3	1	1	1	2	2	1	1	1	1	2	1	2	1	2	3	1	4	1	2	2	1	2	2	1	1
45500	-173.368253881760353	-171.639871536065755	-1.728382345694598	0.000100851605945	0.000019676502279	0.195103509706638	0.493230245546517	-1	0	2	1	3	5	4	4	4	5	7	5	6	6	8	8	10	12	11	13	10	12	15	14	17	18	16	16	19	19	23	0	0	2	1	3	5	2	3	3	1	4	9	8	12	12	8	13	15	16	6	12	16	20	0	24	24	24	24	27	25	30	1	1	1	2	1	1	2	1	2	2	3	1	1	1	2	2	2	2	1	4	2	2	2	1	2	2	1	2	2	1	2
46000	-165.684512555495417	-163.769469549631054	-1.915043005864367	0.000103471561788	0.000015812118250	0.152816077932595	0.547279634305149	1	1	2	3	4	4	3	4	3	5	6	6	6	7	8	9	9	11	9	12	11	11	15	14	15	16	16	16	20	19	22	0	0	2	1	3	7	2	3	3	4	4	8	8	12	12	13	13	15	13	6	12	16	20	0	24	24	24	24	27	26	25	1	1	1	1	1	1	1	1	1	1	2	2	1	1	2	2	2	2	2	2	2	2	2	1	1	2	1	1	2	2	3
46500	-139.973113776254081	-138.171823914215565	-1.801289862038511	0.000079714325635	0.000014051589796	0.176274335691868	0.870621503777038	0	0	2	3	4	5	3	4	3	5	6	6	6	8	8	8	9	10	10	12	11	12	14	14	16	17	15	16	19	18	21	0	0	2	1	2	7	2	3	3	4	1	8	8	12	12	13	13	15	17	6	12	16	20	0	24	28	24	24	27	25	30	1	1	1	1	1	1	1	1	1	1	3	1	1	1	1	1	1	1	1	2	2	1	1	1	1	1	1	1	2	1	1
47000	-169.133005577605616	-167.592773885876568	-1.540231691729059	0.000081485981865	0.000021959127113	0.269483494093847	0.624806318894158	0	0	1	3	3	5	3	4	4	5	5	5	5	7	8	8	10	11	11	13	12	13	15	14	16	17	17	16	20	19	23	0	0	2	1	2	7	2	5	3	1	4	7	8	12	12	13	13	15	13	6	14	17	20	0	24	24	24	24	26	27	30	1	1	1	2	1	1	1	1	2	3	1	1	1	1	2	2	2	2	3	4	3	1	1	1	1	2	2	1	2	1	3
47500	-167.729189217647104	-166.152781744915359	-1.576407472731750	0.000089618174077	0.000022472272792	0.250755753765565	0.626378433206462	0	1	2	3	3	4	2	4	3	6	7	6	7	7	7	9	9	11	10	13	11	12	12	13	16	17	16	16	18	19	21	0	0	2	1	2	7	2	3	3	1	1	8	8	12	12	5	8	15	17	23	12	17	6	0	24	24	24	24	27	25	30	1	1	1	1	1	1	1	1	1	2	4	1	2	1	1	3	2	2	1	1	1	2	4	1	1	2	1	1	2	1	1
48000	-148.681016148786910	-147.122297135584972	-1.558719013201934	0.000081520861313	0.000021157129759	0.259530252968227	0.808001644027928	0	0	2	3	2	5	3	4	3	5	7	6	6	8	8	9	10	12	11	12	10	11	13	15	17	17	17	17	19	19	22	0	0	2	1	2	7	2	3	3	1	4	8	8	12	12	8	13	15	21	6	14	16	6	0	24	24	24	24	27	25	30	1	1	1	2	1	1	2	1	1	2	2	1	1	1	1	2	2	2	1	3	1	1	3	1	1	1	1	1	1	1	1
48500	-157.002233365513632	-155.458283773039710	-1.543949592473926	0.000093871550433	0.000025102324102	0.267411414705154	0.743155330538504	1	1	2	3	3	4	2	4	4	5	6	6	6	7	9	8	8	11	10	13	9	9	13	15	16	17	17	17	19	19	22	0	0	2	1	7	2	2	3	3	1	1	8	8	12	12	13	13	15	13	6	14	16	6	0	24	24	24	24	27	25	30	1	1	1	2	1	1	1	1	1	2	2	1	1	1	1	1	1	1	1	4	1	1	2	1	1	2	1	1	1	1	1
49000	-161.257115036387233	-159.609137310317180	-1.647977726070045	0.000097981368635	0.000021649930339	0.220959664478349	0.657124440362250	0	0	2	3	3	5	3	5	4	5	6	6	4	8	8	8	9	11	10	12	10	13	14	14	16	17	17	16	20	20	23	0	0	2	1	3	7	2	13	3	1	4	8	3	12	12	8	13	15	14	6	12	16	6	0	24	24	28	24	27	25	30	1	1	1	1	1	1	1	1	1	2	1	1	1	2	1	2	2	2	1	3	2	2	4	1	1	2	1	1	2	1	1
49500	-170.109301569849606	-168.144204873760771	-1.965096696088825	0.000133980478243	0.000019317859435	0.144184135541559	0.622086833117467	0	1	2	2	2	4	3	5	4	4	6	5	4	7	9	7	8	11	10	14	10	13	15	14	16	17	16	16	19	19	22	0	0	2	1	2	2	2	13	3	4	4	13	3	12	17	8	7	15	13	17	12	21	14	0	24	24	24	24	27	25	30	1	1	1	1	1	1	1	1	1	1	2	1	1	2	1	1	3	1	2	3	2	2	4	1	2	2	1	1	1	2	2
50000	-154.553942367750011	-152.860914368846977	-1.693027998903032	0.000077307257453	0.000015901443796	0.205691474772198	0.648256847187176	0	1	3	3	3	4	2	5	4	4	7	6	7	7	9	7	10	11	9	12	11	11	14	14	16	15	16	16	20	19	23	0	0	2	1	2	7	2	3	3	1	10	8	8	12	12	8	13	15	8	6	12	16	20	0	24	24	24	24	27	25	30	1	1	1	1	1	1	1	1	1	2	1	1	1	1	2	1	1	2	2	4	2	2	1	1	1	1	1	1	2	2	2
50500	-177.123956462672936	-175.388417047852300	-1.735539414820632	0.000133298189666	0.000025738280730	0.193087999129547	0.621161530696153	0	2	3	3	3	5	4	4	4	4	6	5	7	7	9	7	9	12	9	12	10	12	14	14	16	16	16	17	19	19	21	0	0	2	1	2	2	2	3	3	1	4	8	3	12	12	6	7	21	12	21	15	19	20	0	24	24	24	24	27	25	25	1	1	1	1	1	2	1	1	1	2	2	1	2	1	1	2	2	1	3	1	1	1	2	1	2	1	1	2	1	2	2
51000	-139.549941758182570	-137.867198577250150	-1.682743180932429	0.000105013915042	0.000021946577889	0.208987331633435	0.822172437365978	0	1	2	3	3	5	3	4	4	5	7	6	6	8	8	9	10	11	11	13	11	12	15	14	15	18	16	16	19	19	22	0	0	2	1	2	2	2	3	3	4	10	8	8	12	12	13	14	15	17	6	12	16	20	0	24	28	24	24	28	25	30	1	1	1	1	1	2	1	1	1	1	1	1	1	1	1	1	1	2	1	3	2	1	1	1	1	1	1	1	2	2	2
51500	-178.406758808683719	-176.803123045043151	-1.603635763640566	0.000081471310947	0.000019427348237	0.238456310709505	0.639455946604803	0	0	1	3	2	4	3	5	3	5	5	4	6	7	8	8	9	11	10	13	11	13	15	13	16	17	17	17	19	20	22	0	0	2	1	2	7	3	3	3	1	1	3	8	12	14	13	14	15	17	6	7	16	20	0	24	24	25	24	28	28	30	1	1	1	2	1	1	1	2	1	2	2	2	1	1	1	1	1	1	1	4	3	3	2	1	2	2	1	2	2	2	2
52000	-170.778945116390190	-169.394892259660850	-1.384052856729329	0.000084285151858	0.000036683496265	0.435230826022906	0.663226931914445	0	0	2	4	3	4	2	4	4	5	7	5	6	7	8	8	8	11	9	14	10	11	13	14	17	18	16	16	19	19	22	0	0	2	1	7	7	2	3	3	1	4	8	8	12	13	8	13	14	17	6	8	17	21	0	24	24	24	24	27	25	25	1	1	1	2	1	1	1	1	2	2	1	1	1	1	1	2	1	3	1	5	3	1	2	1	2	2	1	1	2	1	2
52500	-161.145852724260919	-159.778684279777451	-1.367168444483462	0.000059355934459	0.000029380630688	0.494990618133830	0.743225176215073	0	1	2	2	4	5	4	3	4	4	6	5	6	7	8	8	10	10	10	13	10	11	14	15	16	18	17	17	20	19	21	0	0	2	1	2	2	2	3	3	1	4	8	8	12	12	13	8	15	16	6	12	16	6	0	24	24	24	24	27	25	30	1	1	1	1	2	2	1	1	1	2	2	1	1	1	1	2	3	1	1	4	2	1	3	1	1	2	1	1	2	2	1
53000	-172.100063074468210	-170.170429525819827	-1.929633548648387	0.000152368573346	0.000022887056487	0.150208510745098	0.723833453657383	0	1	2	2	3	4	2	5	3	5	6	6	4	7	7	8	9	12	10	13	11	12	14	14	16	18	16	16	20	19	22	0	0	2	1	2	2	2	13	3	1	10	13	3	12	6	7	7	15	16	17	6	21	20	0	24	24	24	24	27	25	30	1	1	1	1	1	1	1	1	1	3	1	1	1	1	1	2	3	2	1	2	3	1	1	1	1	2	1	1	2	1	2
53500	-182.096169184322235	-180.603410184311230	-1.492759000011008	0.000147473120925	0.000044214912741	0.299816756188648	0.734888040886979	-1	1	2	1	3	3	3	4	3	4	6	6	5	7	8	8	9	11	9	13	10	13	15	15	17	17	16	17	18	19	22	0	0	2	1	2	2	2	3	3	1	1	13	8	12	12	8	14	19	16	6	12	17	19	0	24	24	24	24	27	25	26	1	1	1	1	1	1	1	1	1	2	2	1	1	1	2	1	1	1	1	6	2	2	3	1	1	1	1	1	1	1	1
54000	-156.457634577648378	-154.881468208388299	-1.576166369260090	0.000089172419628	0.000022370765669	0.250870905631150	0.680265406697814	1	0	3	3	3	4	3	4	4	6	5	5	6	7	8	9	9	11	10	14	11	12	15	15	17	17	16	16	20	19	22	0	0	2	1	2	2	2	3	3	1	1	6	8	12	12	13	3	15	13	6	17	16	20	0	24	24	24	24	27	25	30	1	1	1	1	1	2	2	1	1	2	2	1	1	1	2	1	3	1	2	4	1	2	1	1	1	2	1	1	2	1	2
54500	-159.411630141903885	-157.003312058054547	-2.408318083849340	0.000115303735717	0.000010759806428	0.093317066973357	0.739204539489870	1	1	2	3	3	5	3	3	3	5	7	5	7	7	8	8	10	10	11	12	10	12	14	15	17	18	16	16	19	20	22	0	0	2	1	2	7	2	3	3	1	10	8	8	12	12	13	13	15	17	13	14	16	17	0	24	24	24	24	27	25	30	1	1	1	1	1	1	1	1	1	2	2	2	2	1	1	1	1	1	1	2	2	2	2	1	1	2	1	1	2	1	1
55000	-177.721787635458583	-176.174004402466807	-1.547783232991769	0.000062583092711	0.000016604118584	0.265313167902027	0.721125218917150	0	0	2	3	4	4	3	3	4	3	7	6	4	8	9	9	10	11	8	12	11	11	15	12	17	15	17	16	19	19	21	0	0	2	1	3	7	2	3	3	1	1	8	8	12	12	13	9	15	13	6	12	17	20	0	24	24	26	26	27	25	30	1	1	2	2	1	1	1	1	1	1	2	1	1	1	1	2	2	1	2	3	2	1	2	1	1	1	1	1	1	1	1
55500	-171.356560454342031	-169.813631813618883	-1.542928640723135	0.000080548811374	0.000021585206003	0.267976716664876	0.864503196330706	-1	0	2	2	4	5	3	5	4	4	6	5	7	7	8	9	8	12	10	11	11	11	13	14	16	18	16	16	19	20	22	0	0	2	1	7	7	2	3	3	4	10	2	8	12	12	17	3	15	13	6	13	19	20	0	24	25	24	24	27	26	30	1	1	1	2	1	2	2	1	1	1	1	3	1	1	1	1	2	2	2	3	1	1	1	1	2	1	1	1	2	1	1
56000	-175.163428309524761	-173.337178867177158	-1.826249442347617	0.000091104662586	0.000015541467672	0.170589157903910	0.752480939722560	0	1	2	2	4	5	2	4	4	4	7	6	6	8	7	9	9	11	9	13	11	12	15	14	16	18	16	16	19	20	23	0	0	2	1	2	2	2	3	3	1	10	8	8	12	12	13	2	15	13	6	5	19	6	0	24	24	24	24	27	25	30	1	1	1	1	1	1	1	1	1	2	1	1	2	2	1	1	3	2	2	3	4	1	4	1	1	2	1	1	1	2	1
56500	-167.559656244023898	-166.110458779522190	-1.449197464501696	0.000077006409453	0.000025942866719	0.336892304197163	0.654900090375891	-1	0	2	3	2	3	2	4	4	2	6	5	6	8	9	8	10	11	11	13	10	12	15	15	17	17	16	17	19	19	22	0	0	2	1	2	7	2	3	3	1	10	8	8	12	12	8	16	15	13	6	12	17	20	0	24	24	24	24	27	25	25	1	1	1	2	1	1	1	1	1	2	2	1	2	1	2	2	1	1	2	3	3	1	1	1	1	2	1	1	2	1	1
57000	-166.910961730545182	-164.991549099869786	-1.919412630675402	0.000096806204524	0.000014717143946	0.152026866646285	0.716044374957596	0	1	2	4	3	4	3	5	4	3	5	6	6	8	7	7	9	11	9	13	11	12	14	15	16	16	16	17	19	19	21	0	0	2	1	2	7	2	3	3	1	4	8	3	12	8	13	13	15	13	6	17	16	2	0	24	24	24	26	27	25	30	1	1	1	2	1	1	1	2	1	1	1	1	1	1	1	1	2	2	1	5	1	3	4	1	1	1	1	1	1	1	1
57500	-155.762058897513839	-153.967234726017693	-1.794824171496156	0.000071347035112	0.000012685821289	0.177804463340847	0.598601770733109	0	1	2	3	2	4	3	5	4	5	6	6	6	7	8	8	10	10	10	12	9	12	14	15	16	17	17	16	19	20	22	0	0	2	1	2	5	2	3	3	1	10	3	8	12	12	13	8	15	13	6	12	19	20	0	24	24	24	24	27	25	30	1	1	1	2	1	1	1	2	1	2	1	2	1	1	1	1	3	2	2	4	2	1	1	1	1	2	1	1	1	2	1
58000	-173.378881666860451	-171.499253992023512	-1.879627674836930	0.000112336863400	0.000017916540198	0.159489411186790	0.810698253189526	1	1	3	4	3	5	4	4	4	4	7	6	7	8	9	9	9	11	10	12	11	11	15	14	16	16	15	17	18	19	21	0	0	2	1	2	3	3	3	3	1	10	7	8	8	12	13	13	15	13	5	14	16	20	0	24	24	24	27	27	25	29	1	1	1	1	1	1	1	1	1	1	2	1	2	2	2	1	1	1	2	4	2	1	1	1	2	1	1	1	2	1	1
58500	-165.343270925028747	-163.633784444863835	-1.709486480164899	0.000084843012452	0.000017021715655	0.200626016960495	0.635551177154719	0	0	2	3	3	5	2	4	4	5	6	4	5	7	8	8	8	10	10	12	11	10	15	15	16	18	17	17	20	19	22	0	0	2	1	2	3	2	3	3	1	10	3	3	12	12	13	8	15	17	6	15	3	20	0	24	24	24	24	26	25	30	1	1	1	2	1	1	1	1	1	2	1	1	2	1	2	1	2	1	1	2	2	3	2	1	1	2	2	1	1	1	1
59000	-171.478538729064780	-169.618976660291054	-1.859562068773737	0.000154678639801	0.000025290736998	0.163505038770950	0.745714613007265	0	1	2	3	3	4	3	4	4	5	5	5	6	7	8	9	9	11	11	13	9	13	14	13	15	18	16	16	19	18	23	0	0	2	1	2	3	3	3	3	1	1	8	8	9	12	5	3	15	8	6	12	19	19	0	24	24	24	24	27	25	26	1	1	1	1	1	1	1	1	1	2	2	1	1	1	1	3	3	2	3	4	2	1	1	1	1	2	1	1	2	2	2
59500	-171.650869299259938	-169.684098392682927	-1.966770906577000	0.000098017673580	0.000014105733915	0.143910107228209	0.609247202799022	0	0	2	4	4	5	2	5	4	5	6	5	6	8	8	7	9	11	9	13	9	13	14	14	16	17	16	16	19	19	21	0	0	2	1	2	7	2	3	3	1	1	5	7	13	13	5	8	15	8	6	8	16	20	0	24	24	24	24	27	25	30	1	1	1	2	3	1	2	1	2	2	4	1	2	1	1	1	2	1	2	4	1	3	1	1	1	2	1	1	2	2	1
60000	-154.955199880562333	-153.351800505487432	-1.603399375074887	0.000076777298337	0.000018315797951	0.238557468774938	0.689025541833408	0	0	2	3	4	5	3	4	3	5	6	5	6	7	7	8	9	10	11	13	12	11	14	15	17	17	17	17	18	19	22	0	0	2	1	7	7	2	7	3	1	4	8	8	12	12	13	7	15	17	6	18	16	20	0	24	24	24	24	26	25	30	1	1	2	1	1	1	3	1	1	2	1	1	1	1	1	1	2	2	1	4	1	1	1	1	1	1	1	1	1	1	1
60500	-153.382739682800434	-151.554449254531562	-1.828290428268870	0.000072084721653	0.000012264433552	0.170139153913900	0.833376033594670	0	0	1	3	3	4	3	4	3	5	7	5	7	7	9	7	9	11	9	12	10	10	14	15	17	17	16	17	19	20	22	0	0	2	1	2	7	2	3	3	4	10	8	8	12	12	8	8	15	13	6	12	16	20	0	24	24	24	24	27	25	30	1	1	1	2	1	1	1	1	1	1	1	1	1	1	1	2	2	1	1	3	2	2	1	1	1	1	1	1	2	2	2
61000	-159.474311956868235	-157.607381091209987	-1.866930865658261	0.000079598627712	0.000012895733016	0.162009489197256	0.687762201539801	0	1	2	3	4	5	3	5	4	6	5	5	7	8	7	8	10	10	10	13	10	12	14	15	17	17	16	17	19	19	21	0	0	2	1	2	7	2	3	3	11	4	5	8	8	12	8	13	15	13	17	12	16	20	0	24	24	24	24	27	25	30	1	1	1	2	2	1	1	2	1	1	2	1	1	1	2	2	2	2	2	1	2	3	1	1	1	1	1	1	2	1	1
61500	-169.412112815435933	-167.667236350494107	-1.744876464941813	0.000115757043960	0.000022053804581	0.190518035248116	0.712419784073312	1	1	2	4	3	4	2	4	3	5	7	5	6	8	8	8	6	9	10	12	11	11	14	12	16	16	16	15	20	19	23	0	0	2	1	2	7	2	9	3	1	10	8	8	12	13	17	8	15	13	6	14	16	21	0	28	24	28	24	27	25	25	1	1	1	2	1	1	1	1	1	2	1	1	1	1	1	1	1	1	2	4	2	1	2	1	1	2	1	2	2	1	3
62000	-165.674074298307659	-163.755740492013615	-1.918333806294036	0.000102760547555	0.000015642318368	0.152221049227554	0.674405654891723	1	-1	2	3	3	5	2	3	4	5	6	6	6	7	8	7	9	11	11	13	11	12	14	14	16	17	15	17	19	20	22	0	0	2	1	2	7	2	3	8	1	4	9	8	12	13	8	14	15	17	6	12	16	6	0	24	24	24	27	27	26	30	1	1	2	1	2	1	1	1	1	2	2	1	2	1	1	2	1	2	1	4	2	2	4	1	1	2	1	1	2	1	2
62500	-181.213367085506178	-179.672308845936072	-1.541058239570108	0.000072069773887	0.000019388182347	0.269019608372885	0.581295519964503	0	1	2	3	4	5	3	5	3	5	6	5	6	7	9	7	9	12	10	12	8	12	15	15	17	18	16	17	18	19	23	0	0	2	1	7	7	2	3	3	4	4	3	8	7	13	8	8	21	13	6	3	16	6	0	24	24	24	24	27	25	30	1	1	1	2	1	1	2	2	1	1	2	1	1	2	1	1	1	2	2	3	3	3	6	1	1	2	1	1	2	2	2
63000	-161.735197271928826	-160.306401334085223	-1.428795937843598	0.000087094384941	0.000031300614469	0.359387284149225	0.839685105670228	1	1	2	2	4	5	3	4	3	6	5	5	6	7	9	8	8	11	10	13	11	12	15	15	17	18	16	17	20	19	22	0	0	2	1	2	7	2	3	3	4	4	5	8	12	12	13	8	15	16	21	14	17	20	0	24	24	24	24	28	25	30	1	1	1	1	2	1	1	1	1	2	1	1	1	1	2	1	1	1	1	2	2	2	2	1	1	2	1	2	3	1	1
63500	-167.901393863002625	-165.831644599673211	-2.069749263329413	0.000064466565278	0.000008291543154	0.128617727934643	0.672691975709696	1	1	3	4	4	3	3	4	4	5	6	5	5	6	7	8	7	11	9	13	11	13	14	15	17	18	17	17	19	18	21	0	0	2	1	7	2	2	3	3	1	4	9	8	12	12	8	13	12	13	6	12	19	20	0	24	24	24	24	27	25	30	1	1	1	2	1	1	1	1	1	2	1	1	1	1	1	2	1	3	2	4	2	3	1	1	1	1	1	1	1	1	2
64000	-158.282649108028352	-156.775018426599530	-1.507630681428815	0.000129848382852	0.000037583302213	0.289439894339411	0.560194601088893	1	1	2	3	4	4	3	4	4	4	6	5	6	7	9	9	9	12	9	13	10	13	14	15	16	17	17	16	19	19	22	0	0	2	1	2	7	2	3	3	1	1	8	8	12	12	8	8	21	9	6	9	16	6	0	24	24	24	24	27	25	30	1	1	1	1	1	1	1	1	1	2	2	1	1	1	2	2	2	1	2	4	3	2	4	1	1	1	1	1	1	2	1
64500	-159.780971520788682	-158.395575817951396	-1.385395702837276	0.000131314557234	0.000056714921109	0.431901247685808	0.694014691557513	1	1	2	2	3	4	3	4	4	5	6	5	6	7	7	8	9	12	8	13	10	13	12	14	16	17	16	16	18	20	22	0	0	2	1	2	7	2	3	3	1	1	8	8	12	12	13	8	15	3	21	12	16	19	0	24	24	24	24	27	25	30	1	1	1	1	1	1	1	1	1	2	2	1	1	1	1	1	2	2	3	1	2	2	2	1	1	2	1	1	1	2	1
65000	-148.720501177754926	-147.273523603053974	-1.446977574700950	0.000075408251485	0.000025573773320	0.339137598558220	0.730251861864409	0	1	2	2	3	5	4	4	3	5	6	6	6	8	8	8	8	12	9	13	9	12	14	14	16	17	15	16	19	19	22	0	0	2	1	2	7	2	3	3	1	1	8	8	12	12	13	8	15	17	6	12	16	20	0	24	24	24	24	27	25	30	1	1	1	1	1	1	1	1	1	2	2	1	1	1	1	1	2	2	1	4	1	2	1	1	1	1	1	1	2	2	2
65500	-159.424306960639996	-157.992016885684990	-1.432290074955011	0.000106871577583	0.000037961596438	0.355207598660444	0.669683178676647	1	1	2	3	3	4	3	4	3	4	5	6	6	8	8	9	9	10	10	13	11	13	15	15	17	17	17	16	20	19	23	0	0	2	1	2	5	2	3	3	4	1	8	8	12	12	8	13	16	16	6	14	17	21	0	24	24	24	24	28	25	30	1	1	1	1	2	1	1	1	1	1	2	1	1	1	1	2	1	1	1	4	3	2	2	1	1	1	1	1	2	1	1
66000	-164.569665852680430	-162.656529329417026	-1.913136523263418	0.000130826874098	0.000020037794051	0.153162675400996	0.662480055700941	1	0	1	3	2	5	2	3	3	4	5	5	6	7	8	7	9	12	11	13	11	11	15	14	17	16	16	16	19	19	22	0	0	2	1	2	8	2	3	3	1	1	8	8	12	12	13	9	15	17	6	15	16	6	0	26	24	24	24	26	25	30	1	1	1	1	1	1	1	1	1	2	2	1	1	1	1	1	2	2	1	4	2	2	4	1	1	2	2	1	1	1	1
66500	-150.921375200026773	-149.381307791109776	-1.540067408916995	0.000070571598436	0.000019024403406	0.269575917611011	0.691367607891950	1	1	2	3	2	5	3	5	3	6	6	5	7	8	9	9	9	12	10	11	10	13	13	14	16	16	16	16	19	19	23	0	0	2	1	2	2	2	7	3	4	4	3	8	13	12	8	8	15	17	6	14	16	20	0	24	24	24	24	27	25	30	1	1	1	1	1	2	1	1	1	2	2	2	1	1	2	2	2	1	1	3	1	2	1	1	1	1	1	1	2	1	1
67000	-172.734274274224248	-170.714905593255651	-2.019368680968598	0.000101681278369	0.000013801752582	0.135735435309080	0.618783563310881	1	-1	2	2	2	5	3	5	4	5	6	5	6	7	9	7	10	11	11	12	11	11	13	15	17	18	16	17	19	19	21	0	0	2	1	2	5	2	3	7	1	1	3	8	12	14	9	16	15	13	6	14	17	20	0	24	24	24	24	27	25	25	1	1	2	1	2	2	1	1	1	2	3	1	1	2	2	2	2	1	2	3	2	1	1	1	1	2	1	1	2	1	2
67500	-143.087890417624948	-141.300574951658490	-1.787315465966444	0.000079847046608	0.000014341542427	0.179612684960711	0.824872619916685	-1	1	2	3	3	5	2	4	3	5	6	5	6	7	7	8	8	10	10	13	10	12	14	15	17	17	17	16	18	19	22	0	0	2	1	7	7	2	3	3	4	4	8	8	12	12	13	13	15	17	6	12	16	20	0	24	24	24	24	27	25	25	1	1	1	2	1	1	1	1	1	1	1	1	1	1	1	1	1	2	1	2	2	2	1	1	1	1	1	1	1	1	2
68000	-168.555632395242441	-166.980049468353656	-1.575582926888794	0.000090265298313	0.000022670133825	0.251150046013228	0.730501153941350	0	1	3	4	3	4	3	5	4	4	7	5	7	8	7	6	9	10	10	13	11	11	14	13	15	18	16	14	19	18	22	0	0	2	1	2	2	2	3	3	1	10	3	8	8	12	12	13	15	14	6	14	13	20	0	24	24	24	24	27	25	30	1	1	1	2	1	1	1	1	1	2	1	1	1	1	1	1	1	2	1	2	1	3	1	1	1	3	1	1	1	1	2
68500	-175.007721623003818	-173.178181106427871	-1.829540516575959	0.000126933728791	0.000021561547054	0.169864599890408	0.540126708321616	1	1	2	3	3	4	4	4	3	5	5	6	5	7	9	8	8	12	9	13	11	11	14	15	17	18	16	16	20	20	23	0	0	2	1	2	2	2	3	3	1	4	6	6	12	12	8	9	15	8	6	12	17	2	0	24	27	24	24	27	25	30	1	1	1	1	2	1	1	1	1	2	1	1	1	1	1	2	3	3	2	3	2	2	7	1	1	1	1	1	2	1	1
69000	-149.321819392508331	-147.799325220285283	-1.522494172223035	0.000090228870562	0.000025256395901	0.279914796053394	0.732886346563290	1	1	2	4	3	4	3	4	3	5	7	6	6	8	9	9	7	11	11	11	11	12	14	14	17	17	16	16	19	19	22	0	0	2	1	2	7	2	3	3	4	1	8	8	12	12	17	8	15	13	6	12	16	20	0	24	24	24	24	26	25	30	1	1	1	2	1	1	1	1	1	1	3	1	1	1	1	1	2	1	2	2	2	1	2	1	2	2	1	1	1	1	1
69500	-145.284283809073486	-143.453887034355375	-1.830396774718105	0.000107576343738	0.000018253232182	0.169677008416282	0.690958245070807	1	1	2	3	3	5	3	4	3	5	4	5	6	7	8	8	8	11	10	11	11	13	13	14	17	17	16	16	20	19	22	0	0	2	1	2	7	2	3	3	4	4	8	8	12	12	13	8	15	13	6	14	19	20	0	24	24	24	24	27	25	30	1	1	1	1	1	1	1	1	1	1	1	1	1	1	2	1	2	1	3	3	2	1	1	1	2	2	1	1	2	1	1
70000	-151.436186204440020	-149.730537388993127	-1.705648815446880	0.000074547769773	0.000015042626931	0.201785069850193	0.690849496970241	0	1	2	3	3	4	3	4	3	5	7	5	6	7	7	8	9	11	11	13	9	10	14	15	17	17	16	16	19	19	22	0	0	2	1	2	7	2	3	3	4	10	8	8	12	12	8	8	15	17	6	15	8	6	0	24	24	24	24	27	25	30	1	1	1	1	1	1	1	1	1	1	1	1	1	1	1	2	2	2	1	3	1	2	3	1	1	1	1	1	2	1	1
70500	-176.019777765077095	-174.513330273602975	-1.506447491474116	0.000133116740711	0.000038634819405	0.290232612355054	0.699473174458643	0	1	2	2	3	4	3	4	4	6	5	5	6	7	9	8	7	11	10	12	11	11	14	14	16	18	16	17	18	20	22	0	0	2	1	2	7	2	3	3	1	1	8	8	6	8	8	13	8	13	22	15	16	20	0	24	27	24	24	27	28	30	1	1	1	1	1	1	1	1	1	4	3	1	1	1	2	1	1	3	1	1	1	3	1	1	1	1	1	2	2	1	1
71000	-175.288688452262875	-173.277769907988386	-2.010918544274499	0.000101475398234	0.000013901577476	0.136994559448185	0.714643432072931	-1	0	1	3	4	5	2	3	3	3	6	5	7	7	8	8	7	11	10	14	11	13	13	15	17	17	17	16	19	20	22	0	0	2	1	7	7	2	3	3	1	1	8	8	12	17	13	8	15	13	13	14	8	6	0	24	24	24	24	27	25	30	1	1	1	2	1	1	1	1	1	2	3	1	2	1	1	1	2	1	2	3	2	5	3	1	2	1	1	1	2	2	2
71500	-155.128002301432161	-153.610865952328140	-1.517136349104027	0.000074164509310	0.000021007786460	0.283259292830764	0.783908884799822	0	1	2	4	2	5	3	5	4	6	5	6	7	7	9	8	9	11	9	13	9	12	14	15	17	17	16	16	19	19	23	0	0	2	1	2	2	2	5	3	1	1	8	8	12	12	8	16	15	13	6	12	21	20	0	24	24	24	24	27	25	30	1	1	1	2	1	2	1	1	1	3	2	1	1	1	2	1	1	1	1	2	2	2	1	1	1	1	1	1	1	1	2
72000	-152.711986618796601	-150.238620774449231	-2.473365844347380	0.000083569505994	0.000007378690367	0.088294052710902	0.677474221733884	1	1	2	4	4	5	3	4	4	5	5	5	6	8	8	8	8	12	11	13	11	12	15	15	16	18	17	17	19	19	21	0	0	2	1	7	7	2	3	3	1	1	8	8	12	12	13	8	15	17	6	12	16	20	0	24	24	24	24	27	25	30	1	1	1	2	1	2	1	1	2	2	2	1	1	1	2	1	2	2	2	3	2	2	1	1	1	1	1	1	1	2	1
72500	-151.083506779360647	-149.722094153975348	-1.361412625385298	0.000057914653065	0.000031622760053	0.546023473845607	0.754393045868367	0	1	2	2	3	5	3	4	4	5	6	6	7	7	8	9	7	12	9	13	10	13	14	14	16	18	17	15	18	18	23	0	0	2	1	2	7	2	3	3	4	10	8	8	12	12	17	8	15	17	6	12	16	20	0	24	24	24	24	27	25	30	1	1	1	1	1	1	1	1	1	1	1	1	2	1	1	1	1	2	1	4	2	2	1	1	1	2	1	1	1	1	2
73000	-159.100017489586520	-156.930286368529579	-2.169731121056931	0.000124265804223	0.000014440174416	0.116203926788812	0.738676093628281	1	1	2	2	4	5	3	5	4	5	6	6	5	8	8	8	9	12	11	12	11	12	14	14	16	18	16	16	18	20	22	0	0	2	1	2	7	2	3	3	4	4	13	5	12	12	8	13	15	8	6	12	16	17	0	24	24	24	24	27	26	30	1	1	1	1	2	1	1	2	1	1	2	1	1	1	1	2	3	2	3	3	2	2	2	1	1	3	1	1	1	1	1
73500	-165.007317457895169	-163.387014300040590	-1.620303157854571	0.000079261536049	0.000018352805975	0.231547442684192	0.754444163556669	1	1	2	3	4	4	2	5	3	5	4	5	6	7	9	8	9	12	10	13	10	11	15	14	16	17	15	16	19	20	23	0	0	2	1	7	7	2	5	3	1	1	3	8	12	14	13	8	15	17	13	14	17	20	0	24	24	24	24	27	26	30	1	1	1	1	1	1	1	1	1	1	2	2	1	1	1	1	2	2	1	2	1	1	2	1	1	2	1	1	2	2	1
74000	-184.424302603098397	-182.780249151207897	-1.644053451890513	0.000125807698971	0.000027979571863	0.222399519993564	0.604109055679192	0	0	2	4	3	5	3	4	2	5	7	3	6	7	7	8	9	10	10	13	10	13	13	15	17	17	16	17	19	19	23	0	0	2	1	2	3	2	3	2	1	10	9	12	12	12	9	5	14	16	6	14	19	9	0	24	24	24	24	27	25	29	1	1	1	2	2	2	1	1	1	2	1	1	1	2	2	3	3	1	1	4	1	2	4	1	1	2	1	1	2	1	2
74500	-162.358249371850349	-160.131632085985331	-2.226617285865019	0.000115053480966	0.000012654750962	0.109990161578149	0.695631638217752	0	1	3	2	4	4	3	5	4	4	5	6	6	7	9	9	8	11	10	11	11	11	13	15	16	17	16	16	20	19	21	0	0	2	1	7	2	2	3	3	4	10	8	8	5	14	8	7	15	17	6	12	16	6	0	24	24	24	24	27	25	30	1	1	1	1	1	1	1	1	1	1	1	1	1	1	1	1	3	1	1	3	2	1	2	1	1	1	1	1	2	1	1
75000	-156.959163510512468	-155.197593636245671	-1.761569874266806	0.000134039196274	0.000024942362433	0.186082602153737	0.785805297775863	0	0	2	3	3	4	3	4	4	5	5	6	6	8	8	8	8	10	10	12	11	11	14	15	17	17	17	16	18	19	21	0	0	2	1	2	7	2	3	3	1	1	3	8	12	12	13	8	15	14	6	12	16	20	0	24	24	24	24	28	25	30	1	1	1	2	1	1	1	1	1	2	2	1	1	1	1	1	1	1	1	4	2	1	1	1	1	2	2	1	1	1	1
75500	-162.184774215350956	-160.093120341685079	-2.091653873665885	0.000128652929659	0.000016173719248	0.125715903173557	0.805641334223943	1	1	2	3	3	5	4	4	4	4	6	6	7	8	8	8	9	11	11	14	11	10	15	13	17	17	16	17	19	19	22	0	0	2	1	2	7	2	3	3	4	10	8	8	12	13	8	13	15	17	12	14	16	20	0	27	24	24	24	28	25	30	1	1	1	1	1	1	1	1	1	1	2	1	1	1	1	1	1	2	1	4	1	1	1	1	1	2	2	2	1	1	1
76000	-159.483265812973059	-157.985691980212863	-1.497573832760198	0.000070799317665	0.000020981765341	0.296355473936843	0.729986922121747	1	1	2	3	3	5	4	4	3	6	5	6	6	7	8	9	9	10	10	13	11	12	15	14	16	16	16	16	19	19	22	0	0	2	1	2	2	2	3	3	1	1	8	8	12	12	13	8	15	8	19	7	21	20	0	24	24	24	24	27	25	30	1	1	1	1	1	3	1	1	1	3	1	1	1	1	2	2	2	1	4	2	3	1	1	1	1	1	1	1	2	2	2
76500	-136.910661745037970	-135.354888163923107	-1.555773581114864	0.000078966570300	0.000020614958677	0.261059314074110	0.920137165183264	0	1	3	2	3	4	3	4	4	5	7	6	6	8	8	8	8	11	9	12	10	12	15	15	17	17	17	17	20	19	21	0	0	2	1	2	2	2	3	3	4	10	8	8	12	12	13	13	15	13	6	14	21	20	0	24	24	24	24	27	25	30	1	1	1	1	1	2	1	1	1	2	1	1	1	1	1	1	1	1	1	2	1	1	1	1	1	1	1	1	1	1	1
77000	-163.310970231112236	-161.858900978638133	-1.452069252474101	0.000078290530706	0.000026153001755	0.334050638296489	0.597611855804162	1	0	2	3	4	5	3	5	3	6	7	6	6	8	8	8	8	12	11	12	11	11	15	13	16	17	16	15	20	20	22	0	0	2	1	7	7	2	3	3	1	1	8	8	12	12	7	8	15	17	6	12	16	20	0	24	24	24	24	27	25	30	1	1	1	1	1	1	2	1	1	2	3	1	1	1	1	2	1	2	2	4	2	1	1	1	1	2	2	1	2	1	1
77500	-147.639992268871509	-145.749382941110639	-1.890609327760863	0.000093895471389	0.000014775920587	0.157365636156026	0.787139071669490	1	1	2	3	2	5	4	4	4	5	6	5	6	8	7	8	9	12	11	12	11	12	14	15	17	17	16	17	19	19	23	0	0	2	1	2	7	2	3	3	1	4	7	8	12	12	13	8	15	13	6	14	16	20	0	24	24	24	24	27	25	30	1	1	1	1	1	1	1	1	1	2	1	1	1	2	1	1	3	3	2	3	1	2	1	1	1	1	1	1	2	1	2
78000	-187.420527545041324	-185.968369977581716	-1.452157567459599	0.000092883508214	0.000031019779657	0.333964341501952	0.610657160986760	0	1	2	2	4	5	3	4	4	4	4	5	7	8	8	8	9	12	11	13	10	10	15	13	15	18	15	16	19	20	23	0	0	2	1	2	7	2	3	3	1	1	8	8	12	12	9	7	21	16	6	12	13	19	0	24	27	24	24	27	26	30	1	1	1	2	1	1	1	1	1	2	2	1	2	2	2	3	4	1	1	4	2	1	1	1	1	2	1	2	2	1	2
78500	-162.712765846495387	-160.993795674375548	-1.718970172119848	0.000084594963675	0.000016734307839	0.197816833440855	0.700371326188741	1	0	1	3	2	5	3	4	3	6	6	5	6	7	9	9	9	12	10	13	9	12	14	14	16	16	16	16	19	19	22	0	0	2	1	2	2	3	5	3	1	1	7	8	12	14	8	8	15	17	21	12	16	20	0	24	24	24	24	27	25	30	1	1	1	2	2	2	1	1	1	2	3	1	2	1	1	2	2	2	1	2	2	2	1	1	1	1	1	1	2	1	2
79000	-173.421067510553456	-171.840534336925998	-1.580533173627469	0.000127587353219	0.000031744152291	0.248803282538042	0.624865037993482	0	1	3	3	3	5	4	4	4	5	5	6	7	7	8	8	10	11	9	12	11	13	14	14	17	16	17	16	20	19	22	0	0	2	1	2	7	5	3	3	1	1	8	8	7	12	2	7	15	8	7	12	16	6	0	24	24	24	24	27	25	30	1	1	1	2	1	1	1	1	1	3	2	1	1	2	1	4	3	2	2	4	2	2	5	1	2	1	1	1	2	1	1
79500	-162.583433117901905	-159.862875671331693	-2.720557446570208	0.000120664264703	0.000008750994662	0.072523498843842	0.535990194882961	0	1	2	3	2	4	2	4	3	5	6	5	6	7	8	8	9	11	9	12	12	11	14	13	15	17	15	17	19	19	22	0	0	2	1	2	7	2	3	3	1	1	8	8	12	12	8	13	15	13	17	12	16	6	0	24	24	24	27	28	25	30	1	1	1	2	1	1	1	1	1	2	2	1	1	1	2	2	2	1	1	2	4	2	6	1	1	2	1	1	1	2	2
80000	-161.828454413792656	-160.161098505846212	-1.667355907946448	0.000112661678023	0.000024123159088	0.214120360276531	0.656467696532160	0	0	2	2	2	4	2	4	4	6	5	6	6	7	8	8	10	11	10	12	11	12	14	14	16	18	16	16	19	18	23	0	0	2	1	2	7	2	3	3	1	1	8	8	12	12	13	8	15	13	16	3	19	20	0	24	24	24	24	24	25	30	1	1	1	1	1	1	1	1	1	4	3	1	1	1	1	1	3	2	2	2	4	1	1	1	1	3	1	1	2	1	3
80500	-155.393995568655072	-153.779966428814816	-1.614029139840248	0.000065638832708	0.000015365892979	0.234097596571838	0.638435947662941	0	0	2	2	3	5	3	4	4	5	6	5	6	7	8	7	8	11	10	12	12	12	14	15	17	18	16	17	19	20	23	0	0	2	1	2	7	2	7	3	1	4	8	8	12	13	8	13	15	13	6	12	16	20	0	24	24	24	24	27	25	30	1	1	1	1	1	1	1	1	1	2	2	1	1	1	2	1	1	1	3	3	3	2	1	1	1	1	1	1	2	1	2
81000	-156.612669492716890	-155.062688667158227	-1.549980825558669	0.000073662766015	0.000019456356019	0.264127415678392	0.694375612213971	0	1	2	2	3	5	2	5	3	5	5	4	7	7	8	8	10	10	11	13	11	12	15	13	17	16	16	16	19	20	22	0	0	2	1	7	7	2	3	3	4	4	3	8	12	12	13	13	15	13	17	14	16	20	0	26	24	24	24	27	25	30	1	1	1	1	1	1	1	2	1	2	2	1	1	2	2	1	2	1	2	2	2	2	1	1	1	2	1	2	2	1	1
81500	-159.383968341273913	-157.906097056917105	-1.477871284356814	0.000088814977575	0.000027640571767	0.311215208536395	0.703772063885241	1	0	2	3	3	5	3	4	3	5	5	6	6	8	7	8	9	11	10	13	11	11	15	14	17	16	17	17	19	19	22	0	0	2	1	2	7	2	3	3	1	4	8	8	12	12	13	13	15	17	21	12	8	20	0	26	24	24	24	27	25	30	1	1	2	1	1	2	2	1	1	2	1	1	2	1	1	1	2	2	1	1	2	3	1	1	1	2	1	2	1	1	1
82000	-158.793751998479252	-156.179129803896870	-2.614622194582391	0.000109094400290	0.000008587399464	0.078715309324828	0.689212327534316	1	1	3	3	3	4	3	4	4	4	7	5	5	7	8	7	9	11	11	13	11	12	15	13	15	17	16	17	19	19	21	0	0	2	1	2	7	2	3	3	1	4	3	3	12	12	13	8	15	13	21	12	17	20	0	24	27	24	24	27	25	30	1	1	1	1	1	1	1	1	1	2	2	1	2	1	2	1	2	1	3	1	2	2	1	1	2	1	1	2	2	2	1
82500	-156.234319451390860	-154.278944591921430	-1.955374859469440	0.000065170797283	0.000009501469610	0.145793361536354	0.743333161205981	0	1	2	2	3	3	3	4	4	5	6	6	6	8	7	8	9	12	11	13	12	12	14	14	16	17	16	16	19	19	22	0	0	2	1	2	2	2	3	3	4	1	8	8	12	12	8	8	15	8	19	12	17	20	0	24	24	24	24	27	25	25	1	1	1	1	1	1	1	1	2	1	3	1	1	1	1	1	2	2	4	1	2	1	1	1	1	2	1	1	2	2	3
83000	-158.919995804364362	-157.365809841302479	-1.554185963061894	0.000085478165617	0.000022386051938	0.261892048994276	0.754911852351908	-1	0	2	3	2	4	2	5	4	5	6	6	6	7	8	8	9	10	10	12	11	12	14	14	16	18	17	16	19	19	22	0	0	2	1	2	7	2	3	3	4	1	3	3	12	12	13	13	15	13	17	12	19	20	0	24	24	24	24	27	25	30	1	1	1	2	1	1	1	2	1	1	2	2	2	1	1	1	1	1	2	1	2	1	1	1	1	2	2	1	2	2	2
83500	-165.505398906072628	-164.119557198483704	-1.385841707588926	0.000100386307071	0.000043248542249	0.430821130005067	0.646394696072701	1	0	2	4	3	4	2	4	4	4	6	5	6	7	8	8	9	11	11	12	11	11	14	14	17	18	16	16	20	18	22	0	0	2	1	2	7	2	7	3	1	10	8	8	12	12	13	9	15	13	17	14	17	20	0	27	24	24	24	27	25	24	1	1	1	2	1	1	2	1	1	1	2	1	1	1	2	1	3	2	2	1	2	1	1	1	1	2	1	1	2	1	3
84000	-167.415809068099122	-166.005438595483156	-1.410370472615972	0.000084696694983	0.000032561180134	0.384444518654666	0.666365754492143	1	0	2	3	4	5	2	4	3	3	5	5	6	8	8	8	10	10	10	13	12	12	14	15	17	18	16	17	20	19	21	0	0	2	1	3	7	2	3	3	1	1	8	8	13	13	13	13	15	16	6	12	16	6	0	24	24	24	24	28	25	30	1	1	1	2	1	1	1	1	1	1	2	1	1	1	1	2	3	1	1	5	3	2	3	1	1	1	1	2	2	1	1
84500	-153.902668201351219	-152.407410961709616	-1.495257239641599	0.000118108623089	0.000035197322696	0.298008068974230	0.747015255008100	1	1	2	3	4	4	4	4	4	5	6	6	6	8	8	8	10	10	10	12	10	11	15	15	17	18	17	16	19	19	21	0	0	2	1	2	2	2	3	3	1	1	7	8	12	12	8	9	15	16	6	12	21	17	0	24	24	24	24	27	25	30	1	1	1	1	2	1	1	1	1	1	2	1	1	1	1	2	3	1	1	4	2	1	2	1	1	2	1	1	1	1	1
85000	-155.896057983151991	-154.204769052324309	-1.691288930827694	0.000098437510575	0.000020301899545	0.206241497030670	0.873114995853545	0	1	2	2	3	5	3	5	4	4	6	6	4	6	9	6	9	11	9	13	11	12	15	15	17	16	17	17	19	20	22	0	0	2	1	2	2	2	13	3	4	4	13	3	8	12	8	8	15	16	6	12	17	20	0	26	24	24	24	24	25	30	1	1	1	1	1	2	1	1	1	1	2	1	1	1	1	1	2	1	1	3	2	1	1	1	1	1	2	1	2	2	1
85500	-157.675759856651098	-155.701667296490996	-1.974092560160098	0.000120771586221	0.000017236788480	0.142722216539202	0.759675729902226	0	1	2	3	2	5	3	4	3	4	5	6	5	8	8	9	9	11	10	13	11	13	14	15	17	18	16	17	20	19	21	0	0	2	1	2	7	2	3	3	1	1	8	8	12	12	13	8	15	8	6	14	16	16	0	27	27	24	24	27	25	30	1	1	1	1	1	1	2	1	1	2	2	1	1	1	1	2	2	2	2	3	1	1	2	1	1	1	1	1	2	1	1
86000	-164.828575013831852	-163.186394448838570	-1.642180564993286	0.000089603548446	0.000019989973096	0.223093543085303	0.726264666620152	0	0	2	4	4	5	1	4	3	5	6	6	6	7	8	8	8	11	10	13	11	10	15	14	16	16	16	17	19	18	21	0	0	7	1	2	7	2	3	3	1	4	8	8	12	14	13	8	15	8	6	12	16	20	0	24	24	24	26	26	25	30	1	1	1	2	2	2	1	2	1	2	1	1	1	1	1	1	2	1	2	3	2	1	2	1	1	1	2	1	1	1	2
86500	-152.830264610027740	-151.301564416914118	-1.528700193113623	0.000081535644983	0.000022516669978	0.276157378559480	0.748855338455577	-1	1	2	4	3	3	3	4	4	5	5	6	6	7	8	7	9	10	11	13	11	12	14	14	17	17	16	15	19	19	21	0	0	2	1	2	2	2	3	3	1	1	8	8	12	12	13	8	15	17	17	12	16	20	0	24	24	24	24	27	26	30	1	1	1	2	1	1	1	1	1	2	3	1	1	1	1	1	2	1	1	2	1	2	1	1	1	2	1	1	2	1	1
87000	-169.452994110025969	-168.062342786443935	-1.390651323582037	0.000069003710233	0.000053352597101	0.773184469652051	0.546521580245319	1	0	2	2	2	5	3	4	3	4	3	5	5	7	8	8	9	11	8	13	11	12	14	15	16	18	16	16	19	18	22	0	0	2	1	2	7	2	3	3	4	1	8	2	12	13	8	3	17	8	17	14	13	20	0	24	24	24	24	27	25	30	1	1	1	1	1	1	1	1	1	2	1	1	2	1	2	2	3	1	2	2	3	3	1	1	1	2	1	1	2	1	2
87500	-147.684127132246516	-146.261271027816093	-1.422856104430412	0.000078121782742	0.000028660310265	0.366867079312469	0.739796321060436	1	1	2	3	2	3	4	3	4	5	6	5	6	7	9	8	9	12	10	13	11	12	15	14	16	18	16	15	19	19	21	0	0	2	1	2	2	2	3	3	4	1	8	8	12	12	13	14	15	13	6	17	16	20	0	24	24	24	24	27	25	30	1	1	1	1	1	1	1	1	1	1	2	1	1	1	2	1	1	2	2	4	1	2	1	1	1	2	1	1	2	1	1
88000	-155.917159261801686	-154.057156431904389	-1.860002829897310	0.000061149478387	0.000009992735015	0.163414885597640	0.735956342155153	1	1	2	4	4	5	3	3	4	6	5	5	6	7	9	9	9	11	8	11	10	12	13	14	17	17	16	15	19	19	22	0	0	2	1	2	2	2	3	3	11	1	8	8	12	12	13	13	15	8	6	12	16	20	0	24	24	24	24	27	25	30	1	1	1	2	1	2	1	1	1	1	2	1	2	1	2	2	1	1	2	3	2	1	1	1	1	1	1	1	2	1	2
88500	-169.953067394519394	-168.587310432721722	-1.365756961797678	0.000091490013670	0.000046047451263	0.503305764379596	0.691931161812032	1	0	2	3	4	3	3	4	4	5	7	6	6	7	8	8	9	11	10	13	11	12	14	13	16	15	16	16	20	19	22	0	0	2	1	7	2	2	3	3	4	1	8	8	13	13	13	16	15	13	17	12	16	20	0	26	24	24	24	24	25	30	1	1	1	1	1	1	1	1	1	1	3	1	2	1	1	1	1	2	1	3	2	1	1	1	1	1	1	2	4	2	1
89000	-159.433070552086633	-157.600688792877662	-1.832381759208962	0.000098827614859	0.000016725939686	0.169243583479062	0.703930607324560	-1	1	2	3	3	5	3	4	3	5	5	6	6	8	9	8	8	11	9	12	11	12	15	13	17	16	16	16	18	18	23	0	0	2	1	2	7	2	3	3	4	1	9	8	12	12	13	13	15	17	6	12	17	20	0	27	24	24	24	28	25	30	1	1	1	2	2	1	1	1	1	1	3	1	1	1	2	1	1	1	1	2	2	2	2	1	1	2	2	2	1	1	2
89500	-163.105946228512494	-161.125554898486570	-1.980391330025914	0.000096408005733	0.000013662338107	0.141713730128920	0.740176895634154	-1	1	2	2	3	5	3	4	4	4	5	5	5	8	7	8	8	10	9	12	11	11	14	14	16	17	16	16	20	18	22	0	0	2	1	2	2	2	3	3	1	4	8	8	12	12	13	8	15	8	6	14	16	20	0	24	24	24	24	27	25	25	1	1	1	2	1	2	1	1	1	2	2	1	1	1	1	1	2	2	3	4	1	2	1	1	2	2	1	1	2	1	3
90000	-174.346447244959592	-172.981661046241328	-1.364786198718256	0.000067508482138	0.000034418457499	0.509839007020783	0.637164884703260	0	-1	1	4	3	4	3	5	3	4	7	6	5	7	8	9	10	11	11	12	10	12	15	14	16	17	17	16	19	19	22	0	0	2	1	2	7	2	2	3	1	1	13	7	13	12	13	7	15	8	6	12	17	20	0	24	24	24	24	27	25	30	1	1	2	2	1	1	2	3	1	2	3	1	1	1	1	2	3	2	2	4	2	1	2	1	1	2	2	1	1	2	1
90500	-155.249884493373457	-153.662112703926226	-1.587771789447240	0.000079957777242	0.000019626222389	0.245457328436401	0.774699613384315	0	1	2	3	3	4	3	4	4	5	7	5	5	7	8	8	9	11	9	11	9	11	13	14	16	18	17	16	19	18	21	0	0	2	1	2	2	2	3	3	1	10	8	8	12	12	13	13	15	3	6	12	19	20	0	24	28	24	24	24	25	30	1	1	1	1	1	2	1	1	1	2	1	1	1	1	1	1	2	1	3	4	2	1	1	1	1	1	1	1	3	1	2
91000	-162.095507499541441	-160.139787584352604	-1.955719915188839	0.000094116029730	0.000013716066781	0.145735713891766	0.641251012201552	0	0	2	3	2	5	3	4	4	5	6	6	6	7	8	7	8	12	11	11	10	12	13	14	16	17	16	16	19	19	21	0	0	2	1	2	7	2	3	3	4	4	7	8	12	13	7	8	15	17	6	12	16	20	0	24	24	24	24	27	25	30	1	1	2	1	1	1	2	1	1	1	2	1	2	1	1	2	2	2	2	2	2	2	2	1	1	2	2	1	2	1	1
91500	-163.522875527234675	-161.643840894367656	-1.879034632867021	0.000113559262874	0.000018124689186	0.159605555088212	0.684705549007202	-2	0	2	2	3	5	2	4	2	5	6	5	6	7	7	8	7	11	10	14	10	12	14	14	16	17	16	16	19	19	22	0	0	2	1	7	2	2	3	2	4	10	8	8	12	12	3	13	15	13	6	15	17	6	0	24	24	24	24	26	26	30	1	1	1	2	1	2	1	1	1	1	1	1	1	1	1	2	1	2	2	5	1	2	3	1	1	2	2	1	1	1	1
92000	-168.384545570202846	-166.890621840409949	-1.493923729792891	0.000075981112643	0.000022716075966	0.298970035788475	0.696981531404316	0	0	3	3	4	5	3	4	4	6	5	5	6	7	8	8	9	11	9	12	10	11	14	15	17	16	17	17	20	20	21	0	0	2	1	7	7	2	3	3	1	4	8	8	12	13	13	13	15	9	6	13	16	6	0	26	24	26	26	27	25	30	1	1	2	2	1	1	1	1	1	3	1	1	1	1	1	1	2	2	2	4	2	2	3	1	1	1	1	1	2	2	1
92500	-166.168713085621590	-164.430365002399867	-1.738348083221730	0.000090161931570	0.000017338857450	0.192307963552570	0.671207302810522	1	1	2	3	2	5	3	4	4	5	4	6	6	7	9	9	10	11	11	11	10	12	15	13	16	17	16	16	17	20	22	0	0	2	1	2	7	5	3	3	4	1	8	9	7	13	13	13	15	16	6	12	17	20	0	24	24	24	24	28	25	30	1	1	1	1	1	1	1	1	1	1	2	1	1	2	2	2	2	1	2	3	2	1	2	1	2	2	2	2	1	2	1
93000	-165.495296310245408	-163.667513874289256	-1.827782435956157	0.000096126225852	0.000016365581743	0.170250954905174	0.693712263021858	0	1	2	3	4	4	3	4	4	4	5	6	5	7	9	9	8	12	11	14	11	11	15	14	16	17	16	16	19	19	22	0	0	2	1	2	2	2	3	3	1	1	8	8	12	12	13	13	21	17	6	12	16	7	0	24	24	24	24	26	25	30	1	1	1	2	1	2	1	1	1	2	2	1	1	1	1	2	2	1	1	5	2	2	4	1	1	2	1	1	1	1	2
93500	-152.269143274635724	-150.690412927509527	-1.578730347126190	0.000104506194481	0.000026090213036	0.249652311669456	0.858180349292204	1	1	3	3	2	4	2	4	4	4	4	6	6	8	8	8	8	11	10	12	11	11	14	15	17	18	16	17	19	19	21	0	0	2	1	2	2	2	3	3	1	1	8	8	12	12	13	13	15	17	6	15	16	20	0	24	24	24	24	27	25	30	1	1	1	2	1	1	1	1	1	1	1	1	1	1	2	1	1	1	1	3	1	2	1	1	1	1	1	2	1	1	1
94000	-171.657773773260828	-170.167354520870276	-1.490419252390546	0.000095338471671	0.000028748017919	0.301536383107877	0.641285136450656	1	-1	3	3	3	4	2	5	4	4	6	6	6	7	9	8	10	10	10	12	10	12	14	14	17	16	17	16	19	19	22	0	0	2	1	7	7	2	3	7	1	1	3	8	8	12	3	9	15	13	17	12	16	20	0	26	24	24	24	25	25	30	1	1	2	2	1	1	2	1	1	2	4	1	1	1	2	3	3	1	2	1	2	2	2	1	1	2	2	1	1	1	2
94500	-161.974796232468549	-160.176915895669339	-1.797880336799204	0.000077523954218	0.000013727798589	0.177078152524783	0.681092325513362	0	0	2	3	3	4	2	4	4	5	7	5	7	7	7	8	9	12	11	13	9	13	15	13	17	17	16	16	19	19	22	0	0	2	1	2	2	2	3	3	1	1	8	8	12	12	13	3	15	17	17	12	16	20	0	24	24	24	24	27	25	30	1	1	1	2	1	2	1	1	1	2	3	1	2	1	2	1	3	2	1	2	2	2	1	1	2	2	2	2	2	1	2
95000	-165.549026137366582	-164.170658894620857	-1.378367242745714	0.000069857486472	0.000031496262237	0.450864521862913	0.693326390952707	0	1	2	3	3	2	3	4	4	4	7	6	6	8	8	8	8	11	11	13	12	13	14	15	16	18	17	16	19	18	22	0	0	2	1	2	2	2	3	3	1	4	8	8	12	12	13	8	15	17	6	17	18	20	0	24	24	24	24	27	25	30	1	1	1	1	1	1	1	1	1	2	3	1	2	1	1	1	2	2	1	6	2	1	1	1	1	2	1	1	1	1	1
95500	-150.596362207859045	-149.226659173674307	-1.369703034184746	0.000075673989553	0.000036504520450	0.482391911212520	0.779844227232061	0	1	2	3	3	4	4	4	3	5	7	6	6	7	8	8	9	11	10	13	11	11	14	14	16	18	16	15	20	18	21	0	0	2	1	2	2	2	3	3	1	4	8	3	12	13	5	16	15	16	21	12	17	20	0	24	24	24	24	27	25	30	1	1	1	1	1	1	1	1	1	2	2	1	2	1	1	1	1	1	1	1	3	1	1	1	1	2	1	1	2	1	1
96000	-172.847921942340434	-170.539146348613031	-2.308775593727411	0.000138861346322	0.000014151714208	0.101912552216986	0.556660955096868	0	1	2	3	3	4	4	4	3	6	6	5	6	7	8	9	9	11	10	13	9	11	14	14	16	17	16	16	18	19	23	0	0	2	1	2	3	2	3	3	1	1	5	9	7	12	8	14	15	12	6	15	16	7	0	24	24	24	24	27	25	25	1	1	1	1	2	1	2	1	1	2	3	1	1	2	2	3	1	1	2	5	1	1	3	1	1	1	1	1	1	2	4
96500	-165.902482419893715	-163.634129652989714	-2.268352766904010	0.000133854735626	0.000014157036243	0.105764179182835	0.782516752856558	0	1	2	2	3	5	3	5	4	6	6	6	7	7	9	8	10	11	10	13	10	12	15	15	16	16	16	16	17	20	22	0	0	2	1	2	7	2	5	3	1	4	8	5	12	12	8	8	15	13	6	14	13	13	0	24	24	24	24	27	25	30	1	1	1	1	1	2	1	1	1	3	2	1	2	1	1	2	2	1	1	3	1	1	4	1	1	1	1	1	1	2	1
97000	-174.654749440256069	-173.117620481332125	-1.537128958923933	0.000126446923029	0.000034297675322	0.271241675959637	0.575155416640941	1	1	2	3	3	4	3	4	3	5	7	6	6	5	8	8	10	11	11	13	11	13	13	14	16	17	16	16	19	17	22	0	0	2	1	2	2	2	3	3	1	10	14	8	8	12	13	9	12	8	6	12	21	19	0	24	24	24	24	26	25	30	1	1	1	2	1	2	1	1	1	2	1	1	1	1	2	1	4	2	2	4	2	1	1	1	2	2	2	1	1	1	3
97500	-156.346668471168670	-154.722963453228203	-1.623705017940456	0.000111307473111	0.000025621765634	0.230189087197001	0.542253431110260	1	1	2	3	4	3	3	5	4	5	6	4	7	6	9	8	9	11	9	13	12	12	14	15	16	17	16	16	20	19	23	0	0	2	1	2	2	2	3	3	1	4	3	8	12	14	8	8	15	8	6	12	17	21	0	24	24	24	24	24	25	30	1	1	1	1	1	1	1	1	1	2	2	1	1	1	1	1	2	2	2	4	4	2	1	1	1	1	1	1	2	2	2
98000	-160.253087567762861	-158.544420874335827	-1.708666693427029	0.000104347426733	0.000020960529703	0.200872511754889	0.702983020233747	0	1	2	2	4	3	3	4	3	5	6	5	6	7	8	8	9	12	10	12	10	12	14	15	17	17	17	16	20	19	21	0	0	2	1	7	2	2	3	3	1	4	8	8	12	12	13	8	15	13	6	12	19	17	0	24	24	24	24	27	25	30	1	1	1	1	1	1	1	1	1	3	2	1	2	2	2	1	3	2	2	3	1	1	2	1	1	2	1	1	2	1	1
98500	-167.598827022863674	-165.853642334386961	-1.745184688476700	0.000091916135315	0.000017503986388	0.190434316322011	0.754169520107870	-1	0	2	4	4	5	2	4	3	3	6	5	6	7	7	9	8	12	10	14	10	13	12	14	16	18	16	16	19	19	22	0	0	2	1	2	5	2	3	3	1	1	8	8	12	5	17	9	15	17	23	12	16	6	0	24	24	24	24	27	25	30	1	1	1	2	3	1	1	1	1	2	3	1	1	1	1	1	3	2	1	1	2	2	4	1	1	2	1	1	1	1	2
99000	-162.771467826629220	-161.032557119146873	-1.738910707482354	0.000107640381655	0.000020683361611	0.192152436599569	0.748039591829430	0	1	2	3	3	4	3	4	3	4	6	5	7	7	7	8	9	12	10	13	11	12	15	14	16	18	17	16	20	17	23	0	0	2	1	2	2	2	3	3	1	4	8	8	12	12	8	13	15	17	21	12	16	20	0	24	24	24	24	27	25	30	1	1	1	2	1	1	1	1	1	2	1	1	3	1	1	1	1	2	1	1	2	2	2	1	1	2	2	1	2	1	2
99500	-162.309835529125223	-160.919149410242454	-1.390686118882778	0.000084590727706	0.000035512481534	0.419815297698728	0.856217460826901	-1	1	2	3	3	5	2	4	4	3	5	6	6	7	9	8	9	12	10	11	11	11	12	15	16	17	16	16	20	19	22	0	0	2	1	7	7	2	3	3	1	4	8	8	8	14	13	13	21	17	6	12	17	17	0	24	24	24	24	27	25	30	1	1	1	2	1	1	1	1	1	2	1	1	1	1	1	1	1	1	1	2	2	1	1	1	1	1	1	1	1	2	1
100000	-163.579960161327591	-162.178865469328457	-1.401094691999125	0.000087318760957	0.000034895339369	0.399631636851992	0.700444490189712	1	1	2	3	3	4	3	3	3	5	6	5	5	8	7	8	8	10	10	12	9	13	14	14	16	17	16	16	20	20	22	0	0	2	1	2	2	2	3	3	4	4	8	8	12	12	13	8	15	21	6	17	16	20	0	24	24	24	24	27	25	30	1	1	1	1	1	1	1	1	1	1	3	1	1	1	1	2	2	3	1	4	1	2	1	1	1	2	1	1	2	2	2