step	p_accept_mu1	p_accept_gamma	p_accept_pi	p_accept_Tinf	sigma_mu1	sigma_gamma	sigma_pi	n_like_zero
1		1.00000	1.00000	1.00000	1.00000	0.000100000000000	1.000000000000000	0.010000000000000	0
500		0.99800	0.60521	1.00000	0.30782	0.000100000000000	1.000000000000000	0.010000000000000	0
1000		1.00000	0.53800	0.95000	0.31451	0.000150000000000	1.000000000000000	0.015000000000000	0
1500		1.00000	0.53400	0.93400	0.30487	0.000225000000000	1.000000000000000	0.022500000000000	0
2000		0.99800	0.62400	0.89000	0.29695	0.000337500000000	1.000000000000000	0.033750000000000	0
2500		1.00000	0.60800	0.90000	0.29516	0.000506250000000	1.000000000000000	0.050625000000000	0
3000		1.00000	0.59200	0.85200	0.29356	0.000759375000000	1.000000000000000	0.075937500000000	0
3500		0.99800	0.56400	0.76000	0.28785	0.001139062500000	1.000000000000000	0.113906250000000	0
4000		0.99800	0.62000	0.67600	0.28347	0.001708593750000	1.000000000000000	0.170859375000000	0
4500		0.99400	0.56000	0.58200	0.28309	0.002562890625000	1.000000000000000	0.256289062500000	0
5000		0.99600	0.57200	0.39200	0.28162	0.003844335937500	1.000000000000000	0.384433593750000	0
5500		0.98400	0.59400	0.42200	0.28314	0.005766503906250	1.000000000000000	0.384433593750000	0
6000		0.98000	0.63800	0.43000	0.28205	0.008649755859375	1.000000000000000	0.384433593750000	0
6500		0.97000	0.54600	0.42550	0.28303	0.012974633789063	1.000000000000000	0.384433593750000	0
7000		0.96400	0.56800	0.42840	0.28233	0.019461950683594	1.000000000000000	0.384433593750000	0
7500		0.97200	0.54400	0.43133	0.28166	0.029192926025391	1.000000000000000	0.384433593750000	0
8000		0.95600	0.57400	0.44171	0.28136	0.043789389038086	1.000000000000000	0.384433593750000	0
8500		0.95600	0.52200	0.44650	0.28265	0.065684083557129	1.000000000000000	0.384433593750000	0
9000		0.89000	0.58000	0.44200	0.28190	0.098526125335693	1.000000000000000	0.384433593750000	0
9500		0.87000	0.53800	0.44400	0.28096	0.147789188003540	1.000000000000000	0.384433593750000	0
10000		0.83400	0.52800	0.44200	0.28167	0.221683782005310	1.000000000000000	0.384433593750000	0
10500		0.71400	0.48600	0.43650	0.28060	0.332525673007965	1.000000000000000	0.384433593750000	0
11000		0.59800	0.51200	0.43554	0.27988	0.498788509511948	1.000000000000000	0.384433593750000	0
11500		0.43800	0.54400	0.43300	0.28022	0.748182764267921	1.000000000000000	0.384433593750000	0
12000		0.43000	0.51000	0.43320	0.28049	0.748182764267921	1.000000000000000	0.384433593750000	0
12500		0.43533	0.51300	0.43262	0.28020	0.748182764267921	1.000000000000000	0.384433593750000	0
13000		0.43350	0.50200	0.43506	0.28145	0.748182764267921	1.000000000000000	0.384433593750000	0
13500		0.43240	0.51800	0.43433	0.28112	0.748182764267921	1.000000000000000	0.384433593750000	0
14000		0.44000	0.52480	0.43168	0.28078	0.748182764267921	1.000000000000000	0.384433593750000	0
14500		0.43771	0.53000	0.43090	0.28053	0.748182764267921	1.000000000000000	0.384433593750000	0
15000		0.43850	0.53086	0.43171	0.28025	0.748182764267921	1.000000000000000	0.384433593750000	0
15500		0.43956	0.52850	0.43191	0.27994	0.748182764267921	1.000000000000000	0.384433593750000	0
16000		0.44560	0.52778	0.43487	0.27978	0.748182764267921	1.000000000000000	0.384433593750000	0
16500		0.44564	0.52740	0.43667	0.27992	0.748182764267921	1.000000000000000	0.384433593750000	0
17000		0.44767	0.52836	0.43704	0.27906	0.748182764267921	1.000000000000000	0.384433593750000	0
17500		0.44923	0.52883	0.43654	0.27911	0.748182764267921	1.000000000000000	0.384433593750000	0
18000		0.45000	0.52846	0.43711	0.27946	0.748182764267921	1.000000000000000	0.384433593750000	0
18500		0.45000	0.53000	0.43879	0.27892	0.748182764267921	1.000000000000000	0.384433593750000	0
19000		0.45075	0.53160	0.43938	0.27824	0.748182764267921	1.000000000000000	0.384433593750000	0
19500		0.45200	0.53163	0.44113	0.27826	0.748182764267921	1.000000000000000	0.384433593750000	0
20000		0.45322	0.53118	0.44039	0.27818	0.748182764267921	1.000000000000000	0.384433593750000	0
20500		0.45411	0.53100	0.43912	0.27865	0.748182764267921	1.000000000000000	0.384433593750000	0
21000		0.45480	0.53042	0.43806	0.27884	0.748182764267921	1.000000000000000	0.384433593750000	0
21500		0.45781	0.53200	0.43753	0.27873	0.748182764267921	1.000000000000000	0.384433593750000	0
22000		0.45836	0.53162	0.43640	0.27870	0.748182764267921	1.000000000000000	0.384433593750000	0
22500		0.45896	0.53173	0.43600	0.27831	0.748182764267921	1.000000000000000	0.384433593750000	0
23000		0.45858	0.53348	0.43611	0.27833	0.748182764267921	1.000000000000000	0.384433593750000	0
23500		0.45880	0.53392	0.43626	0.27799	0.748182764267921	1.000000000000000	0.384433593750000	0
24000		0.45915	0.53496	0.43651	0.27741	0.748182764267921	1.000000000000000	0.384433593750000	0
24500		0.45785	0.53477	0.43615	0.27704	0.748182764267921	1.000000000000000	0.384433593750000	0
25000		0.45864	0.53444	0.43678	0.27656	0.748182764267921	1.000000000000000	0.384433593750000	0
25500		0.46069	0.53457	0.43624	0.27661	0.748182764267921	1.000000000000000	0.384433593750000	0
26000		0.46053	0.53414	0.43716	0.27663	0.748182764267921	1.000000000000000	0.384433593750000	0
26500		0.46194	0.53420	0.43732	0.27601	0.748182764267921	1.000000000000000	0.384433593750000	0
27000		0.46269	0.53516	0.43764	0.27577	0.748182764267921	1.000000000000000	0.384433593750000	0
27500		0.46248	0.53594	0.43839	0.27557	0.748182764267921	1.000000000000000	0.384433593750000	0
28000		0.46341	0.53515	0.43894	0.27495	0.748182764267921	1.000000000000000	0.384433593750000	0
28500		0.46383	0.53541	0.43879	0.27469	0.748182764267921	1.000000000000000	0.384433593750000	0
29000		0.46467	0.53583	0.43951	0.27478	0.748182764267921	1.000000000000000	0.384433593750000	0
29500		0.46514	0.53506	0.44000	0.27476	0.748182764267921	1.000000000000000	0.384433593750000	0
30000		0.46642	0.53643	0.43851	0.27424	0.748182764267921	1.000000000000000	0.384433593750000	0
30500		0.46662	0.53642	0.43765	0.27415	0.748182764267921	1.000000000000000	0.384433593750000	0
31000		0.46675	0.53667	0.43691	0.27385	0.748182764267921	1.000000000000000	0.384433593750000	0
31500		0.46707	0.53685	0.43637	0.27348	0.748182764267921	1.000000000000000	0.384433593750000	0
32000		0.46738	0.53693	0.43680	0.27333	0.748182764267921	1.000000000000000	0.384433593750000	0
32500		0.46721	0.53671	0.43611	0.27318	0.748182764267921	1.000000000000000	0.384433593750000	0
33000		0.46714	0.53712	0.43533	0.27307	0.748182764267921	1.000000000000000	0.384433593750000	0
33500		0.46733	0.53677	0.43572	0.27336	0.748182764267921	1.000000000000000	0.384433593750000	0
34000		0.46804	0.53649	0.43553	0.27344	0.748182764267921	1.000000000000000	0.384433593750000	0
34500		0.46766	0.53652	0.43543	0.27357	0.748182764267921	1.000000000000000	0.384433593750000	0
35000		0.46796	0.53715	0.43515	0.27341	0.748182764267921	1.000000000000000	0.384433593750000	0
35500		0.46763	0.53733	0.43539	0.27347	0.748182764267921	1.000000000000000	0.384433593750000	0
36000		0.46760	0.53653	0.43575	0.27349	0.748182764267921	1.000000000000000	0.384433593750000	0
36500		0.46753	0.53728	0.43572	0.27351	0.748182764267921	1.000000000000000	0.384433593750000	0
37000		0.46750	0.53757	0.43560	0.27371	0.748182764267921	1.000000000000000	0.384433593750000	0
37500		0.46774	0.53831	0.43582	0.27329	0.748182764267921	1.000000000000000	0.384433593750000	0
38000		0.46837	0.53853	0.43531	0.27304	0.748182764267921	1.000000000000000	0.384433593750000	0
38500		0.46789	0.53900	0.43591	0.27307	0.748182764267921	1.000000000000000	0.384433593750000	0
39000		0.46846	0.53884	0.43539	0.27295	0.748182764267921	1.000000000000000	0.384433593750000	0
39500		0.46828	0.53900	0.43614	0.27310	0.748182764267921	1.000000000000000	0.384433593750000	0
40000		0.46862	0.53811	0.43608	0.27348	0.748182764267921	1.000000000000000	0.384433593750000	0
40500		0.46797	0.53741	0.43636	0.27375	0.748182764267921	1.000000000000000	0.384433593750000	0
41000		0.46727	0.53749	0.43690	0.27389	0.748182764267921	1.000000000000000	0.384433593750000	0
41500		0.46652	0.53743	0.43714	0.27395	0.748182764267921	1.000000000000000	0.384433593750000	0
42000		0.46687	0.53761	0.43704	0.27384	0.748182764267921	1.000000000000000	0.384433593750000	0
42500		0.46702	0.53797	0.43653	0.27372	0.748182764267921	1.000000000000000	0.384433593750000	0
43000		0.46766	0.53800	0.43686	0.27370	0.748182764267921	1.000000000000000	0.384433593750000	0
43500		0.46702	0.53819	0.43797	0.27379	0.748182764267921	1.000000000000000	0.384433593750000	0
44000		0.46691	0.53809	0.43681	0.27362	0.748182764267921	1.000000000000000	0.384433593750000	0
44500		0.46681	0.53833	0.43693	0.27375	0.748182764267921	1.000000000000000	0.384433593750000	0
45000		0.46585	0.53857	0.43760	0.27400	0.748182764267921	1.000000000000000	0.384433593750000	0
45500		0.46559	0.53832	0.43837	0.27396	0.748182764267921	1.000000000000000	0.384433593750000	0
46000		0.46623	0.53814	0.43807	0.27371	0.748182764267921	1.000000000000000	0.384433593750000	0
46500		0.46608	0.53840	0.43748	0.27371	0.748182764267921	1.000000000000000	0.384433593750000	0
47000		0.46608	0.53859	0.43767	0.27368	0.748182764267921	1.000000000000000	0.384433593750000	0
47500		0.46600	0.53889	0.43702	0.27338	0.748182764267921	1.000000000000000	0.384433593750000	0
48000		0.46622	0.53893	0.43669	0.27329	0.748182764267921	1.000000000000000	0.384433593750000	0
48500		0.46603	0.53905	0.43720	0.27348	0.748182764267921	1.000000000000000	0.384433593750000	0
49000		0.46589	0.53880	0.43775	0.27340	0.748182764267921	1.000000000000000	0.384433593750000	0
49500		0.46525	0.53866	0.43784	0.27326	0.748182764267921	1.000000000000000	0.384433593750000	0
50000		0.46538	0.53891	0.43708	0.27315	0.748182764267921	1.000000000000000	0.384433593750000	0
50500		0.46554	0.53918	0.43748	0.27320	0.748182764267921	1.000000000000000	0.384433593750000	0
51000		0.46585	0.53891	0.43677	0.27289	0.748182764267921	1.000000000000000	0.384433593750000	0
51500		0.46585	0.53880	0.43598	0.27274	0.748182764267921	1.000000000000000	0.384433593750000	0
52000		0.46583	0.53807	0.43619	0.27282	0.748182764267921	1.000000000000000	0.384433593750000	0
52500		0.46590	0.53793	0.43571	0.27276	0.748182764267921	1.000000000000000	0.384433593750000	0
53000		0.46552	0.53827	0.43555	0.27268	0.748182764267921	1.000000000000000	0.384433593750000	0
53500		0.46558	0.53833	0.43559	0.27258	0.748182764267921	1.000000000000000	0.384433593750000	0
54000		0.46574	0.53824	0.43610	0.27248	0.748182764267921	1.000000000000000	0.384433593750000	0
54500		0.46602	0.53814	0.43610	0.27234	0.748182764267921	1.000000000000000	0.384433593750000	0
55000		0.46566	0.53770	0.43580	0.27227	0.748182764267921	1.000000000000000	0.384433593750000	0
55500		0.46573	0.53807	0.43522	0.27222	0.748182764267921	1.000000000000000	0.384433593750000	0
56000		0.46607	0.53807	0.43536	0.27217	0.748182764267921	1.000000000000000	0.384433593750000	0
56500		0.46598	0.53800	0.43506	0.27187	0.748182764267921	1.000000000000000	0.384433593750000	0
57000		0.46578	0.53809	0.43503	0.27172	0.748182764267921	1.000000000000000	0.384433593750000	0
57500		0.46563	0.53815	0.43475	0.27164	0.748182764267921	1.000000000000000	0.384433593750000	0
58000		0.46570	0.53817	0.43503	0.27170	0.748182764267921	1.000000000000000	0.384433593750000	0
58500		0.46585	0.53802	0.43506	0.27173	0.748182764267921	1.000000000000000	0.384433593750000	0
59000		0.46577	0.53796	0.43488	0.27179	0.748182764267921	1.000000000000000	0.384433593750000	0
59500		0.46579	0.53825	0.43524	0.27182	0.748182764267921	1.000000000000000	0.384433593750000	0
60000		0.46569	0.53854	0.43514	0.27164	0.748182764267921	1.000000000000000	0.384433593750000	0
60500		0.46535	0.53867	0.43511	0.27178	0.748182764267921	1.000000000000000	0.384433593750000	0
61000		0.46572	0.53867	0.43526	0.27165	0.748182764267921	1.000000000000000	0.384433593750000	0
61500		0.46572	0.53872	0.43516	0.27169	0.748182764267921	1.000000000000000	0.384433593750000	0
62000		0.46612	0.53855	0.43517	0.27170	0.748182764267921	1.000000000000000	0.384433593750000	0
62500		0.46617	0.53896	0.43540	0.27163	0.748182764267921	1.000000000000000	0.384433593750000	0
63000		0.46613	0.53895	0.43559	0.27153	0.748182764267921	1.000000000000000	0.384433593750000	0
63500		0.46604	0.53894	0.43546	0.27158	0.748182764267921	1.000000000000000	0.384433593750000	0
64000		0.46617	0.53918	0.43506	0.27149	0.748182764267921	1.000000000000000	0.384433593750000	0
64500		0.46643	0.53908	0.43525	0.27148	0.748182764267921	1.000000000000000	0.384433593750000	0
65000		0.46646	0.53899	0.43521	0.27145	0.748182764267921	1.000000000000000	0.384433593750000	0
65500		0.46633	0.53887	0.43489	0.27150	0.748182764267921	1.000000000000000	0.384433593750000	0
66000		0.46591	0.53881	0.43567	0.27184	0.748182764267921	1.000000000000000	0.384433593750000	0
66500		0.46555	0.53900	0.43555	0.27182	0.748182764267921	1.000000000000000	0.384433593750000	0
67000		0.46586	0.53886	0.43539	0.27173	0.748182764267921	1.000000000000000	0.384433593750000	0
67500		0.46591	0.53868	0.43551	0.27184	0.748182764267921	1.000000000000000	0.384433593750000	0
68000		0.46572	0.53874	0.43515	0.27190	0.748182764267921	1.000000000000000	0.384433593750000	0
68500		0.46577	0.53902	0.43473	0.27168	0.748182764267921	1.000000000000000	0.384433593750000	0
69000		0.46600	0.53904	0.43496	0.27157	0.748182764267921	1.000000000000000	0.384433593750000	0
69500		0.46586	0.53917	0.43518	0.27160	0.748182764267921	1.000000000000000	0.384433593750000	0
70000		0.46620	0.53966	0.43537	0.27156	0.748182764267921	1.000000000000000	0.384433593750000	0
70500		0.46610	0.53966	0.43577	0.27148	0.748182764267921	1.000000000000000	0.384433593750000	0
71000		0.46588	0.53953	0.43579	0.27147	0.748182764267921	1.000000000000000	0.384433593750000	0
71500		0.46569	0.53967	0.43619	0.27147	0.748182764267921	1.000000000000000	0.384433593750000	0
72000		0.46548	0.53959	0.43652	0.27143	0.748182764267921	1.000000000000000	0.384433593750000	0
72500		0.46553	0.53952	0.43631	0.27124	0.748182764267921	1.000000000000000	0.384433593750000	0
73000		0.46505	0.53959	0.43657	0.27132	0.748182764267921	1.000000000000000	0.384433593750000	0
73500		0.46518	0.53963	0.43659	0.27128	0.748182764267921	1.000000000000000	0.384433593750000	0
74000		0.46500	0.53952	0.43665	0.27131	0.748182764267921	1.000000000000000	0.384433593750000	0
74500		0.46493	0.53937	0.43693	0.27129	0.748182764267921	1.000000000000000	0.384433593750000	0
75000		0.46498	0.53946	0.43712	0.27147	0.748182764267921	1.000000000000000	0.384433593750000	0
75500		0.46482	0.53931	0.43761	0.27143	0.748182764267921	1.000000000000000	0.384433593750000	0
76000		0.46485	0.53981	0.43773	0.27159	0.748182764267921	1.000000000000000	0.384433593750000	0
76500		0.46493	0.53978	0.43793	0.27156	0.748182764267921	1.000000000000000	0.384433593750000	0
77000		0.46489	0.53962	0.43792	0.27176	0.748182764267921	1.000000000000000	0.384433593750000	0
77500		0.46463	0.53982	0.43779	0.27180	0.748182764267921	1.000000000000000	0.384433593750000	0
78000		0.46434	0.53994	0.43818	0.27186	0.748182764267921	1.000000000000000	0.384433593750000	0
78500		0.46428	0.53993	0.43836	0.27187	0.748182764267921	1.000000000000000	0.384433593750000	0
79000		0.46415	0.54009	0.43856	0.27194	0.748182764267921	1.000000000000000	0.384433593750000	0
79500		0.46407	0.54015	0.43827	0.27185	0.748182764267921	1.000000000000000	0.384433593750000	0
80000		0.46420	0.54023	0.43824	0.27177	0.748182764267921	1.000000000000000	0.384433593750000	0
80500		0.46419	0.54007	0.43824	0.27176	0.748182764267921	1.000000000000000	0.384433593750000	0
81000		0.46420	0.53993	0.43821	0.27190	0.748182764267921	1.000000000000000	0.384433593750000	0
81500		0.46445	0.53970	0.43805	0.27197	0.748182764267921	1.000000000000000	0.384433593750000	0
82000		0.46420	0.53952	0.43808	0.27191	0.748182764267921	1.000000000000000	0.384433593750000	0
82500		0.46424	0.53970	0.43826	0.27189	0.748182764267921	1.000000000000000	0.384433593750000	0
83000		0.46439	0.53976	0.43837	0.27178	0.748182764267921	1.000000000000000	0.384433593750000	0
83500		0.46434	0.53963	0.43848	0.27176	0.748182764267921	1.000000000000000	0.384433593750000	0
84000		0.46447	0.53964	0.43862	0.27187	0.748182764267921	1.000000000000000	0.384433593750000	0
84500		0.46457	0.53958	0.43884	0.27193	0.748182764267921	1.000000000000000	0.384433593750000	0
85000		0.46459	0.53986	0.43877	0.27191	0.748182764267921	1.000000000000000	0.384433593750000	0
85500		0.46451	0.53973	0.43889	0.27196	0.748182764267921	1.000000000000000	0.384433593750000	0
86000		0.46441	0.53980	0.43907	0.27201	0.748182764267921	1.000000000000000	0.384433593750000	0
86500		0.46428	0.53971	0.43934	0.27202	0.748182764267921	1.000000000000000	0.384433593750000	0
87000		0.46421	0.54003	0.43921	0.27195	0.748182764267921	1.000000000000000	0.384433593750000	0
87500		0.46444	0.54032	0.43918	0.27196	0.748182764267921	1.000000000000000	0.384433593750000	0
88000		0.46455	0.54007	0.43913	0.27200	0.748182764267921	1.000000000000000	0.384433593750000	0
88500		0.46463	0.54001	0.43920	0.27202	0.748182764267921	1.000000000000000	0.384433593750000	0
89000		0.46462	0.54003	0.43920	0.27200	0.748182764267921	1.000000000000000	0.384433593750000	0
89500		0.46482	0.53995	0.43875	0.27201	0.748182764267921	1.000000000000000	0.384433593750000	0
90000		0.46482	0.53996	0.43851	0.27203	0.748182764267921	1.000000000000000	0.384433593750000	0
90500		0.46481	0.54004	0.43853	0.27216	0.748182764267921	1.000000000000000	0.384433593750000	0
91000		0.46492	0.53986	0.43874	0.27220	0.748182764267921	1.000000000000000	0.384433593750000	0
91500		0.46473	0.53971	0.43871	0.27224	0.748182764267921	1.000000000000000	0.384433593750000	0
92000		0.46473	0.53980	0.43833	0.27212	0.748182764267921	1.000000000000000	0.384433593750000	0
92500		0.46482	0.53995	0.43857	0.27226	0.748182764267921	1.000000000000000	0.384433593750000	0
93000		0.46490	0.54010	0.43858	0.27219	0.748182764267921	1.000000000000000	0.384433593750000	0
93500		0.46474	0.54032	0.43866	0.27212	0.748182764267921	1.000000000000000	0.384433593750000	0
94000		0.46466	0.54048	0.43902	0.27204	0.748182764267921	1.000000000000000	0.384433593750000	0
94500		0.46475	0.54071	0.43898	0.27195	0.748182764267921	1.000000000000000	0.384433593750000	0
95000		0.46470	0.54091	0.43865	0.27184	0.748182764267921	1.000000000000000	0.384433593750000	0
95500		0.46486	0.54098	0.43830	0.27185	0.748182764267921	1.000000000000000	0.384433593750000	0
96000		0.46493	0.54086	0.43849	0.27186	0.748182764267921	1.000000000000000	0.384433593750000	0
96500		0.46474	0.54093	0.43837	0.27188	0.748182764267921	1.000000000000000	0.384433593750000	0
97000		0.46483	0.54078	0.43828	0.27192	0.748182764267921	1.000000000000000	0.384433593750000	0
97500		0.46490	0.54091	0.43824	0.27188	0.748182764267921	1.000000000000000	0.384433593750000	0
98000		0.46487	0.54094	0.43837	0.27192	0.748182764267921	1.000000000000000	0.384433593750000	0
98500		0.46473	0.54091	0.43830	0.27187	0.748182764267921	1.000000000000000	0.384433593750000	0
99000		0.46483	0.54091	0.43832	0.27186	0.748182764267921	1.000000000000000	0.384433593750000	0
99500		0.46492	0.54069	0.43839	0.27182	0.748182764267921	1.000000000000000	0.384433593750000	0
100000		0.46482	0.54063	0.43832	0.27173	0.748182764267921	1.000000000000000	0.384433593750000	0