step	post	like	prior	mu1	mu2	gamma	pi	Tinf_1	Tinf_2	Tinf_3	Tinf_4	Tinf_5	Tinf_6	Tinf_7	Tinf_8	Tinf_9	Tinf_10	Tinf_11	Tinf_12	Tinf_13	Tinf_14	Tinf_15	Tinf_16	Tinf_17	Tinf_18	Tinf_19	Tinf_20	alpha_1	alpha_2	alpha_3	alpha_4	alpha_5	alpha_6	alpha_7	alpha_8	alpha_9	alpha_10	alpha_11	alpha_12	alpha_13	alpha_14	alpha_15	alpha_16	alpha_17	alpha_18	alpha_19	alpha_20	kappa_1	kappa_2	kappa_3	kappa_4	kappa_5	kappa_6	kappa_7	kappa_8	kappa_9	kappa_10	kappa_11	kappa_12	kappa_13	kappa_14	kappa_15	kappa_16	kappa_17	kappa_18	kappa_19	kappa_20
1	-2507.042726721195777	-2505.580644636676880	-1.462082084518882	0.000010000000000	0.000010000000000	1.000000000000000	0.089712974892549	-1	3	4	5	5	4	5	7	9	9	10	12	15	16	18	21	20	20	21	23	0	1	1	1	1	1	1	1	1	1	1	1	1	1	1	1	1	1	1	1	1	2	3	3	3	3	3	4	5	5	6	7	8	9	10	11	11	11	11	12
500	-133.028977218956442	-131.667688919792852	-1.361288299163603	0.000010002785559	0.000005488228657	0.548670030434873	0.099336756755023	0	3	4	5	6	4	5	8	8	9	10	12	14	17	18	21	21	19	21	23	0	0	2	2	6	2	2	4	2	6	10	4	11	10	14	14	14	14	14	14	1	1	1	1	2	1	1	2	3	4	1	3	3	4	1	2	1	1	2	4
1000	-120.875348952014903	-119.512665527120845	-1.362683424894065	0.000010065498684	0.000006188394452	0.614812504236571	0.314923170779263	-2	2	4	5	4	3	6	7	9	10	10	12	14	17	17	21	21	21	19	24	0	0	2	6	2	2	2	7	5	4	7	7	12	12	12	19	15	14	15	17	1	1	1	2	1	1	3	1	2	2	2	3	1	3	2	2	2	3	1	2
1500	-104.063780099756841	-102.568824012598157	-1.494956087158683	0.000010061038778	0.000010952620236	1.088617237047709	0.576791185067264	-1	3	4	5	5	5	6	7	9	9	10	13	14	15	19	22	21	21	20	22	0	0	2	2	2	2	2	4	4	7	5	4	10	12	12	19	15	15	15	17	1	1	1	1	1	1	2	1	2	2	3	4	2	1	3	1	1	1	1	1
2000	-99.781162045735016	-98.388102374752279	-1.393059670982733	0.000010172839779	0.000007961135925	0.782587369717664	0.793508469730111	0	2	5	4	5	5	3	7	9	9	11	12	15	16	18	21	19	19	20	23	0	0	7	7	7	4	2	5	8	8	10	10	12	13	14	19	14	14	14	17	1	1	1	1	2	1	1	1	1	1	1	1	1	1	1	1	2	2	2	2
2500	-92.610956449683798	-90.736253728648222	-1.874702721035582	0.000010034804110	0.000020303213012	2.023279457080100	0.820673624373580	-1	3	4	5	6	4	5	7	9	9	10	11	16	17	19	22	19	20	21	23	0	0	2	2	4	2	2	4	8	7	10	10	12	10	14	19	14	14	15	17	1	1	1	1	1	1	1	1	1	2	1	1	3	3	1	1	1	2	1	2
3000	-104.746571231783022	-103.324961507429038	-1.421609724353989	0.000010279239172	0.000009056076610	0.881006508249620	0.613282811274110	-2	3	4	6	5	4	5	7	7	8	10	12	15	15	17	21	20	21	20	24	0	0	2	6	6	2	6	6	2	2	10	10	12	12	14	19	15	14	15	17	1	1	1	1	1	1	1	1	1	2	1	2	2	1	1	1	2	3	2	2
3500	-102.657621060598828	-101.294581545444942	-1.363039515153891	0.000010733881386	0.000006645638344	0.619127238817035	0.708012209523962	0	2	4	5	6	4	5	7	8	9	11	12	13	16	18	21	20	20	21	23	0	0	2	6	6	2	2	5	4	4	10	10	6	13	14	15	14	15	14	17	1	1	1	1	1	1	2	1	2	2	1	2	4	2	2	2	2	1	2	1
4000	-97.170575105322257	-95.614208930466773	-1.556366174855478	0.000010656107562	0.000013267617114	1.245071620841783	0.609638384978696	-1	3	4	4	5	5	4	7	9	9	11	11	14	16	18	19	21	19	21	23	0	0	2	2	2	4	2	6	8	7	10	10	10	13	14	14	14	14	16	17	1	1	1	1	1	1	1	1	1	3	1	1	2	1	1	2	3	1	1	1
4500	-93.420302329601569	-91.616339807249602	-1.803962522351968	0.000011910653625	0.000002092093821	0.175648951542202	0.841889912494734	-1	3	4	4	5	4	5	7	10	8	10	13	15	16	19	20	21	20	21	23	0	0	2	2	2	2	2	7	10	5	10	10	12	12	14	14	15	15	15	17	1	1	1	1	1	1	1	1	1	2	1	2	1	2	1	2	1	1	1	1
5000	-108.719286318111074	-107.085507865565020	-1.633778452546059	0.000011600719981	0.000016645236710	1.434845142061085	0.708924875759061	-1	1	4	6	5	4	6	8	9	10	11	13	14	16	18	22	20	20	20	24	0	0	2	2	2	2	6	6	4	4	10	10	10	12	14	19	15	15	15	17	1	1	1	2	2	1	2	2	1	2	1	1	1	1	1	2	1	1	1	1
5500	-108.914698927077524	-107.497316603057712	-1.417382324019813	0.000010914324781	0.000009468365643	0.867517307124476	0.734214294254824	-2	2	4	5	4	4	5	7	8	8	10	10	15	17	19	20	20	21	22	24	0	0	2	5	2	2	2	4	5	2	10	10	12	13	14	14	14	13	16	17	1	1	1	1	1	1	2	1	3	3	1	1	3	2	1	2	1	3	1	2
6000	-100.921903592317349	-98.777983958365795	-2.143919633951554	0.000015801870220	0.000001883801541	0.119213834458332	0.623281375392031	-1	3	5	6	5	4	5	7	9	8	9	12	15	16	19	20	20	19	21	24	0	0	6	7	6	2	6	7	8	7	10	10	12	2	14	14	14	14	16	17	1	1	1	1	1	1	1	1	1	1	1	2	2	5	2	2	3	1	1	2
6500	-104.678035768685007	-103.308926151970951	-1.369109616714062	0.000023299367049	0.000015592020880	0.669203624568318	0.588520227352753	0	3	5	6	5	4	5	6	10	9	10	13	15	16	18	20	19	20	22	23	0	0	2	5	2	2	2	7	8	4	5	4	12	10	14	15	14	15	16	17	1	1	1	1	1	1	1	1	1	2	4	3	1	2	1	1	1	1	2	2
7000	-95.018374000602478	-93.493107422745368	-1.525266577857111	0.000029691778320	0.000008260882603	0.278221213770755	0.691089694824444	0	3	4	5	6	4	6	8	9	9	11	10	14	17	18	21	20	20	22	22	0	0	2	2	6	2	6	5	7	4	10	6	10	10	14	14	14	14	16	17	1	1	1	2	1	1	1	1	1	2	1	2	2	3	1	2	2	2	1	1
7500	-112.532216392070296	-111.051057864477414	-1.481158527592881	0.000029908524311	0.000009229812438	0.308601398776340	0.667269422987272	0	2	5	6	4	4	6	7	9	9	11	13	13	15	17	20	19	20	21	24	0	0	5	6	2	2	6	2	5	8	10	11	10	9	12	15	14	14	15	17	1	1	1	1	2	1	1	2	1	1	1	1	2	3	2	2	2	2	3	1
8000	-99.842621152147331	-98.462250895477041	-1.380370256670293	0.000055675945896	0.000024777884090	0.445037505719448	0.750352964348475	0	3	4	5	6	5	6	7	9	9	11	12	14	17	19	22	19	20	20	23	0	0	2	2	6	2	2	5	5	6	10	10	8	13	14	15	14	15	15	17	1	1	1	1	1	1	2	1	1	2	2	2	3	2	1	2	2	1	1	2
8500	-90.096167230710819	-88.596074228857717	-1.500093001853107	0.000068015638410	0.000020036348652	0.294584438527178	0.672671231192730	-2	2	5	5	5	4	6	7	9	9	10	13	15	16	18	21	20	19	20	22	0	0	2	2	6	2	6	2	7	8	8	10	12	13	14	14	15	14	15	17	1	1	2	1	1	1	1	3	2	1	1	2	1	1	1	2	1	1	1	1
9000	-75.838718851940385	-73.998687829028796	-1.840031022911588	0.000040322752930	0.000006757773209	0.167592059532387	0.961216045846014	-2	3	5	5	5	4	6	7	9	9	10	13	15	16	18	22	20	20	20	23	0	0	2	2	2	2	4	7	4	8	10	10	12	13	14	19	15	15	15	17	1	1	1	1	1	1	1	1	1	1	1	2	1	1	1	1	1	1	1	1
9500	-87.521122881667296	-86.143102115427496	-1.378020766239803	0.000050507658168	0.000022825099870	0.451913644341013	0.780258022657277	-1	3	4	5	6	4	5	8	10	9	10	11	14	16	18	22	21	20	21	23	0	0	2	6	6	2	3	5	8	4	10	5	10	13	14	19	14	14	15	17	1	1	1	1	1	1	1	1	1	2	1	2	2	1	1	1	3	1	1	1
10000	-93.560589251767155	-92.196405149556597	-1.364184102210560	0.000029108113573	0.000014971812023	0.514351848505710	0.668731421209056	0	3	5	5	5	4	5	7	7	8	10	12	15	15	18	20	20	20	22	22	0	0	2	2	2	2	2	2	6	4	9	10	12	12	14	14	15	15	16	17	1	1	1	2	1	1	1	2	1	1	1	2	1	2	2	3	1	1	1	1
10500	-92.129632635197041	-90.550067320845955	-1.579565314351083	0.000104038607710	0.000025932485956	0.249258294848541	0.870177366080112	-1	2	4	6	5	4	6	8	9	8	10	10	14	16	18	20	20	20	21	22	0	0	2	5	2	2	6	4	7	4	10	10	9	13	14	15	14	15	17	19	1	1	1	1	2	1	1	1	1	1	1	1	1	1	1	1	1	1	1	1
11000	-95.880276345543024	-92.721268501019239	-3.159007844523780	0.000083078619959	0.000004422836671	0.053236761435136	0.772803352612625	-2	2	4	5	6	4	6	7	10	7	9	13	15	16	18	22	19	20	21	23	0	0	2	2	6	2	4	7	4	6	10	9	12	13	14	15	12	15	17	17	1	1	1	1	1	1	1	1	3	1	1	2	1	1	1	2	3	1	1	2
11500	-94.944002765664337	-93.565323141001883	-1.378679624662448	0.000043569411120	0.000019603165400	0.449929546814504	0.759557191189759	-1	3	4	5	5	4	6	7	9	9	10	12	13	16	18	21	21	21	21	24	0	0	2	2	3	2	4	7	7	5	10	11	10	13	13	14	14	15	15	17	1	1	1	1	1	1	1	1	1	1	1	1	2	1	3	3	3	1	2	1
12000	-99.558758046145797	-97.990819295385847	-1.567938750759956	0.000075887841928	0.000019341709795	0.254872312919207	0.787052855672159	-2	3	4	5	5	5	6	8	8	10	10	12	14	15	18	20	20	21	22	22	0	0	2	2	2	2	2	7	6	9	8	10	12	11	14	15	15	13	16	15	1	1	1	1	1	1	2	1	1	1	1	1	1	3	1	1	1	2	1	2
12500	-98.977277637286392	-97.603032623386923	-1.374245013899475	0.000040010586405	0.000018576764145	0.464296222939200	0.564224973482589	-2	3	5	5	6	4	5	5	8	8	10	11	15	16	18	21	20	20	19	22	0	0	6	2	2	2	2	2	5	8	10	11	11	13	14	14	15	15	14	17	1	1	1	1	1	1	1	2	1	1	1	1	3	1	1	2	1	1	2	2
13000	-95.800416801483934	-94.230393997654730	-1.570022803829198	0.000049381119710	0.000012535166477	0.253845326933757	0.798048608186171	-1	2	5	6	5	5	4	6	9	9	11	13	15	15	18	22	20	21	20	24	0	0	7	7	2	7	2	2	4	8	10	11	9	12	14	15	15	15	14	17	1	1	1	1	1	1	1	1	1	2	1	1	3	1	2	2	1	2	2	2
13500	-98.327652490911973	-96.958310275119715	-1.369342215792256	0.000027711289846	0.000018586157183	0.670707039859052	0.791694280368401	-1	3	4	5	6	4	6	6	9	9	10	11	14	16	18	22	20	20	19	23	0	0	2	6	6	2	4	2	5	7	10	8	12	13	14	15	15	15	15	17	1	1	1	1	1	1	1	1	1	1	1	3	2	2	1	2	2	1	1	1
14000	-88.993865594726444	-87.533760759383668	-1.460104835342782	0.000056628809581	0.000018486436426	0.326449320807852	0.843261639990301	-1	3	4	5	5	5	4	7	8	9	10	11	14	16	19	22	19	20	21	24	0	0	2	2	2	2	2	6	6	8	10	10	12	12	14	15	14	14	14	17	1	1	1	1	1	1	1	1	1	1	1	1	2	2	1	1	2	2	2	2
14500	-83.370616091932220	-81.988426079223643	-1.382190012708576	0.000044711965167	0.000019675878805	0.440058466035222	0.691945472031578	-1	3	4	5	6	4	6	7	8	9	11	11	15	17	19	21	21	20	22	24	0	0	2	6	6	2	4	4	8	8	10	10	11	13	14	15	15	14	14	17	1	1	1	1	1	1	1	1	1	1	1	1	2	1	1	1	1	2	2	1
15000	-96.525366771461663	-95.018632015526350	-1.506734755935306	0.000062659574796	0.000018173761465	0.290039655139402	0.770708272441842	-1	3	5	4	6	4	5	8	8	7	10	12	15	17	19	22	19	21	21	23	0	0	2	2	4	2	2	3	2	7	3	11	9	13	14	19	14	15	15	16	1	1	2	1	1	1	1	1	2	1	2	1	3	1	1	1	1	1	1	1
15500	-100.290864190773647	-98.435758999015064	-1.855105191758585	0.000039944338892	0.000006567716385	0.164421706977881	0.686853079481746	-2	3	4	5	5	4	6	7	9	9	11	12	14	16	18	22	21	20	21	22	0	0	2	2	2	2	5	6	6	8	10	4	9	12	13	15	12	14	15	17	1	1	1	1	1	1	1	2	2	1	1	5	2	3	2	2	3	2	1	1
16000	-95.581179315703608	-93.634819204852562	-1.946360110851052	0.000049658851755	0.000007315423053	0.147313576412228	0.711526910131085	0	2	5	5	4	3	5	7	8	10	9	12	15	17	18	21	21	21	21	23	0	0	6	2	2	2	6	2	4	9	7	10	10	10	13	15	15	14	15	17	1	1	1	1	1	1	1	2	1	1	1	1	2	4	1	1	2	2	1	1
16500	-102.639173982816843	-100.889701100737142	-1.749472882079697	0.000032720671961	0.000006193264689	0.189276818541591	0.606588688472481	0	2	4	5	5	4	3	7	10	8	11	11	15	17	18	22	21	20	21	24	0	0	2	2	7	7	2	5	10	2	10	10	12	12	12	19	15	15	15	17	1	1	1	1	2	1	1	1	1	3	2	2	2	2	3	1	2	2	1	1
17000	-92.302506574151664	-90.671021364008254	-1.631485210143415	0.000040593151350	0.000009220510407	0.227144483738147	0.752338767789652	0	2	4	4	5	3	5	7	9	8	10	12	15	16	18	20	20	20	21	24	0	0	2	2	6	2	6	7	5	7	7	10	12	12	13	15	15	14	16	17	1	1	1	1	1	1	1	1	2	1	1	2	1	3	2	1	1	2	1	2
17500	-94.552616170832110	-92.813521965311878	-1.739094205520234	0.000063543728475	0.000012206862345	0.192101764217728	0.624857084818271	0	3	5	5	5	4	6	7	9	8	11	13	14	16	18	21	20	21	22	24	0	0	2	2	2	2	6	5	8	2	10	8	12	12	14	15	15	14	14	17	1	1	1	1	1	1	1	1	1	2	2	2	1	2	2	2	1	3	3	2
18000	-104.406285412753988	-102.931932043177994	-1.474353369575989	0.000075650698933	0.000023760258545	0.314078506611764	0.530576223452442	-1	3	5	6	4	5	6	8	8	8	10	13	16	16	17	21	19	20	21	23	0	0	2	2	2	2	5	2	7	7	8	11	12	10	13	18	14	14	15	17	1	1	2	2	1	1	1	2	1	2	1	2	1	3	1	1	2	2	2	2
18500	-87.434283590714358	-85.986565470604305	-1.447718120110057	0.000040304463406	0.000013638374855	0.338383734770400	0.800628907417067	-1	2	3	5	3	4	6	8	9	9	11	13	16	15	18	20	20	20	21	23	0	0	2	5	2	2	6	4	4	5	10	10	11	12	14	15	15	15	16	17	1	1	1	1	1	1	1	1	2	2	1	2	2	1	2	1	1	1	1	1
19000	-100.612111217335240	-98.978535689440818	-1.633575527894428	0.000072984087218	0.000016519275037	0.226340777378162	0.590004430800537	-2	2	5	5	4	4	6	7	7	10	10	13	15	16	18	22	21	20	20	23	0	0	5	2	2	2	5	6	2	9	9	10	11	13	14	19	14	13	14	17	1	1	1	1	1	1	1	1	2	1	2	2	2	1	1	1	4	2	2	1
19500	-99.870350824550087	-98.508458506126289	-1.361892318423800	0.000040823911813	0.000024638953238	0.603542192385003	0.632756248452500	-1	2	5	5	4	4	6	7	10	7	10	12	15	17	16	19	21	21	21	23	0	0	6	2	2	2	4	5	8	5	8	11	12	15	13	14	16	14	16	17	1	1	1	2	1	1	1	1	1	1	1	1	2	1	1	1	1	3	1	1
20000	-89.649647170252649	-88.251154641828549	-1.398492528424101	0.000034701010411	0.000014030179181	0.404316157222594	0.780491034836779	-2	1	3	6	6	4	4	8	9	9	11	12	14	17	18	21	20	20	20	23	0	0	2	7	6	2	2	4	5	8	10	10	12	13	14	19	15	15	14	17	1	1	1	1	1	1	1	2	1	1	1	1	1	1	1	1	1	1	2	1
20500	-95.414157018791315	-93.753922751303065	-1.660234267488244	0.000091415666661	0.000019799095188	0.216583173440252	0.600610709044796	-1	3	5	5	6	4	5	7	9	8	10	13	16	17	18	21	21	21	22	23	0	0	2	2	2	2	2	2	4	7	10	11	8	12	13	15	15	14	15	16	1	1	1	1	1	1	1	2	2	2	1	2	4	2	1	2	2	2	2	1
21000	-100.275672870439607	-98.354953191784105	-1.920719678655507	0.000058675941895	0.000008906549566	0.151792187373526	0.608999449778215	-1	2	5	6	6	4	5	7	9	9	10	11	13	15	18	22	20	21	20	23	0	0	2	3	7	2	2	7	5	2	8	10	9	13	14	15	15	19	15	17	1	1	1	1	1	1	2	1	2	2	2	1	2	1	2	2	1	1	1	2
21500	-119.391761004752226	-117.088235910516659	-2.303525094235565	0.000052006795255	0.000005325504212	0.102400161092880	0.354104289321032	-2	3	4	6	6	4	5	8	9	10	10	12	14	16	18	22	18	21	21	24	0	0	2	6	6	2	6	7	6	8	2	10	12	11	14	18	9	13	17	17	1	1	1	2	2	1	1	1	2	1	3	1	1	3	1	1	4	3	2	3
22000	-105.670022556923811	-104.259755710041802	-1.410266846882008	0.000068859810368	0.000026483678695	0.384602840950294	0.601469621232240	-1	1	4	6	5	3	6	5	8	8	11	11	13	16	18	21	20	20	22	23	0	0	2	8	6	2	2	3	5	8	10	10	11	13	14	14	14	14	14	16	1	1	2	1	1	1	2	1	1	2	2	2	1	1	1	3	2	2	3	1
22500	-90.522201630202147	-89.042681908486884	-1.479519721715268	0.000057859239456	0.000017930415962	0.309897194134840	0.760197393398587	-1	3	4	5	6	4	6	6	9	8	10	13	15	15	19	21	20	19	20	22	0	0	2	2	6	2	6	6	10	8	10	9	10	12	13	19	15	13	15	15	1	1	1	1	1	1	1	1	1	1	1	3	3	1	2	1	1	2	1	1
23000	-98.431631249109415	-95.730412298136130	-2.701218950973287	0.000072306792892	0.000005321655888	0.073598284126026	0.854513906126644	-1	3	4	4	6	5	4	6	9	9	10	12	14	16	18	21	19	20	22	24	0	0	2	2	6	2	2	7	8	8	10	10	10	12	14	14	14	13	14	19	1	1	1	1	1	1	1	1	1	1	1	1	2	2	1	3	1	2	2	1
23500	-87.251727508380640	-85.237262323312535	-2.014465185068111	0.000089839199399	0.000012259787749	0.136463679892266	0.816542527828954	-1	3	5	6	5	4	5	6	8	8	10	12	15	17	18	22	20	20	21	22	0	0	2	7	6	2	2	2	8	8	10	10	11	13	14	19	14	14	15	17	1	1	1	1	1	1	1	1	1	1	1	2	1	1	1	1	2	1	2	1
24000	-98.074183852810137	-96.073632564734211	-2.000551288075922	0.000046944946875	0.000006505007617	0.138566726558683	0.741252330567670	0	3	5	6	6	4	5	8	8	9	11	11	15	14	17	22	19	19	20	24	0	0	2	6	2	2	2	5	3	4	10	10	14	10	14	19	15	15	18	17	1	1	1	1	1	1	1	1	1	1	1	1	1	2	2	1	1	2	1	2
24500	-90.391091907646953	-88.950834626119743	-1.440257281527210	0.000046530121436	0.000016109342339	0.346213202166498	0.775462556223623	0	3	4	4	6	5	6	6	8	10	9	12	14	16	18	22	20	20	20	24	0	0	2	2	4	2	2	4	7	5	6	10	10	13	14	19	15	15	14	17	1	1	1	1	1	1	1	1	1	2	1	1	2	1	2	1	1	1	2	2
25000	-99.670671864121857	-98.267486131266040	-1.403185732855815	0.000055821623793	0.000022106127726	0.396013699065408	0.622606272007881	-1	3	5	5	5	4	5	7	10	9	11	13	15	17	19	20	19	19	21	23	0	0	2	6	6	2	2	5	10	3	10	10	12	13	14	15	13	14	14	17	1	1	1	1	1	1	2	1	1	1	2	2	1	1	1	1	3	1	2	2
25500	-96.447843196117930	-94.757208192406296	-1.690635003711629	0.000044575384969	0.000009202546894	0.206449072729549	0.721202168108216	-2	2	4	6	4	3	4	7	8	9	10	12	14	16	18	20	19	20	21	22	0	0	2	5	2	2	2	5	5	9	9	9	10	13	13	15	14	17	16	17	1	1	2	1	1	1	1	1	2	1	1	2	3	1	2	1	2	1	1	2
26000	-101.431843243409787	-99.946645287789607	-1.485197955620174	0.000034349174053	0.000010492548214	0.305467263864089	0.556646010930767	-1	3	5	5	5	4	6	7	10	9	11	9	14	16	18	20	20	20	22	22	0	0	6	6	6	2	6	4	2	8	12	4	10	12	13	15	15	14	16	15	1	1	1	1	1	1	1	1	2	1	1	2	2	3	1	1	1	2	1	2
26500	-87.887116881786653	-86.383253549985554	-1.503863331801102	0.000067649994730	0.000019752639865	0.291982873670357	0.807682808310629	-1	2	5	5	4	4	6	7	10	9	9	12	15	17	19	21	20	21	21	22	0	0	6	6	2	2	6	5	7	8	5	10	11	13	13	14	15	15	15	17	1	1	1	1	1	1	1	1	2	1	2	1	2	1	2	2	1	1	1	1
27000	-95.562514831310978	-93.322581169139113	-2.239933662171858	0.000047292263334	0.000005136546936	0.108612837998730	0.738506295828243	-3	3	5	5	6	5	4	7	8	9	10	11	15	15	18	20	20	20	22	23	0	0	7	2	7	7	2	4	7	8	9	10	12	9	13	13	14	14	16	17	1	1	1	1	1	1	1	1	2	1	1	1	2	4	1	2	3	2	1	1
27500	-92.930342193734177	-91.371550100221810	-1.558792093512364	0.000052785589725	0.000013697468529	0.259492573634415	0.640338611340026	-1	2	3	6	5	4	6	7	9	10	10	12	15	16	18	22	20	20	20	23	0	0	2	6	2	2	2	6	4	7	5	9	10	13	14	19	15	15	14	17	1	1	1	1	2	1	2	2	1	2	3	2	3	1	1	1	1	1	1	2
28000	-107.986001160126804	-106.063589053827826	-1.922412106298984	0.000041050030837	0.000006218638678	0.151489257168866	0.494320554167799	0	2	4	6	5	3	4	7	10	9	11	13	15	16	18	20	18	20	20	22	0	0	2	6	6	2	2	5	7	7	4	10	12	13	10	17	10	15	14	17	1	1	1	2	1	1	1	1	4	4	3	2	1	1	4	1	4	1	2	2
28500	-107.511141464726620	-105.577093958915171	-1.934047505811444	0.000071407336187	0.000010670753984	0.149434981807104	0.707123637310841	-1	3	5	5	6	5	6	7	10	9	10	12	13	17	16	21	21	20	20	23	0	0	2	2	3	2	2	6	8	5	10	9	6	15	12	15	15	14	14	19	1	1	2	1	1	2	1	1	1	2	1	1	3	1	2	2	2	2	2	1
29000	-102.088150157788064	-100.713935783750074	-1.374214374037987	0.000062906551694	0.000029214108902	0.464404869050262	0.603160844033761	-1	3	5	5	6	5	6	8	8	10	10	13	15	17	18	21	18	20	20	24	0	0	2	2	4	2	2	4	4	9	8	11	11	10	13	14	14	14	14	16	1	1	1	1	1	1	1	1	2	1	1	1	2	2	1	2	1	1	2	1
29500	-99.211021388895077	-97.700898302189543	-1.510123086705535	0.000068717130153	0.000019775925098	0.287787412741137	0.732695073848518	-3	3	4	5	6	4	5	6	8	8	10	11	15	16	17	20	19	20	21	21	0	0	2	6	6	2	2	7	7	8	10	10	10	12	13	15	15	14	14	14	1	1	1	1	1	1	1	1	1	1	1	1	2	3	1	1	1	2	3	2
30000	-91.511644712751789	-89.987975044057720	-1.523669668694071	0.000043053005019	0.000012020127934	0.279193703879174	0.724760184794568	0	3	5	5	5	4	5	8	9	10	11	12	14	16	18	21	20	20	20	24	0	0	6	6	2	2	6	7	7	9	10	10	10	13	14	14	15	14	15	16	1	1	1	1	1	1	1	1	1	1	1	1	2	2	2	3	1	2	1	1
30500	-101.673231176631745	-100.260091014125635	-1.413140162506115	0.000091046990687	0.000034624810579	0.380296046230013	0.727927030170721	0	3	5	5	5	4	5	7	9	9	10	12	15	17	16	21	18	21	21	23	0	0	6	6	2	2	2	2	5	7	9	10	12	15	13	14	15	14	12	17	1	1	1	1	1	1	1	2	2	2	1	2	1	1	1	2	1	2	3	2
31000	-105.025245554034100	-103.664331937039947	-1.360913616994160	0.000028964093097	0.000016241907469	0.560760090593535	0.777964478096169	-1	2	3	5	6	3	4	8	9	7	11	12	15	17	19	19	20	18	20	24	0	0	2	7	7	2	2	5	8	6	10	10	11	13	14	14	14	13	16	17	1	1	1	1	1	1	1	1	1	1	1	2	2	2	1	1	1	1	1	1
31500	-94.167080566174405	-92.742306967829848	-1.424773598344555	0.000038264932055	0.000013943656283	0.364397779748810	0.723141289980152	-1	3	5	5	5	4	6	8	10	8	10	12	14	16	19	20	20	20	21	24	0	0	2	2	2	2	6	7	8	2	8	9	12	13	10	14	15	14	16	17	1	1	1	1	1	1	1	1	1	3	1	1	2	1	5	2	1	2	1	2
32000	-91.591206382315619	-89.276985181640512	-2.314221200675109	0.000067811980758	0.000006876859810	0.101410690751832	0.815690460581219	-1	2	4	5	5	4	6	7	10	8	10	13	15	16	19	20	18	20	22	23	0	0	2	2	6	2	6	5	8	8	10	10	12	12	13	15	14	14	16	15	1	1	1	2	1	1	1	1	1	1	1	2	1	1	3	1	1	2	1	2
32500	-82.749521745787035	-81.026188148405907	-1.723333597381134	0.000069048463401	0.000013571469487	0.196549913181511	0.864728693280449	0	2	4	5	6	4	5	7	9	8	10	12	14	16	18	21	19	20	20	23	0	0	2	2	6	2	3	5	10	4	10	11	12	13	14	19	15	15	15	19	1	1	1	2	1	1	1	1	1	1	1	1	1	1	1	1	1	1	1	2
33000	-97.504043772683119	-95.411957078985125	-2.092086693697995	0.000092266590980	0.000011594188983	0.125659665751919	0.773245845708966	-1	3	5	5	4	5	5	8	9	8	10	10	14	16	18	21	20	19	22	24	0	0	2	5	2	2	2	7	6	5	8	10	12	10	14	15	15	14	16	19	1	1	1	1	1	1	1	2	2	1	1	1	2	3	1	1	1	2	1	1
33500	-96.475950235116073	-94.962342949573511	-1.513607285542558	0.000043095325793	0.000012304399359	0.285515868195326	0.794807960253082	-1	2	5	5	5	3	6	7	9	10	10	12	14	17	18	20	20	19	21	23	0	0	2	2	6	2	6	5	7	9	8	8	10	12	14	14	14	15	16	17	1	1	1	1	1	1	2	1	1	1	1	3	2	2	1	2	1	1	1	2
34000	-118.305883086448645	-116.889193700306080	-1.416689386142566	0.000059687501291	0.000022394736594	0.375199767282188	0.844182650343600	0	1	4	4	3	2	3	4	10	8	11	13	16	15	16	22	20	21	20	23	0	0	6	6	6	2	2	6	3	8	9	11	12	12	14	19	15	15	15	19	1	1	1	1	1	1	2	1	2	2	1	1	2	1	1	1	2	2	1	1
34500	-87.620104604882627	-86.171238089424207	-1.448866515458426	0.000043872554305	0.000014794891236	0.337224295928641	0.804373938307201	-1	3	5	6	6	5	5	7	9	9	10	12	14	17	18	21	21	19	21	24	0	0	2	6	6	2	2	7	8	7	10	10	10	12	13	14	14	14	15	17	1	1	1	1	1	1	1	1	1	1	1	2	2	2	2	2	2	1	1	1
35000	-100.441943208850802	-99.016097486869555	-1.425845721981244	0.000046092432581	0.000016733414656	0.363040389035029	0.644154128177523	-2	3	5	4	5	4	6	7	8	9	10	11	14	17	18	22	20	20	21	24	0	0	6	2	4	2	4	6	4	8	10	2	10	13	12	15	15	14	14	17	1	1	1	1	1	1	1	2	2	1	1	4	2	1	2	2	1	1	2	1
35500	-88.652404896260634	-86.800356503282472	-1.852048392978167	0.000069935023524	0.000011543180608	0.165055790740017	0.837758567782541	-1	3	5	5	6	4	5	7	10	9	10	12	15	16	18	21	19	20	22	21	0	0	2	2	7	2	6	4	8	8	10	10	12	12	12	17	12	15	16	17	1	1	1	1	1	1	1	1	1	1	1	1	1	2	3	1	3	1	1	1
36000	-97.295436217405097	-95.260763261317337	-2.034672956087767	0.000051632021547	0.000006893099628	0.133504352941472	0.717276477417255	0	2	5	5	6	4	6	8	7	9	11	12	16	16	19	22	19	21	20	23	0	0	2	6	4	2	4	4	7	5	10	10	12	12	14	19	14	19	14	14	1	1	1	1	1	1	1	1	1	1	1	1	2	2	1	1	1	1	2	2
36500	-95.702821187549191	-94.019338788460644	-1.683482399088547	0.000066278837511	0.000013835504470	0.208746939295312	0.792541654174771	-2	2	4	4	6	4	6	7	9	8	10	11	15	16	19	21	18	19	20	23	0	0	2	2	4	2	4	6	5	7	10	10	12	11	14	17	14	14	15	17	1	1	1	1	1	1	1	1	1	1	1	1	2	2	2	1	1	2	1	2
37000	-90.740213558029211	-89.030847512756694	-1.709366045272511	0.000070979036786	0.000014242809135	0.200662192388945	0.736370619709579	0	2	4	4	5	5	6	7	8	10	10	12	16	16	18	21	21	19	20	23	0	0	2	2	2	4	4	5	7	9	9	10	12	12	14	15	18	14	15	17	1	1	1	2	1	1	1	1	1	1	1	1	2	2	1	2	1	2	1	1
37500	-108.095300957201744	-106.607077914670015	-1.488223042531732	0.000054712758399	0.000016587474189	0.303173787504433	0.471687043631554	-1	2	5	6	5	4	3	6	9	9	11	11	15	16	19	21	20	21	21	23	0	0	7	6	7	2	2	7	2	8	4	9	8	9	13	14	14	14	15	15	1	1	1	1	1	1	1	2	3	2	2	2	4	3	2	2	2	3	2	2
38000	-100.157906528613168	-98.671416316884020	-1.486490211729154	0.000037844013526	0.000011522822641	0.304482045315744	0.619215459083922	0	2	4	3	4	4	6	7	9	8	10	12	16	17	19	20	20	20	21	23	0	0	4	2	2	4	4	6	6	7	10	10	12	13	14	14	14	14	15	17	1	1	1	1	1	1	1	1	2	2	1	2	2	1	1	2	2	3	1	2
38500	-105.534107430366518	-103.105477624527637	-2.428629805838877	0.000081797199991	0.000007500978179	0.091702138707759	0.738386521012531	-1	1	3	6	6	4	6	8	9	10	11	11	16	16	18	20	20	20	20	24	0	0	2	6	6	2	2	7	8	8	10	8	8	12	12	14	13	14	15	17	1	1	1	2	1	1	2	1	1	1	1	2	4	2	3	2	2	2	1	2
39000	-95.926701036774531	-94.415540602702492	-1.511160434072038	0.000040653618718	0.000011671917164	0.287106474954189	0.653193274762114	-1	2	5	5	6	4	5	7	10	9	11	12	15	17	19	22	21	20	20	23	0	0	6	2	7	2	2	5	3	5	9	9	3	13	14	19	15	14	15	17	1	1	1	1	1	2	1	1	2	2	1	1	4	1	1	1	1	2	1	1
39500	-108.302323666145384	-105.874065736099297	-2.428257930046090	0.000077418503921	0.000007101701194	0.091731315315121	0.534228338012780	-1	2	4	5	5	4	5	8	9	8	11	13	15	16	19	19	19	20	22	23	0	0	2	2	6	2	2	4	6	6	6	11	4	13	14	14	13	16	11	17	1	1	1	1	1	1	1	1	2	2	3	1	5	1	2	1	2	1	4	2
40000	-78.163027176773525	-76.493218271962363	-1.669808904811161	0.000040642075907	0.000008668350683	0.213285135888900	0.975533003302643	-2	3	4	5	5	4	5	7	8	10	11	12	14	13	18	21	20	20	20	22	0	0	2	2	2	2	6	7	8	8	10	10	12	12	14	19	15	15	15	17	1	1	1	1	1	1	1	1	1	1	1	1	1	1	2	1	1	1	1	1
40500	-90.192790624529394	-88.824695666014648	-1.368094958514750	0.000033140288301	0.000016241930447	0.490096232719128	0.870640924679850	-1	3	5	4	4	4	6	7	8	9	11	13	15	17	19	21	21	21	22	24	0	0	6	2	2	2	2	5	7	9	10	10	12	12	14	14	15	14	15	17	1	1	1	1	1	1	1	1	1	1	1	2	1	2	1	2	1	2	2	1
41000	-101.140329129596395	-99.250840084207866	-1.889489045388524	0.000027457061604	0.000004326683220	0.157579980065784	0.626378021007860	0	3	5	5	6	5	5	7	10	9	10	12	16	16	16	21	20	20	20	23	0	0	2	2	2	2	2	7	8	2	10	9	5	10	10	14	14	14	14	17	1	1	1	1	2	1	1	1	2	4	1	1	5	3	4	2	2	2	2	2
41500	-88.668846946517135	-87.217046160311611	-1.451800786205518	0.000054012031872	0.000018056944044	0.334313363482615	0.728200027734801	-1	3	5	5	5	4	5	7	8	8	10	13	15	17	18	21	20	21	22	23	0	0	6	2	2	2	2	4	2	7	10	8	12	13	14	14	14	14	16	17	1	1	1	1	1	1	1	1	3	1	1	3	1	1	1	2	1	2	1	2
42000	-97.555278102786843	-96.191006732466590	-1.364271370320257	0.000032604075682	0.000020606545018	0.632023591740703	0.724433725672497	-1	3	5	6	5	5	5	7	9	9	11	13	16	16	18	22	21	19	20	24	0	0	2	3	2	2	2	6	5	4	10	10	12	10	13	19	15	14	15	17	1	1	1	1	1	1	1	1	2	1	1	1	1	4	2	2	2	2	1	2
42500	-93.646941517104636	-91.690524061288812	-1.956417455815830	0.000081222698364	0.000011827592319	0.145619298018128	0.618337480114309	-1	3	5	6	5	5	6	7	8	8	10	13	16	15	18	21	20	20	22	23	0	0	2	2	2	2	2	2	6	8	10	11	12	12	14	14	15	15	17	16	1	1	1	2	2	1	2	2	1	1	1	2	2	1	2	3	1	1	1	1
43000	-101.976199958499365	-100.600284961259831	-1.375914997239527	0.000071439946537	0.000032761475277	0.458587623099287	0.641003057738517	-1	2	5	5	5	3	5	7	8	9	10	12	14	16	17	21	19	20	21	23	0	0	2	2	6	2	6	7	5	4	5	10	11	12	14	15	15	14	14	17	1	1	3	2	1	1	1	1	2	2	2	1	2	2	1	2	1	2	2	2
43500	-99.632576864657807	-97.628418599656570	-2.004158265001236	0.000084287056672	0.000011632984675	0.138016264112131	0.604518795772398	-1	2	4	5	6	3	4	7	9	10	11	12	14	16	18	20	21	20	22	23	0	0	2	6	4	2	2	6	5	7	6	9	12	13	14	13	14	14	16	17	1	1	1	1	1	1	1	2	1	3	3	1	2	1	1	2	3	2	1	1
44000	-114.066640080380523	-112.388502633496685	-1.678137446883837	0.000040975343465	0.000008625214044	0.210497663103943	0.421676196314767	-3	2	4	5	4	4	5	7	8	10	10	12	14	16	18	21	20	20	20	22	0	0	2	2	2	2	5	4	7	7	9	10	10	11	14	14	4	14	14	14	1	1	1	2	1	1	1	1	1	2	1	1	2	4	1	3	5	2	2	4
44500	-97.646181141458953	-95.918558581586623	-1.727622559872336	0.000047368560812	0.000009252020683	0.195319860360361	0.690574283565350	0	3	5	5	6	5	4	7	7	9	9	13	14	17	19	22	20	20	20	23	0	0	2	7	7	2	2	4	4	6	9	10	10	12	13	19	14	13	14	17	1	1	1	1	1	1	1	1	1	2	1	2	3	2	2	1	2	2	2	1
45000	-108.447324982210887	-107.037757170178224	-1.409567812032657	0.000055492228179	0.000021402072071	0.385676927623304	0.624994120408486	-2	3	4	4	5	4	6	8	9	9	11	13	14	16	18	20	19	20	21	24	0	0	2	2	4	2	4	2	5	5	10	8	8	13	14	15	12	17	14	17	1	1	1	1	1	1	2	1	3	2	1	3	2	1	1	1	3	1	3	4
45500	-94.194597191801989	-92.715621905587810	-1.478975286214176	0.000068145408634	0.000021147623519	0.310330863707762	0.853619551152721	-1	2	5	6	5	5	4	8	8	9	10	13	15	16	18	20	20	21	19	22	0	0	7	7	2	2	2	5	4	6	8	10	12	13	14	15	15	19	13	19	1	1	1	1	1	2	1	1	1	2	1	1	1	1	1	1	1	1	2	1
46000	-85.886824759312148	-84.339186843782414	-1.547637915529737	0.000045628165686	0.000012109350590	0.265392009695627	0.731764538754367	-1	3	4	6	5	4	5	7	9	8	10	12	15	15	18	22	20	21	20	23	0	0	2	6	2	2	2	7	7	7	10	11	12	8	14	19	15	15	15	17	1	1	1	1	1	1	1	1	2	2	1	1	1	4	2	1	1	1	1	1
46500	-91.376053007136989	-90.010610006966104	-1.365443000170883	0.000046792591439	0.000023645833584	0.505332849847115	0.763807247798915	-1	3	4	5	5	4	6	8	9	9	10	12	14	16	18	20	20	21	22	24	0	0	2	6	6	2	6	5	2	7	10	10	12	12	14	14	15	14	16	17	1	1	1	1	1	1	1	2	2	1	1	1	1	2	1	2	1	2	2	2
47000	-94.460265539361671	-93.031609764284710	-1.428655775076961	0.000079577774245	0.000028612841154	0.359558198575374	0.700886425962833	-1	3	5	4	4	4	5	6	9	8	10	13	14	16	18	22	20	20	21	23	0	0	6	2	2	2	4	4	6	8	10	10	10	12	14	15	14	15	15	17	1	1	1	1	1	1	1	1	3	1	1	2	2	2	1	1	2	1	2	1
47500	-90.264851505938736	-88.160703929863715	-2.104147576075022	0.000077431435844	0.000009609953402	0.124109197995405	0.820670841690919	-1	3	4	6	6	5	4	6	7	9	11	13	15	16	18	22	20	19	20	23	0	0	2	3	6	2	2	7	6	5	10	10	11	12	11	19	15	15	15	17	1	1	1	1	1	1	1	1	1	1	1	2	2	2	3	1	1	1	1	1
48000	-98.383065557113667	-96.398444251896663	-1.984621305217005	0.000042906349689	0.000006051654399	0.141043329092787	0.709723043166545	-2	2	4	5	4	4	6	7	9	9	11	11	16	15	19	21	19	20	21	23	0	0	2	6	2	2	5	5	7	8	4	10	12	12	13	15	14	15	14	17	1	1	1	1	1	1	1	2	2	1	3	1	3	1	2	1	2	1	3	1
48500	-93.867454954436226	-92.370776230907495	-1.496678723528733	0.000068761284275	0.000020421500491	0.296991260512964	0.644420946703777	-1	3	5	5	5	4	6	8	9	8	9	11	14	17	18	21	20	20	22	22	0	0	6	2	2	2	2	4	8	7	8	10	12	13	13	15	15	15	13	17	1	1	1	1	1	1	1	2	1	1	1	1	2	2	2	2	1	1	3	1
49000	-99.075521232405890	-97.062207607684499	-2.013313624721396	0.000098316629434	0.000013433558272	0.136635667326327	0.583640106663219	-1	3	4	5	5	5	5	8	9	8	11	13	15	16	18	22	20	20	20	24	0	0	2	2	2	2	3	5	5	7	8	11	12	12	14	15	14	13	14	14	1	1	1	1	1	1	1	1	2	2	1	1	1	1	1	3	2	2	2	4
49500	-102.354567700151463	-100.873545083806022	-1.481022616345447	0.000052770115949	0.000016290573864	0.308708320432525	0.708654389651613	-1	2	4	4	4	5	6	6	10	9	7	11	15	15	18	20	20	20	21	23	0	0	2	2	2	4	2	2	8	11	4	10	10	9	13	15	13	13	16	17	1	1	1	1	1	1	2	2	2	1	1	1	3	3	1	1	2	2	1	2
50000	-94.895009093592918	-93.498550380914011	-1.396458712678901	0.000045892289434	0.000018730080173	0.408131309295880	0.746686344166323	-1	1	5	5	6	3	4	7	9	9	11	12	15	16	17	20	20	20	22	24	0	0	7	7	6	2	2	4	5	8	10	10	12	12	12	15	15	15	16	17	1	1	1	1	1	1	2	1	2	1	1	2	1	2	2	2	1	2	1	2
50500	-95.476147258821712	-93.604235166549898	-1.871912092271816	0.000065577896846	0.000010558852226	0.161012364445579	0.663620456768920	-1	3	5	4	4	5	6	7	9	10	10	13	15	16	18	21	19	21	22	23	0	0	2	2	2	4	4	5	8	9	5	10	10	13	14	15	14	14	15	17	1	1	1	1	1	1	1	1	1	1	3	2	2	1	1	2	2	2	1	1
51000	-99.843599683469719	-98.091425608740110	-1.752174074729611	0.000053060150600	0.000010004733480	0.188554562447573	0.628791718118468	0	2	4	5	5	4	6	7	8	9	10	12	16	16	16	22	20	18	20	22	0	0	2	6	2	2	6	6	6	8	8	11	12	12	12	19	15	14	14	17	1	1	1	1	2	1	1	2	1	1	1	1	1	3	2	1	1	1	1	1
51500	-101.399724521405588	-99.191439277308689	-2.208285244096893	0.000041558946377	0.000004651806860	0.111932742912414	0.595643418195394	0	2	5	6	5	4	6	8	10	9	9	12	16	16	18	21	19	20	21	22	0	0	6	6	2	2	2	5	4	4	7	11	10	12	13	15	14	15	15	17	1	1	1	1	1	1	2	2	2	1	1	2	4	3	2	2	2	1	1	2
52000	-100.352850340602899	-98.882958927204101	-1.469891413398795	0.000075213350486	0.000023903838620	0.317813771959952	0.484765587385270	0	2	4	4	5	5	6	8	9	10	10	12	14	16	18	20	20	21	21	23	0	0	2	2	2	4	5	4	5	8	5	10	10	13	13	14	14	17	16	17	1	1	1	1	1	1	1	2	3	1	2	1	2	1	3	2	3	1	1	1
52500	-90.370904579483224	-87.736709035107296	-2.634195544375924	0.000051663563317	0.000004004602388	0.077513089120627	0.760696337891048	-1	3	5	6	6	5	5	7	9	10	10	12	16	16	18	21	19	20	20	21	0	0	2	7	2	2	2	4	8	2	4	10	12	12	14	19	14	14	15	17	1	1	1	1	2	1	1	1	1	3	2	1	2	2	1	1	1	2	1	1
53000	-86.884896175824068	-85.157420539716938	-1.727475636107134	0.000108866282998	0.000021268307645	0.195361750760613	0.889421144582494	0	3	5	6	5	5	4	7	8	9	10	13	16	16	18	20	21	20	21	23	0	0	2	7	2	7	2	3	4	9	10	11	12	12	14	15	15	15	14	17	1	1	1	1	1	1	1	1	1	1	1	1	1	1	1	1	1	2	3	1
53500	-91.964410018328437	-90.383906035207815	-1.580503983120619	0.000045489454235	0.000011318548571	0.248816978830840	0.678338458544538	-1	2	5	6	5	4	5	7	10	8	9	13	15	16	18	21	20	20	20	22	0	0	2	6	2	2	6	4	8	5	5	9	10	13	14	19	15	15	14	17	1	1	2	1	2	1	1	1	1	2	2	1	3	1	2	1	1	1	2	1
54000	-93.462219484917753	-91.807336426636837	-1.654883058280920	0.000050500338580	0.000011032908353	0.218471967969815	0.842425630763036	-1	3	4	5	5	4	6	7	10	10	10	12	15	16	19	18	21	21	21	23	0	0	2	6	2	2	4	3	8	8	8	10	12	13	14	14	15	15	16	15	1	1	1	1	1	1	1	1	2	1	2	2	1	1	2	1	1	1	2	2
54500	-91.234668233989680	-89.093645468640517	-2.141022765349166	0.000057231301777	0.000006842551313	0.119559595896258	0.733970509665153	-1	1	3	6	6	3	5	7	9	9	10	12	14	16	18	22	20	21	20	24	0	0	2	7	7	2	6	4	7	4	10	10	8	12	14	19	15	14	15	17	1	1	1	1	1	1	1	1	2	1	1	1	3	2	1	1	1	3	1	2
55000	-92.590765147736832	-91.062853783144661	-1.527911364592170	0.000042531082177	0.000011765300168	0.276628281376436	0.876196573429029	-1	2	5	3	5	4	5	6	9	10	9	12	14	16	18	22	20	20	21	23	0	0	2	2	4	4	6	4	8	11	8	10	12	13	14	19	14	15	15	17	1	1	1	1	1	1	1	1	1	1	1	1	2	2	1	1	1	1	1	2
55500	-102.322179819173186	-100.536398439127211	-1.785781380045972	0.000082433439532	0.000014836893233	0.179986341917345	0.647326401364346	-2	3	5	5	6	5	4	7	7	8	10	12	16	17	17	20	21	21	21	23	0	0	2	7	7	2	2	5	6	5	10	10	11	12	12	15	15	13	15	16	1	1	1	1	1	2	1	1	1	1	1	2	3	2	2	2	2	2	2	1
56000	-79.579397644871790	-77.552898577988216	-2.026499066883577	0.000055871339281	0.000007525208046	0.134688162894338	0.843844796265328	-1	3	4	5	5	5	6	7	8	9	11	11	15	17	19	22	21	20	20	24	0	0	2	2	2	2	4	4	7	8	10	10	12	13	14	19	15	14	14	17	1	1	1	1	1	1	1	1	1	1	1	1	2	1	1	1	1	1	2	2
56500	-100.477704328487775	-99.108209026392331	-1.369495302095438	0.000032950091212	0.000015926057948	0.483338812186156	0.522416344786929	-2	2	5	6	5	4	6	6	8	10	9	12	15	15	18	22	20	20	21	24	0	0	2	3	6	2	5	6	8	9	5	8	12	10	12	15	15	15	15	17	1	1	1	1	1	1	1	1	1	1	2	3	2	2	3	2	1	1	1	2
57000	-98.581949740904989	-96.721179112558204	-1.860770628346791	0.000088827781098	0.000014501850672	0.163258053876439	0.532485289078872	-1	2	4	6	5	3	5	8	9	9	10	12	16	16	18	21	20	20	21	24	0	0	2	6	2	2	6	4	4	8	10	10	6	12	12	15	15	14	14	17	1	1	1	1	1	1	1	1	1	1	1	1	4	2	3	2	1	2	2	2
57500	-107.264563726847300	-104.276246322080297	-2.988317404767003	0.000051979401129	0.000003105439837	0.059743663243024	0.775233098837592	-1	2	5	5	5	4	3	7	7	9	10	10	14	15	19	21	21	19	20	23	0	0	7	7	2	7	2	6	2	9	10	10	12	13	10	19	15	14	14	15	1	1	1	1	2	1	1	2	2	1	1	1	2	1	5	1	1	2	3	2
58000	-104.920048898990842	-103.407556157671436	-1.512492741319412	0.000046949281588	0.000013438654596	0.286237704638562	0.698043079678083	-2	3	5	5	6	5	6	8	8	8	11	11	15	17	17	22	21	19	19	23	0	0	2	2	6	2	2	7	4	4	10	3	12	13	12	19	15	15	14	17	1	1	1	1	1	1	2	1	2	1	2	3	3	1	2	2	2	1	1	2
58500	-96.382458093758331	-95.021504967105741	-1.360953126652583	0.000053840385368	0.000031279804470	0.580972893432012	0.801080687407851	0	3	5	6	5	4	5	7	9	9	11	13	15	16	17	22	19	20	20	24	0	0	2	7	2	2	2	5	7	6	10	9	10	13	14	19	15	14	15	17	1	1	1	1	1	1	1	1	2	2	1	1	2	1	1	1	1	2	1	4
59000	-102.615672702012745	-101.226673341743449	-1.388999360269294	0.000035691485410	0.000015115578439	0.423506566480855	0.565042443242260	-1	3	5	6	5	4	6	8	9	8	11	12	14	16	17	19	21	19	21	22	0	0	6	5	2	2	5	7	8	4	10	7	12	13	9	15	15	15	15	17	1	1	1	1	1	1	1	1	1	1	1	3	1	1	5	2	2	1	2	1
59500	-93.813562696447434	-91.652542280491787	-2.161020415955644	0.000083886443227	0.000009831967704	0.117205680981638	0.865934562531584	-1	1	5	6	6	4	5	7	8	9	11	12	14	16	18	21	20	20	19	23	0	0	6	7	7	2	6	6	5	4	10	9	12	13	14	19	15	15	15	17	1	1	1	1	1	1	1	1	1	2	2	2	1	1	1	1	2	1	1	2
60000	-93.533269586297536	-91.846483712208382	-1.686785874089148	0.000049223455294	0.000010222695734	0.207679360834823	0.684117005728160	0	3	5	5	6	4	6	7	10	9	10	13	14	16	18	22	20	19	20	23	0	0	2	2	2	2	6	6	7	7	10	7	9	12	14	19	14	14	14	17	1	1	1	1	2	1	1	1	2	1	1	4	2	2	1	1	1	2	2	1
60500	-94.032936839476037	-92.507000768162470	-1.525936071313561	0.000066163936311	0.000018381394386	0.277815913191329	0.669335157688681	-1	3	5	5	5	5	6	7	9	9	11	12	14	15	18	20	20	21	22	22	0	0	2	2	2	2	5	4	7	4	10	11	4	13	10	14	15	15	16	17	1	1	1	1	1	1	1	1	1	2	1	1	4	1	4	2	2	2	1	1
61000	-91.840520786274908	-89.894165426663903	-1.946355359611008	0.000063059829164	0.000009289619945	0.147314384899132	0.692857395247902	-1	3	5	5	5	4	6	7	8	10	11	12	15	17	18	20	20	20	21	22	0	0	6	6	2	2	2	4	4	9	10	10	12	12	12	14	14	15	14	14	1	1	1	1	1	1	1	1	1	1	1	1	1	2	3	1	1	2	2	2
61500	-106.621952222543342	-104.872330308518571	-1.749621914024766	0.000076730139836	0.000014520168608	0.189236832343682	0.704083712100305	-3	1	5	5	5	4	3	7	7	9	10	13	15	17	18	21	20	21	20	21	0	0	2	6	6	2	2	5	4	8	10	9	10	11	14	19	14	17	15	14	1	1	2	1	1	1	1	1	1	1	1	3	3	4	1	1	2	1	1	2
62000	-105.778305552662331	-104.256989165377817	-1.521316387284516	0.000054846288026	0.000015392161230	0.280641804290568	0.559274123422764	0	2	4	6	5	4	6	6	8	9	10	12	15	16	18	20	21	20	22	24	0	0	2	6	6	2	5	2	8	5	4	2	11	12	14	14	14	14	15	14	1	1	1	2	1	1	1	2	1	1	2	3	3	2	1	2	2	2	2	3
62500	-117.032674787275184	-115.409132670122744	-1.623542117152437	0.000081520344815	0.000018770365141	0.230253750559768	0.506639321634488	0	2	5	4	6	4	6	7	9	10	11	12	15	14	17	21	19	21	20	23	0	0	2	2	6	2	2	4	5	6	8	9	10	12	13	19	15	13	15	15	1	1	1	1	1	1	3	2	2	4	1	1	2	1	1	1	1	3	1	5
63000	-94.717220777317735	-93.051927395877840	-1.665293381439894	0.000079207372384	0.000017015942947	0.214827767092777	0.667290662409416	0	3	4	6	5	5	5	7	9	9	10	13	14	15	19	21	19	19	21	23	0	0	2	2	2	2	2	7	5	8	4	9	10	13	14	14	14	14	15	15	1	1	1	2	1	1	1	1	2	1	1	2	2	1	2	2	2	2	1	2
63500	-93.336473130694856	-91.768700554287548	-1.567772576407314	0.000050073822870	0.000012766551577	0.254954601935923	0.717874220162899	-1	3	4	6	5	5	6	8	8	9	11	12	14	16	18	20	20	19	22	23	0	0	2	5	2	2	2	4	4	4	10	10	10	12	14	14	15	14	16	17	1	1	1	1	1	1	1	1	1	1	1	2	2	1	2	1	2	2	1	2
64000	-79.719424997748490	-78.344866115204837	-1.374558882543647	0.000058943153463	0.000027301984579	0.463191786904956	0.879468086685210	0	3	4	6	6	5	5	7	9	9	11	11	14	16	18	21	21	20	21	23	0	0	2	6	7	2	2	6	7	8	10	10	12	13	14	15	15	15	14	17	1	1	1	1	1	1	1	1	2	1	1	1	2	1	1	1	1	1	2	1
64500	-114.693740726874907	-113.332828933232591	-1.360911793642314	0.000029707499640	0.000016661770602	0.560860752456328	0.435556104912579	-1	2	3	6	3	4	6	4	9	10	11	13	15	16	18	22	20	20	21	24	0	0	2	2	2	5	8	2	2	8	3	10	10	10	14	19	15	14	14	17	1	1	1	2	1	1	1	2	3	3	4	2	2	3	2	1	1	2	2	2
65000	-92.804703856356127	-90.649673233396342	-2.155030622959780	0.000043727073566	0.000005155541300	0.117902728899579	0.743877844495471	-1	3	5	6	5	4	6	7	8	9	11	13	14	16	19	22	20	21	22	23	0	0	2	6	6	2	6	5	5	3	10	11	12	13	14	15	14	15	15	17	1	1	1	1	1	1	1	2	1	2	1	1	1	2	2	2	2	1	2	1
65500	-83.012199245213296	-81.593147006113995	-1.419052239099299	0.000036925902983	0.000013733957197	0.371932873344348	0.711177242835409	-1	3	4	6	5	5	6	7	7	9	10	13	15	16	18	20	20	20	22	22	0	0	2	6	2	2	5	2	5	8	10	10	10	13	14	15	15	14	16	17	1	1	1	1	1	1	1	2	1	1	1	2	3	1	1	1	1	2	1	1
66000	-117.117566417412320	-115.330990973592193	-1.786575443820122	0.000075610152969	0.000013594157405	0.179792750995733	0.574967984041924	-1	2	3	5	6	3	5	6	9	10	10	13	16	16	18	19	19	20	20	21	0	0	2	2	6	2	2	6	7	5	8	10	4	12	14	12	15	16	14	17	1	1	1	2	2	1	1	2	3	3	1	2	5	1	2	2	1	1	2	1
66500	-107.525878221718145	-105.805879485180000	-1.719998736538147	0.000065341924694	0.000012906125445	0.197516762862747	0.633055011619402	-1	2	5	5	6	5	3	7	10	9	11	13	14	15	17	22	20	20	21	24	0	0	7	2	7	2	2	4	8	8	10	10	12	12	13	15	15	12	15	19	1	1	2	1	2	1	1	1	1	1	2	2	1	1	2	2	2	3	2	2
67000	-92.598439370062920	-91.237489364028789	-1.360950006034137	0.000040349604913	0.000022553384108	0.558949317025322	0.688708006242603	-1	3	4	5	6	4	4	7	9	9	10	12	14	16	18	20	21	21	21	24	0	0	2	2	6	2	2	2	5	8	10	4	8	13	14	14	15	15	16	17	1	1	1	1	1	1	1	2	2	1	1	3	3	1	1	2	1	2	1	2
67500	-93.946871668593360	-92.255419087719233	-1.691452580874134	0.000069098256878	0.000014247342946	0.206189614466307	0.705877890825582	-1	3	4	5	6	5	6	5	10	9	10	10	15	17	18	21	20	21	21	22	0	0	2	2	8	2	2	2	10	4	10	5	12	13	13	17	14	15	14	17	1	1	1	1	1	1	1	1	1	2	1	2	3	1	2	1	2	1	2	1
68000	-107.135130943854051	-105.751657177273472	-1.383473766580586	0.000053655857443	0.000023431752327	0.436704461419058	0.676760631067700	-1	3	5	6	5	4	5	8	6	9	11	12	15	15	17	18	20	20	22	24	0	0	6	7	2	2	2	4	7	4	8	10	12	11	14	12	15	14	16	17	1	1	1	1	1	1	1	1	1	2	1	1	2	2	1	3	2	2	2	2
68500	-108.205086598829013	-106.163213546475632	-2.041873052353381	0.000077169680442	0.000010223135256	0.132476060518427	0.700986610363116	-2	3	4	6	6	4	5	8	8	8	10	12	15	16	17	21	20	19	21	23	0	0	2	6	6	2	2	7	5	7	10	5	6	9	13	14	14	14	15	17	1	1	1	1	1	1	1	1	1	1	2	3	5	5	1	3	2	2	2	2
69000	-94.010170947088469	-92.506210658687110	-1.503960288401364	0.000055530985623	0.000016210423709	0.291916729506093	0.721865114177184	-1	2	5	4	4	4	5	7	9	9	11	12	15	15	18	20	18	20	21	24	0	0	4	2	2	2	2	7	8	7	10	11	11	12	14	14	14	15	16	17	1	1	1	1	1	1	1	1	1	1	1	1	1	2	1	2	2	1	1	3
69500	-102.651468603147023	-100.855461145036571	-1.796007458110458	0.000067839206564	0.000012042991982	0.177522594850591	0.491878461589064	-1	3	4	4	6	5	6	6	10	8	9	12	15	15	18	20	21	21	20	23	0	0	2	2	2	2	6	4	8	5	7	6	10	10	13	15	14	13	15	17	1	1	1	1	2	1	1	1	2	1	1	3	3	2	1	1	3	3	1	1
70000	-92.966163189854299	-91.357344747539287	-1.608818442315010	0.000077042116589	0.000018202075236	0.236261359915671	0.638262654542371	-1	3	5	5	4	5	5	7	9	10	10	12	16	16	18	20	20	20	21	22	0	0	2	2	2	2	2	6	8	8	8	6	9	9	13	15	14	14	14	17	1	1	1	1	1	1	1	1	1	2	2	3	3	3	1	1	2	2	2	1
70500	-96.719450874027387	-95.054547479669793	-1.664903394357589	0.000060306878814	0.000012963690741	0.214962057332660	0.786781164108614	-1	3	5	5	5	5	6	6	9	9	10	12	13	15	17	21	19	20	19	24	0	0	2	2	2	2	6	5	4	4	9	10	10	10	14	19	14	14	15	17	1	1	1	1	1	1	1	1	2	1	1	2	1	3	1	1	2	2	1	3
71000	-104.241741006287953	-101.668942720134865	-2.572798286153088	0.000066241882450	0.000005390779631	0.081380230028510	0.687772347197741	-1	3	5	6	6	4	5	7	10	9	10	12	15	16	18	22	20	18	21	23	0	0	6	2	7	2	2	6	5	5	4	4	9	13	13	13	12	14	15	15	1	1	1	2	1	1	1	1	2	1	2	3	3	1	2	3	4	1	2	2
71500	-100.107788005444888	-98.656564220727859	-1.451223784717035	0.000052924120539	0.000017723231783	0.334880043391337	0.541834967457362	-1	2	5	3	5	4	5	7	9	9	10	12	16	15	18	21	18	21	21	22	0	0	4	2	4	4	4	6	8	8	10	10	10	12	12	15	14	15	14	17	1	1	1	1	2	1	1	1	1	1	1	2	2	2	3	1	2	2	3	2
72000	-93.865744443655828	-92.461005381013024	-1.404739062642807	0.000050682204473	0.000019938591124	0.393404180649279	0.817257931322760	0	3	4	5	5	5	5	7	8	9	11	12	15	17	15	19	20	20	20	22	0	0	2	2	2	2	2	4	5	8	10	10	12	15	12	14	16	15	14	17	1	1	1	1	1	1	1	1	1	1	1	2	1	1	2	2	1	1	2	1
72500	-101.127177436054453	-99.497223878029203	-1.629953558025244	0.000053752742152	0.000012241497942	0.227737180499329	0.657344744894225	-2	2	5	3	4	5	4	6	9	10	10	13	16	16	18	21	20	20	22	24	0	0	4	2	4	2	4	5	7	9	8	9	12	10	13	15	14	15	16	17	1	1	1	1	1	1	1	1	2	1	1	2	2	2	1	2	2	1	1	2
73000	-100.657840673907700	-98.914245096915650	-1.743595576992047	0.000035258101128	0.000006729597500	0.190866702545726	0.623124224847876	0	3	5	6	6	5	5	8	10	9	11	12	15	16	18	19	21	20	21	22	0	0	2	7	2	2	2	7	8	6	8	10	12	10	14	14	14	14	16	14	1	1	1	1	2	1	1	2	1	1	2	1	2	4	1	2	2	2	2	3
73500	-89.101133397971722	-87.439262431016218	-1.661870966955503	0.000045667716708	0.000009864779165	0.216012095109884	0.595708826592103	-1	2	3	4	5	4	5	7	7	9	11	12	15	16	18	20	20	20	21	23	0	0	2	2	4	2	6	7	6	8	10	10	12	13	14	15	14	15	16	17	1	1	1	1	1	1	1	1	2	1	1	2	3	1	2	1	2	1	1	1
74000	-79.649525778140088	-78.066617784119842	-1.582907994020249	0.000072192897452	0.000017881787129	0.247694548350495	0.927166627291708	-1	3	4	5	5	5	6	7	7	9	11	12	14	17	19	20	20	21	22	23	0	0	2	2	2	2	2	7	5	9	10	10	12	13	14	15	14	15	16	17	1	1	1	1	1	1	1	1	1	1	1	2	1	1	1	1	1	1	1	1
74500	-79.916356196494121	-78.531453437213145	-1.384902759280969	0.000053640048813	0.000023232025941	0.433109709163181	0.944115189880050	-2	3	4	5	5	4	5	7	9	9	11	11	15	16	18	21	20	20	19	23	0	0	2	3	2	2	2	7	8	8	10	10	12	13	14	19	15	15	15	17	1	1	1	1	1	1	1	1	1	1	1	1	2	1	1	2	1	1	1	2
75000	-100.240155804716281	-98.753291565178955	-1.486864239537321	0.000069416389221	0.000021116356143	0.304198423168664	0.654227584642274	-2	2	5	4	6	3	4	6	8	9	11	13	15	14	18	20	20	20	22	22	0	0	7	6	7	2	2	4	5	9	10	11	10	10	13	15	13	14	16	16	1	1	1	1	1	1	1	1	1	1	1	1	3	2	1	1	2	3	1	1
75500	-101.133928965003903	-99.623743068723456	-1.510185896280447	0.000049717861909	0.000014306119375	0.287746070027523	0.720178214881454	0	4	5	6	6	5	6	6	9	9	10	11	15	16	19	22	19	21	21	21	0	0	2	2	2	2	2	2	4	4	5	10	12	12	13	19	14	17	17	17	1	1	1	1	1	1	1	1	1	2	2	1	2	3	2	1	3	2	1	1
76000	-113.062875170472950	-111.691310952236364	-1.371564218236591	0.000091199127195	0.000043267930271	0.474433600424916	0.573911384359073	0	3	5	5	6	5	4	7	8	10	9	13	14	16	18	20	20	20	20	22	0	0	2	7	6	7	2	5	7	8	8	7	10	13	10	12	14	14	14	16	1	1	1	1	1	1	1	1	2	1	1	3	1	1	4	4	2	2	2	2
76500	-96.255501765364926	-94.825142094260201	-1.430359671104731	0.000041353363487	0.000014783733388	0.357497725497123	0.815479003070011	-1	3	5	4	4	4	6	7	9	10	11	12	13	16	18	22	20	20	19	24	0	0	5	2	2	2	5	7	8	5	9	10	10	13	14	19	15	19	14	17	1	1	1	1	1	1	1	1	1	3	1	1	1	2	1	2	1	1	2	2
77000	-112.639449357015124	-111.155601386129661	-1.483847970885462	0.000037460978937	0.000011481992688	0.306505409468885	0.692829965907667	-1	2	5	4	5	4	4	6	9	9	10	11	14	16	18	22	20	20	19	23	0	0	6	2	2	2	2	3	4	6	10	10	11	7	14	19	15	15	14	19	1	1	1	1	2	1	1	1	3	2	1	1	2	4	1	2	1	2	2	1
77500	-92.049905877074636	-90.367474994320901	-1.682430882753739	0.000066602629661	0.000013925881002	0.209089056586702	0.792660888730628	-1	3	4	5	6	4	5	7	8	7	10	12	15	16	18	21	19	20	21	21	0	0	2	6	6	2	3	5	5	5	10	9	12	13	14	15	14	14	14	17	1	1	1	1	1	1	1	1	2	1	1	2	2	1	1	1	1	2	2	1
78000	-85.543251540703281	-84.013950369374811	-1.529301171328464	0.000051677535234	0.000014252658757	0.275799894344195	0.865114945273748	0	2	4	5	4	4	5	7	9	9	11	13	14	16	17	21	19	19	20	23	0	0	2	2	2	2	6	7	8	8	10	10	10	12	14	19	15	15	14	17	1	1	1	1	1	1	1	1	1	1	1	1	2	1	1	1	1	1	2	2
78500	-86.281950213185183	-84.630479842968313	-1.651470370216866	0.000071523643131	0.000015713329550	0.219694199877266	0.828091791413525	-1	2	4	6	5	4	6	7	9	9	11	12	14	17	19	22	19	20	21	22	0	0	2	5	6	2	5	7	7	8	10	10	12	13	14	14	14	14	15	17	1	1	1	1	1	1	1	1	1	1	1	1	2	2	1	2	1	2	1	1
79000	-101.790862686014194	-100.411664777386406	-1.379197908627793	0.000031888534959	0.000014298830626	0.448400362220229	0.701256295352775	0	2	4	5	4	5	5	7	10	9	11	11	15	17	18	22	19	21	21	24	0	0	2	2	2	2	2	7	4	8	10	10	10	7	14	19	14	14	15	17	1	1	1	2	1	2	2	1	1	1	1	1	2	4	1	1	1	2	1	3
79500	-87.846612838563914	-86.317368538710767	-1.529244299853149	0.000062124229303	0.000017135954566	0.275833676452313	0.925921697784754	0	3	5	5	6	5	5	7	8	9	10	10	15	17	17	20	20	20	21	22	0	0	2	2	7	2	2	4	5	8	10	10	11	12	13	14	14	14	16	17	1	1	1	1	1	1	1	1	1	1	1	1	2	2	1	2	1	1	1	1
80000	-99.054117111783341	-97.240454024263954	-1.813663087519380	0.000071983744654	0.000012482927074	0.173413138400975	0.589689506376133	-1	3	4	5	4	5	5	8	9	10	9	12	15	16	18	22	20	20	21	22	0	0	2	2	2	2	2	5	5	4	8	10	10	13	14	19	13	14	17	14	1	1	1	1	1	1	1	2	2	3	1	1	2	1	1	1	3	2	1	3
80500	-98.764284135585157	-97.007468254462324	-1.756815881122840	0.000076760294987	0.000014379168112	0.187325597364569	0.645789057121894	0	2	4	6	5	3	5	6	9	8	10	13	15	16	18	20	20	20	21	22	0	0	2	5	6	2	6	6	4	4	10	10	11	12	12	13	13	14	15	15	1	1	1	1	1	1	1	1	1	1	1	2	3	2	2	1	2	2	1	2
81000	-95.665163106726666	-94.113771280853896	-1.551391825872763	0.000064937689542	0.000017102800920	0.263372488924189	0.713981348283474	-1	4	5	6	6	5	6	7	10	8	10	12	15	16	18	21	20	19	20	24	0	0	2	2	2	2	6	2	10	5	10	3	11	12	14	14	14	15	15	17	1	1	1	1	1	1	1	1	1	1	1	5	2	2	1	2	2	1	1	2
81500	-92.654735526835182	-90.793848868805725	-1.860886658029462	0.000054453695822	0.000008888715115	0.163234377036739	0.574234883537836	-1	3	5	5	5	4	6	8	7	9	11	10	14	16	18	21	21	21	22	23	0	0	2	6	6	2	6	4	7	9	9	10	12	13	14	15	14	14	16	17	1	1	1	1	1	1	1	2	1	1	2	1	2	1	1	2	2	2	1	1
82000	-87.091983917658240	-85.672586646310322	-1.419397271347914	0.000055651464903	0.000020672503078	0.371463772135856	0.824703432336453	0	3	5	5	5	4	6	7	9	9	10	12	15	17	19	20	20	20	21	23	0	0	2	2	2	2	6	5	8	4	10	11	12	13	14	14	15	14	15	17	1	1	2	1	1	1	1	1	1	2	1	1	2	1	2	2	1	2	1	2
82500	-84.523650930067731	-83.054749705960106	-1.468901224107618	0.000061188397735	0.000019498239199	0.318659090945442	0.856111205552932	-1	3	5	5	5	5	5	7	10	10	10	12	15	16	18	19	20	20	21	22	0	0	2	2	2	2	2	5	8	4	4	11	12	12	14	15	14	14	16	17	1	1	1	1	1	1	1	1	1	2	2	1	2	2	1	1	2	2	1	1
83000	-106.811424113770357	-104.994392488065543	-1.817031625704808	0.000033352417984	0.000005758260772	0.172648974796793	0.812939024788124	0	3	5	6	5	4	6	8	9	9	11	13	15	13	18	22	21	20	20	23	0	0	2	2	2	2	6	2	5	6	10	10	14	10	10	19	15	15	13	17	1	1	1	1	1	1	1	2	1	3	1	2	1	1	3	1	2	1	3	1
83500	-86.196707342482924	-84.566462096471199	-1.630245246011732	0.000066236509868	0.000015077023184	0.227624058308612	0.948278137389536	0	3	4	5	6	5	6	7	9	9	11	11	14	16	18	20	20	21	21	22	0	0	2	2	6	2	2	5	5	7	10	10	12	13	14	15	15	15	16	17	1	1	1	1	1	1	1	1	1	1	1	2	1	1	1	1	1	1	1	2
84000	-91.621103830018527	-89.892138023701520	-1.728965806317012	0.000058906432197	0.000011483083363	0.194937682264892	0.702561460941006	-1	3	4	6	6	5	5	7	9	9	11	12	15	16	18	20	20	20	22	22	0	0	2	7	7	2	2	2	8	8	10	10	11	11	14	14	13	14	16	17	1	1	1	1	1	1	1	2	1	1	1	1	3	1	1	2	2	2	1	1
84500	-105.747951634059731	-103.291031376417664	-2.456920257642073	0.000138201978485	0.000012372375846	0.089523869208219	0.607859601928962	-2	3	5	5	5	5	4	6	9	9	9	13	15	17	18	22	20	21	21	23	0	0	7	2	2	2	2	7	6	6	5	7	11	13	14	17	14	14	14	19	1	1	1	1	1	1	1	2	2	2	2	3	3	1	1	1	2	2	2	2
85000	-98.699653841702997	-96.387598533542686	-2.312055308160311	0.000066381161444	0.000006744978427	0.101609828451412	0.522279446518792	-1	2	4	6	6	4	6	7	8	9	10	12	15	16	18	22	20	20	20	24	0	0	2	2	2	2	2	2	5	5	5	11	12	12	14	19	14	15	14	17	1	1	1	2	2	2	2	2	1	1	2	1	1	2	1	1	2	2	2	1
85500	-94.058293179085823	-92.697067547020509	-1.361225632065311	0.000053032427279	0.000031295445656	0.590119050955307	0.844662095243231	-1	3	4	5	6	4	5	8	9	8	10	12	14	16	18	21	20	20	20	22	0	0	2	2	6	2	2	6	4	4	10	9	12	11	14	17	14	14	15	17	1	1	1	1	1	1	1	1	1	1	2	2	1	2	1	1	2	2	1	1
86000	-85.117218726265989	-82.630287787261878	-2.486930939004107	0.000062695259157	0.000005473237711	0.087299068301313	0.931746303528270	-1	3	5	6	5	4	6	6	8	9	10	12	15	16	18	22	21	21	20	23	0	0	2	6	2	2	5	6	7	9	10	11	12	13	13	19	15	15	15	17	1	1	1	1	1	1	1	1	1	1	1	2	2	1	1	1	2	1	1	1
86500	-96.425434870572317	-94.503825643574388	-1.921609226997936	0.000051178135357	0.000007760285668	0.151632833324329	0.554258827284932	0	3	5	5	5	4	6	8	8	9	10	12	14	15	18	22	21	20	21	23	0	0	2	2	2	2	5	6	4	7	8	10	12	12	12	15	14	14	15	17	1	1	1	1	1	1	1	3	2	1	1	1	1	2	2	2	4	2	2	1
87000	-99.650131584926640	-98.289292342183302	-1.360839242743336	0.000044055313644	0.000025220965379	0.572484072696737	0.573835973305299	-1	3	4	6	5	4	6	6	7	9	10	11	15	17	19	22	20	19	21	23	0	0	2	5	2	2	2	3	6	9	8	10	12	13	13	15	14	14	15	17	1	1	1	1	1	1	2	1	2	1	2	2	3	1	2	1	2	1	1	2
87500	-94.317486238591115	-92.557636259211449	-1.759849979379667	0.000071196707259	0.000013280356113	0.186530481873281	0.820218243614785	-1	2	4	5	6	4	4	7	9	9	11	12	14	17	19	21	20	21	20	24	0	0	2	7	7	2	2	7	5	8	10	10	11	13	14	19	13	15	14	17	1	1	1	1	1	1	1	1	2	1	2	1	1	1	1	1	3	1	2	2
88000	-111.372828700027085	-109.556931110736954	-1.815897589290127	0.000051908869596	0.000008975331235	0.172905542059051	0.623576076595090	-2	2	3	5	6	4	5	7	8	9	10	12	15	16	18	22	18	20	19	21	0	0	2	6	2	2	2	7	5	6	4	6	10	13	14	19	13	15	15	15	1	1	1	1	1	1	1	1	1	2	4	4	3	1	2	1	1	2	1	1
88500	-89.051195854559765	-87.690358765494423	-1.360837089065337	0.000034008562268	0.000019454277488	0.572040574207399	0.751861108271875	-2	3	5	5	4	4	6	7	8	10	10	13	14	16	18	21	21	20	22	23	0	0	2	5	2	2	6	4	7	7	9	9	12	12	14	15	15	14	16	17	1	1	1	1	1	1	1	1	1	2	1	2	1	1	1	1	2	1	1	1
89000	-94.069753175936114	-92.634293640376185	-1.435459535559935	0.000052679676345	0.000018519249567	0.351544482658636	0.817618380314099	-1	3	5	5	5	4	6	6	9	9	11	11	16	17	19	22	20	21	20	21	0	0	2	2	2	2	5	6	6	8	9	10	9	13	14	19	15	19	14	15	1	1	1	1	1	1	1	1	1	1	1	1	3	1	2	1	1	1	2	1
89500	-100.540877750846363	-98.910065549767978	-1.630812201078378	0.000057548853321	0.000013086869242	0.227404517837942	0.589379800240630	-1	2	5	5	6	3	6	7	9	9	11	12	15	17	18	21	19	20	22	23	0	0	2	6	2	2	2	4	7	2	10	10	12	12	13	14	14	14	15	14	1	1	1	1	2	1	2	1	1	2	1	2	1	2	1	2	1	2	2	4
90000	-92.464307611988957	-91.008167199490472	-1.456140412498481	0.000037726163992	0.000012454823979	0.330137566632934	0.899293596795853	-1	3	5	4	6	5	6	7	8	7	9	11	15	16	19	20	21	21	21	23	0	0	4	2	4	2	6	4	7	4	10	10	12	13	14	14	14	15	15	17	1	1	1	1	1	1	1	1	1	1	1	2	2	1	2	2	1	1	1	1
90500	-95.047591345844012	-93.567445566633893	-1.480145779210122	0.000046474497675	0.000014379232008	0.309400482565133	0.724800066935332	-1	3	5	5	5	4	6	8	9	9	10	13	15	16	18	21	21	20	21	23	0	0	6	2	2	2	2	5	4	7	10	9	10	13	14	15	15	14	14	15	1	1	1	1	1	1	2	1	1	1	1	2	2	1	2	1	2	2	2	2
91000	-86.006435375045712	-84.644956782250830	-1.361478592794888	0.000044945145986	0.000024483381810	0.544739176455030	0.977427462774121	-1	3	4	5	6	4	5	6	10	7	9	11	14	16	18	20	20	19	21	24	0	0	2	2	6	2	2	6	8	7	10	10	12	13	14	15	15	15	16	17	1	1	1	1	1	1	1	1	1	1	1	2	1	1	1	1	1	1	1	2
91500	-93.566371759382974	-91.782232268642687	-1.784139490740283	0.000050552736892	0.000009119100439	0.180387868191462	0.648758081480609	0	3	4	5	5	5	5	7	9	8	10	13	15	16	18	22	21	20	20	23	0	0	2	2	2	2	2	4	10	4	10	9	12	9	10	19	14	15	14	17	1	1	1	1	2	1	1	1	1	2	1	2	1	4	5	1	3	1	2	1
92000	-100.404477928627173	-99.038342009484793	-1.366135919142376	0.000051186586855	0.000033172441205	0.648069020483055	0.651339359081605	-1	2	4	4	5	4	5	6	7	8	10	12	15	16	18	20	21	20	22	23	0	0	2	2	6	2	4	4	6	9	10	9	4	12	13	15	14	13	16	17	1	1	1	1	1	1	1	2	1	1	1	2	3	2	1	1	2	2	1	1
92500	-96.279869457394909	-94.917712650534355	-1.362156806860556	0.000043390971236	0.000023182795668	0.534276947659323	0.787210678623094	-1	3	5	5	6	5	6	7	10	9	10	13	15	17	19	22	21	20	21	24	0	0	2	2	4	2	2	6	7	7	8	10	9	13	14	19	14	14	15	17	1	1	1	1	1	1	1	2	2	2	2	2	3	2	1	1	2	2	1	1
93000	-105.955224369692075	-104.437307871584977	-1.517916498107105	0.000078820994391	0.000022287919908	0.282766286826383	0.653892208677189	-2	3	4	6	5	4	5	8	9	9	9	13	16	16	18	21	19	18	21	24	0	0	2	7	2	2	6	6	7	5	8	11	11	12	14	14	14	14	14	13	1	1	1	1	1	1	1	2	2	2	1	2	3	1	2	2	2	1	1	3
93500	-98.129134399774713	-95.229819368965849	-2.899315030808868	0.000096773807548	0.000006154700328	0.063598823728663	0.778228198255789	-1	3	4	4	6	4	4	7	9	9	11	13	15	17	18	21	20	20	21	23	0	0	2	2	7	2	2	4	8	5	10	9	10	12	14	10	15	14	15	16	1	1	1	1	1	1	1	1	1	1	1	2	2	2	1	5	1	2	1	2
94000	-106.294530808052258	-104.814892523981271	-1.479638284070993	0.000063495713253	0.000019671160271	0.309802965633576	0.438504286964935	0	3	5	6	5	4	5	8	8	9	10	13	16	15	18	20	18	21	21	23	0	0	2	5	2	2	2	5	4	4	5	10	2	12	12	14	13	15	16	17	1	1	1	1	1	1	1	1	1	1	3	2	8	1	3	3	1	2	1	3
94500	-97.059584535835782	-95.696115846715657	-1.363468689120123	0.000037554915348	0.000019541358901	0.520340911966281	0.770562896719966	-1	2	5	6	6	4	6	7	10	10	10	13	16	16	18	22	19	20	20	24	0	0	2	6	6	2	6	7	8	8	8	10	12	12	14	19	14	14	15	17	1	1	2	1	1	1	1	1	1	2	1	2	2	1	1	2	2	2	1	2
95000	-118.436805597446778	-117.073138103700657	-1.363667493746114	0.000042637147615	0.000026691814066	0.626022507581471	0.614664371490145	-1	3	5	5	6	4	5	7	9	10	9	12	14	16	18	21	20	18	22	22	0	0	2	2	4	2	2	7	4	5	8	11	3	6	13	17	11	14	16	17	1	1	1	1	1	1	1	1	2	1	1	2	5	5	2	1	5	2	1	1
95500	-95.540529344994113	-94.132012577777033	-1.408516767217082	0.000036895064084	0.000014289909254	0.387312222081928	0.779404510939557	-3	3	4	5	5	4	5	7	10	9	10	11	15	17	18	19	19	20	21	23	0	0	2	2	2	2	2	4	6	6	10	10	12	13	14	14	14	14	15	17	1	1	1	1	1	1	1	1	2	2	1	1	1	2	1	1	1	1	3	2
96000	-89.721841881551001	-88.054598189237822	-1.667243692313175	0.000074597546717	0.000015975715630	0.214158726838837	0.853821442903849	0	2	5	3	6	5	6	7	8	9	11	12	15	17	18	20	21	20	21	23	0	0	4	2	4	4	6	4	7	5	10	11	12	12	14	15	14	14	16	17	1	1	1	1	2	1	1	2	1	1	1	1	1	2	1	1	2	2	1	1
96500	-97.426935694203152	-95.861626943963472	-1.565308750239684	0.000048368369421	0.000012391092125	0.256181721098594	0.559799646781841	0	2	4	6	6	4	4	7	10	9	9	13	15	16	18	21	21	20	22	23	0	0	2	2	6	2	2	6	5	6	8	9	12	9	13	15	14	14	16	17	1	1	1	2	1	1	1	1	2	1	1	2	2	3	2	1	2	2	1	1
97000	-92.314033379575548	-90.949702870720401	-1.364330508855143	0.000046494615598	0.000023861768949	0.513215748581007	0.721892510437114	0	3	5	5	6	4	6	7	10	9	11	13	13	16	17	20	19	20	22	23	0	0	6	2	6	2	2	4	8	5	10	10	11	13	14	15	15	14	16	17	1	1	1	1	1	1	1	1	2	1	1	2	1	1	1	1	1	3	1	2
97500	-91.113719596136534	-89.667391096597001	-1.446328499539538	0.000035034329431	0.000011904749407	0.339802405246648	0.698424737251162	-1	3	5	6	4	4	6	5	9	9	10	12	12	16	18	20	20	20	22	23	0	0	6	6	2	2	6	6	4	8	10	11	10	12	14	15	14	14	16	17	1	1	1	1	1	1	1	1	1	2	1	1	1	3	1	1	2	2	1	2
98000	-106.892734454498751	-105.308818586274910	-1.583915868223838	0.000083745121458	0.000020704078697	0.247227281266568	0.706699181044705	0	2	3	5	5	3	4	7	9	9	10	13	14	15	19	22	18	20	20	23	0	0	2	7	2	2	6	6	8	2	9	11	10	13	17	19	12	17	15	17	1	1	1	1	1	1	1	1	1	4	1	1	2	1	1	1	2	1	1	2
98500	-98.942143766057271	-97.545083032847558	-1.397060733209713	0.000051421736619	0.000041018969866	0.797697093941627	0.801884727826602	0	1	5	5	6	4	5	7	8	10	10	12	14	16	17	19	19	20	21	23	0	0	6	6	4	2	6	4	6	8	9	10	12	13	13	15	15	15	16	17	1	1	1	1	1	1	1	1	2	2	1	1	2	2	2	1	1	1	1	2
99000	-99.844152826665194	-98.157077040031226	-1.687075786633970	0.000060090698824	0.000012473999180	0.207586189273998	0.623903105748413	-1	2	5	6	5	3	5	7	9	10	11	12	15	15	18	21	20	20	22	22	0	0	6	7	6	2	6	5	8	8	4	10	10	12	13	15	13	14	15	17	1	1	2	1	1	1	1	1	1	1	3	1	4	1	2	1	2	3	2	1
99500	-91.036949658976539	-89.621861211717714	-1.415088447258823	0.000037868182467	0.000014294078698	0.377469362598831	0.750815353025384	0	2	4	5	6	3	5	8	8	9	10	12	15	17	19	22	20	21	19	24	0	0	6	2	7	2	2	4	7	9	10	10	12	13	14	19	15	15	14	17	1	1	1	1	1	1	1	1	1	1	1	2	2	1	1	1	1	1	1	1
100000	-100.606692143167749	-98.807763886160615	-1.798928257007137	0.000060865296011	0.000010762833205	0.176830376430240	0.587530913263941	-3	3	5	5	6	4	5	7	8	10	10	12	15	16	18	21	19	19	20	23	0	0	2	2	7	2	6	2	5	8	6	10	12	13	14	19	15	13	15	17	1	1	1	1	1	1	1	2	2	2	3	1	2	1	1	1	1	2	1	4