step	p_accept_mu1	p_accept_gamma	p_accept_pi	p_accept_Tinf	sigma_mu1	sigma_gamma	sigma_pi	n_like_zero
1		1.00000	1.00000	1.00000	1.00000	0.000100000000000	1.000000000000000	0.010000000000000	0
500		1.00000	1.00000	1.00000	0.37776	0.000100000000000	1.000000000000000	0.010000000000000	0
1000		-nan	-nan	0.94200	0.37419	0.000150000000000	1.000000000000000	0.015000000000000	0
1500		-nan	-nan	0.88600	0.36965	0.000150000000000	1.000000000000000	0.022500000000000	0
2000		-nan	-nan	0.86200	0.36445	0.000150000000000	1.000000000000000	0.033750000000000	0
2500		-nan	-nan	0.77200	0.35495	0.000150000000000	1.000000000000000	0.050625000000000	0
3000		-nan	-nan	0.60800	0.34762	0.000150000000000	1.000000000000000	0.075937500000000	0
3500		-nan	-nan	0.52400	0.34366	0.000150000000000	1.000000000000000	0.113906250000000	0
4000		-nan	-nan	0.39600	0.34096	0.000150000000000	1.000000000000000	0.170859375000000	0
4500		-nan	-nan	0.39200	0.33872	0.000150000000000	1.000000000000000	0.170859375000000	0
5000		-nan	-nan	0.38733	0.33768	0.000150000000000	1.000000000000000	0.170859375000000	0
5500		-nan	-nan	0.38800	0.33504	0.000150000000000	1.000000000000000	0.170859375000000	0
6000		-nan	-nan	0.39320	0.33310	0.000150000000000	1.000000000000000	0.170859375000000	0
6500		-nan	-nan	0.39100	0.33179	0.000150000000000	1.000000000000000	0.170859375000000	0
7000		-nan	-nan	0.38543	0.33171	0.000150000000000	1.000000000000000	0.170859375000000	0
7500		-nan	-nan	0.39500	0.33120	0.000150000000000	1.000000000000000	0.170859375000000	0
8000		-nan	-nan	0.39356	0.33030	0.000150000000000	1.000000000000000	0.170859375000000	0
8500		-nan	-nan	0.39600	0.32969	0.000150000000000	1.000000000000000	0.170859375000000	0
9000		-nan	-nan	0.39909	0.32855	0.000150000000000	1.000000000000000	0.170859375000000	0
9500		-nan	-nan	0.39467	0.32798	0.000150000000000	1.000000000000000	0.170859375000000	0
10000		-nan	-nan	0.39723	0.32763	0.000150000000000	1.000000000000000	0.170859375000000	0
10500		-nan	-nan	0.39314	0.32710	0.000150000000000	1.000000000000000	0.170859375000000	0
11000		-nan	-nan	0.39667	0.32658	0.000150000000000	1.000000000000000	0.170859375000000	0
11500		-nan	-nan	0.39575	0.32642	0.000150000000000	1.000000000000000	0.170859375000000	0
12000		-nan	-nan	0.39435	0.32634	0.000150000000000	1.000000000000000	0.170859375000000	0
12500		-nan	-nan	0.39400	0.32584	0.000150000000000	1.000000000000000	0.170859375000000	0
13000		-nan	-nan	0.39337	0.32562	0.000150000000000	1.000000000000000	0.170859375000000	0
13500		-nan	-nan	0.39510	0.32531	0.000150000000000	1.000000000000000	0.170859375000000	0
14000		-nan	-nan	0.39543	0.32493	0.000150000000000	1.000000000000000	0.170859375000000	0
14500		-nan	-nan	0.39436	0.32445	0.000150000000000	1.000000000000000	0.170859375000000	0
15000		-nan	-nan	0.39304	0.32427	0.000150000000000	1.000000000000000	0.170859375000000	0
15500		-nan	-nan	0.39317	0.32387	0.000150000000000	1.000000000000000	0.170859375000000	0
16000		-nan	-nan	0.39304	0.32380	0.000150000000000	1.000000000000000	0.170859375000000	0
16500		-nan	-nan	0.39254	0.32343	0.000150000000000	1.000000000000000	0.170859375000000	0
17000		-nan	-nan	0.39341	0.32326	0.000150000000000	1.000000000000000	0.170859375000000	0
17500		-nan	-nan	0.39307	0.32287	0.000150000000000	1.000000000000000	0.170859375000000	0
18000		-nan	-nan	0.39317	0.32228	0.000150000000000	1.000000000000000	0.170859375000000	0
18500		-nan	-nan	0.39220	0.32227	0.000150000000000	1.000000000000000	0.170859375000000	0
19000		-nan	-nan	0.39226	0.32243	0.000150000000000	1.000000000000000	0.170859375000000	0
19500		-nan	-nan	0.39244	0.32229	0.000150000000000	1.000000000000000	0.170859375000000	0
20000		-nan	-nan	0.39321	0.32239	0.000150000000000	1.000000000000000	0.170859375000000	0
20500		-nan	-nan	0.39324	0.32274	0.000150000000000	1.000000000000000	0.170859375000000	0
21000		-nan	-nan	0.39234	0.32267	0.000150000000000	1.000000000000000	0.170859375000000	0
21500		-nan	-nan	0.39256	0.32248	0.000150000000000	1.000000000000000	0.170859375000000	0
22000		-nan	-nan	0.39108	0.32239	0.000150000000000	1.000000000000000	0.170859375000000	0
22500		-nan	-nan	0.39211	0.32229	0.000150000000000	1.000000000000000	0.170859375000000	0
23000		-nan	-nan	0.39277	0.32214	0.000150000000000	1.000000000000000	0.170859375000000	0
23500		-nan	-nan	0.39250	0.32198	0.000150000000000	1.000000000000000	0.170859375000000	0
24000		-nan	-nan	0.39288	0.32189	0.000150000000000	1.000000000000000	0.170859375000000	0
24500		-nan	-nan	0.39286	0.32188	0.000150000000000	1.000000000000000	0.170859375000000	0
25000		-nan	-nan	0.39358	0.32176	0.000150000000000	1.000000000000000	0.170859375000000	0
25500		-nan	-nan	0.39391	0.32166	0.000150000000000	1.000000000000000	0.170859375000000	0
26000		-nan	-nan	0.39316	0.32159	0.000150000000000	1.000000000000000	0.170859375000000	0
26500		-nan	-nan	0.39304	0.32159	0.000150000000000	1.000000000000000	0.170859375000000	0
27000		-nan	-nan	0.39353	0.32153	0.000150000000000	1.000000000000000	0.170859375000000	0
27500		-nan	-nan	0.39325	0.32142	0.000150000000000	1.000000000000000	0.170859375000000	0
28000		-nan	-nan	0.39314	0.32125	0.000150000000000	1.000000000000000	0.170859375000000	0
28500		-nan	-nan	0.39232	0.32107	0.000150000000000	1.000000000000000	0.170859375000000	0
29000		-nan	-nan	0.39306	0.32109	0.000150000000000	1.000000000000000	0.170859375000000	0
29500		-nan	-nan	0.39296	0.32125	0.000150000000000	1.000000000000000	0.170859375000000	0
30000		-nan	-nan	0.39272	0.32129	0.000150000000000	1.000000000000000	0.170859375000000	0
30500		-nan	-nan	0.39344	0.32135	0.000150000000000	1.000000000000000	0.170859375000000	0
31000		-nan	-nan	0.39364	0.32131	0.000150000000000	1.000000000000000	0.170859375000000	0
31500		-nan	-nan	0.39439	0.32112	0.000150000000000	1.000000000000000	0.170859375000000	0
32000		-nan	-nan	0.39512	0.32106	0.000150000000000	1.000000000000000	0.170859375000000	0
32500		-nan	-nan	0.39559	0.32112	0.000150000000000	1.000000000000000	0.170859375000000	0
33000		-nan	-nan	0.39546	0.32098	0.000150000000000	1.000000000000000	0.170859375000000	0
33500		-nan	-nan	0.39573	0.32084	0.000150000000000	1.000000000000000	0.170859375000000	0
34000		-nan	-nan	0.39482	0.32079	0.000150000000000	1.000000000000000	0.170859375000000	0
34500		-nan	-nan	0.39429	0.32066	0.000150000000000	1.000000000000000	0.170859375000000	0
35000		-nan	-nan	0.39473	0.32079	0.000150000000000	1.000000000000000	0.170859375000000	0
35500		-nan	-nan	0.39444	0.32078	0.000150000000000	1.000000000000000	0.170859375000000	0
36000		-nan	-nan	0.39446	0.32073	0.000150000000000	1.000000000000000	0.170859375000000	0
36500		-nan	-nan	0.39430	0.32079	0.000150000000000	1.000000000000000	0.170859375000000	0
37000		-nan	-nan	0.39418	0.32074	0.000150000000000	1.000000000000000	0.170859375000000	0
37500		-nan	-nan	0.39429	0.32074	0.000150000000000	1.000000000000000	0.170859375000000	0
38000		-nan	-nan	0.39435	0.32065	0.000150000000000	1.000000000000000	0.170859375000000	0
38500		-nan	-nan	0.39391	0.32067	0.000150000000000	1.000000000000000	0.170859375000000	0
39000		-nan	-nan	0.39386	0.32068	0.000150000000000	1.000000000000000	0.170859375000000	0
39500		-nan	-nan	0.39386	0.32068	0.000150000000000	1.000000000000000	0.170859375000000	0
40000		-nan	-nan	0.39304	0.32056	0.000150000000000	1.000000000000000	0.170859375000000	0
40500		-nan	-nan	0.39316	0.32043	0.000150000000000	1.000000000000000	0.170859375000000	0
41000		-nan	-nan	0.39328	0.32033	0.000150000000000	1.000000000000000	0.170859375000000	0
41500		-nan	-nan	0.39305	0.32029	0.000150000000000	1.000000000000000	0.170859375000000	0
42000		-nan	-nan	0.39299	0.32024	0.000150000000000	1.000000000000000	0.170859375000000	0
42500		-nan	-nan	0.39264	0.32018	0.000150000000000	1.000000000000000	0.170859375000000	0
43000		-nan	-nan	0.39230	0.32001	0.000150000000000	1.000000000000000	0.170859375000000	0
43500		-nan	-nan	0.39260	0.31997	0.000150000000000	1.000000000000000	0.170859375000000	0
44000		-nan	-nan	0.39247	0.31979	0.000150000000000	1.000000000000000	0.170859375000000	0
44500		-nan	-nan	0.39254	0.31986	0.000150000000000	1.000000000000000	0.170859375000000	0
45000		-nan	-nan	0.39263	0.31979	0.000150000000000	1.000000000000000	0.170859375000000	0
45500		-nan	-nan	0.39250	0.31972	0.000150000000000	1.000000000000000	0.170859375000000	0
46000		-nan	-nan	0.39271	0.31973	0.000150000000000	1.000000000000000	0.170859375000000	0
46500		-nan	-nan	0.39237	0.31969	0.000150000000000	1.000000000000000	0.170859375000000	0
47000		-nan	-nan	0.39239	0.31964	0.000150000000000	1.000000000000000	0.170859375000000	0
47500		-nan	-nan	0.39273	0.31968	0.000150000000000	1.000000000000000	0.170859375000000	0
48000		-nan	-nan	0.39321	0.31963	0.000150000000000	1.000000000000000	0.170859375000000	0
48500		-nan	-nan	0.39340	0.31964	0.000150000000000	1.000000000000000	0.170859375000000	0
49000		-nan	-nan	0.39305	0.31968	0.000150000000000	1.000000000000000	0.170859375000000	0
49500		-nan	-nan	0.39309	0.31967	0.000150000000000	1.000000000000000	0.170859375000000	0
50000		-nan	-nan	0.39290	0.31964	0.000150000000000	1.000000000000000	0.170859375000000	0
50500		-nan	-nan	0.39313	0.31964	0.000150000000000	1.000000000000000	0.170859375000000	0
51000		-nan	-nan	0.39314	0.31957	0.000150000000000	1.000000000000000	0.170859375000000	0
51500		-nan	-nan	0.39356	0.31954	0.000150000000000	1.000000000000000	0.170859375000000	0
52000		-nan	-nan	0.39363	0.31949	0.000150000000000	1.000000000000000	0.170859375000000	0
52500		-nan	-nan	0.39390	0.31945	0.000150000000000	1.000000000000000	0.170859375000000	0
53000		-nan	-nan	0.39453	0.31938	0.000150000000000	1.000000000000000	0.170859375000000	0
53500		-nan	-nan	0.39444	0.31928	0.000150000000000	1.000000000000000	0.170859375000000	0
54000		-nan	-nan	0.39428	0.31923	0.000150000000000	1.000000000000000	0.170859375000000	0
54500		-nan	-nan	0.39427	0.31914	0.000150000000000	1.000000000000000	0.170859375000000	0
55000		-nan	-nan	0.39427	0.31919	0.000150000000000	1.000000000000000	0.170859375000000	0
55500		-nan	-nan	0.39448	0.31908	0.000150000000000	1.000000000000000	0.170859375000000	0
56000		-nan	-nan	0.39453	0.31908	0.000150000000000	1.000000000000000	0.170859375000000	0
56500		-nan	-nan	0.39442	0.31911	0.000150000000000	1.000000000000000	0.170859375000000	0
57000		-nan	-nan	0.39465	0.31907	0.000150000000000	1.000000000000000	0.170859375000000	0
57500		-nan	-nan	0.39444	0.31907	0.000150000000000	1.000000000000000	0.170859375000000	0
58000		-nan	-nan	0.39455	0.31904	0.000150000000000	1.000000000000000	0.170859375000000	0
58500		-nan	-nan	0.39476	0.31893	0.000150000000000	1.000000000000000	0.170859375000000	0
59000		-nan	-nan	0.39506	0.31892	0.000150000000000	1.000000000000000	0.170859375000000	0
59500		-nan	-nan	0.39495	0.31905	0.000150000000000	1.000000000000000	0.170859375000000	0
60000		-nan	-nan	0.39487	0.31906	0.000150000000000	1.000000000000000	0.170859375000000	0
60500		-nan	-nan	0.39500	0.31911	0.000150000000000	1.000000000000000	0.170859375000000	0
61000		-nan	-nan	0.39478	0.31913	0.000150000000000	1.000000000000000	0.170859375000000	0
61500		-nan	-nan	0.39500	0.31910	0.000150000000000	1.000000000000000	0.170859375000000	0
62000		-nan	-nan	0.39504	0.31909	0.000150000000000	1.000000000000000	0.170859375000000	0
62500		-nan	-nan	0.39510	0.31913	0.000150000000000	1.000000000000000	0.170859375000000	0
63000		-nan	-nan	0.39570	0.31918	0.000150000000000	1.000000000000000	0.170859375000000	0
63500		-nan	-nan	0.39553	0.31921	0.000150000000000	1.000000000000000	0.170859375000000	0
64000		-nan	-nan	0.39583	0.31918	0.000150000000000	1.000000000000000	0.170859375000000	0
64500		-nan	-nan	0.39615	0.31912	0.000150000000000	1.000000000000000	0.170859375000000	0
65000		-nan	-nan	0.39610	0.31905	0.000150000000000	1.000000000000000	0.170859375000000	0
65500		-nan	-nan	0.39595	0.31896	0.000150000000000	1.000000000000000	0.170859375000000	0
66000		-nan	-nan	0.39578	0.31898	0.000150000000000	1.000000000000000	0.170859375000000	0
66500		-nan	-nan	0.39595	0.31890	0.000150000000000	1.000000000000000	0.170859375000000	0
67000		-nan	-nan	0.39569	0.31891	0.000150000000000	1.000000000000000	0.170859375000000	0
67500		-nan	-nan	0.39581	0.31894	0.000150000000000	1.000000000000000	0.170859375000000	0
68000		-nan	-nan	0.39564	0.31894	0.000150000000000	1.000000000000000	0.170859375000000	0
68500		-nan	-nan	0.39558	0.31888	0.000150000000000	1.000000000000000	0.170859375000000	0
69000		-nan	-nan	0.39559	0.31881	0.000150000000000	1.000000000000000	0.170859375000000	0
69500		-nan	-nan	0.39558	0.31876	0.000150000000000	1.000000000000000	0.170859375000000	0
70000		-nan	-nan	0.39537	0.31871	0.000150000000000	1.000000000000000	0.170859375000000	0
70500		-nan	-nan	0.39525	0.31867	0.000150000000000	1.000000000000000	0.170859375000000	0
71000		-nan	-nan	0.39538	0.31864	0.000150000000000	1.000000000000000	0.170859375000000	0
71500		-nan	-nan	0.39578	0.31859	0.000150000000000	1.000000000000000	0.170859375000000	0
72000		-nan	-nan	0.39600	0.31858	0.000150000000000	1.000000000000000	0.170859375000000	0
72500		-nan	-nan	0.39614	0.31856	0.000150000000000	1.000000000000000	0.170859375000000	0
73000		-nan	-nan	0.39619	0.31854	0.000150000000000	1.000000000000000	0.170859375000000	0
73500		-nan	-nan	0.39634	0.31858	0.000150000000000	1.000000000000000	0.170859375000000	0
74000		-nan	-nan	0.39617	0.31851	0.000150000000000	1.000000000000000	0.170859375000000	0
74500		-nan	-nan	0.39601	0.31847	0.000150000000000	1.000000000000000	0.170859375000000	0
75000		-nan	-nan	0.39610	0.31850	0.000150000000000	1.000000000000000	0.170859375000000	0
75500		-nan	-nan	0.39613	0.31850	0.000150000000000	1.000000000000000	0.170859375000000	0
76000		-nan	-nan	0.39621	0.31847	0.000150000000000	1.000000000000000	0.170859375000000	0
76500		-nan	-nan	0.39608	0.31845	0.000150000000000	1.000000000000000	0.170859375000000	0
77000		-nan	-nan	0.39581	0.31843	0.000150000000000	1.000000000000000	0.170859375000000	0
77500		-nan	-nan	0.39609	0.31849	0.000150000000000	1.000000000000000	0.170859375000000	0
78000		-nan	-nan	0.39644	0.31859	0.000150000000000	1.000000000000000	0.170859375000000	0
78500		-nan	-nan	0.39620	0.31856	0.000150000000000	1.000000000000000	0.170859375000000	0
79000		-nan	-nan	0.39656	0.31856	0.000150000000000	1.000000000000000	0.170859375000000	0
79500		-nan	-nan	0.39642	0.31856	0.000150000000000	1.000000000000000	0.170859375000000	0
80000		-nan	-nan	0.39651	0.31855	0.000150000000000	1.000000000000000	0.170859375000000	0
80500		-nan	-nan	0.39644	0.31854	0.000150000000000	1.000000000000000	0.170859375000000	0
81000		-nan	-nan	0.39648	0.31851	0.000150000000000	1.000000000000000	0.170859375000000	0
81500		-nan	-nan	0.39659	0.31850	0.000150000000000	1.000000000000000	0.170859375000000	0
82000		-nan	-nan	0.39643	0.31850	0.000150000000000	1.000000000000000	0.170859375000000	0
82500		-nan	-nan	0.39651	0.31847	0.000150000000000	1.000000000000000	0.170859375000000	0
83000		-nan	-nan	0.39665	0.31847	0.000150000000000	1.000000000000000	0.170859375000000	0
83500		-nan	-nan	0.39655	0.31845	0.000150000000000	1.000000000000000	0.170859375000000	0
84000		-nan	-nan	0.39651	0.31842	0.000150000000000	1.000000000000000	0.170859375000000	0
84500		-nan	-nan	0.39630	0.31845	0.000150000000000	1.000000000000000	0.170859375000000	0
85000		-nan	-nan	0.39644	0.31843	0.000150000000000	1.000000000000000	0.170859375000000	0
85500		-nan	-nan	0.39628	0.31840	0.000150000000000	1.000000000000000	0.170859375000000	0
86000		-nan	-nan	0.39652	0.31840	0.000150000000000	1.000000000000000	0.170859375000000	0
86500		-nan	-nan	0.39655	0.31843	0.000150000000000	1.000000000000000	0.170859375000000	0
87000		-nan	-nan	0.39654	0.31842	0.000150000000000	1.000000000000000	0.170859375000000	0
87500		-nan	-nan	0.39670	0.31838	0.000150000000000	1.000000000000000	0.170859375000000	0
88000		-nan	-nan	0.39647	0.31835	0.000150000000000	1.000000000000000	0.170859375000000	0
88500		-nan	-nan	0.39605	0.31836	0.000150000000000	1.000000000000000	0.170859375000000	0
89000		-nan	-nan	0.39614	0.31839	0.000150000000000	1.000000000000000	0.170859375000000	0
89500		-nan	-nan	0.39597	0.31842	0.000150000000000	1.000000000000000	0.170859375000000	0
90000		-nan	-nan	0.39586	0.31841	0.000150000000000	1.000000000000000	0.170859375000000	0
90500		-nan	-nan	0.39567	0.31841	0.000150000000000	1.000000000000000	0.170859375000000	0
91000		-nan	-nan	0.39554	0.31843	0.000150000000000	1.000000000000000	0.170859375000000	0
91500		-nan	-nan	0.39557	0.31842	0.000150000000000	1.000000000000000	0.170859375000000	0
92000		-nan	-nan	0.39532	0.31838	0.000150000000000	1.000000000000000	0.170859375000000	0
92500		-nan	-nan	0.39518	0.31832	0.000150000000000	1.000000000000000	0.170859375000000	0
93000		-nan	-nan	0.39486	0.31830	0.000150000000000	1.000000000000000	0.170859375000000	0
93500		-nan	-nan	0.39482	0.31827	0.000150000000000	1.000000000000000	0.170859375000000	0
94000		-nan	-nan	0.39483	0.31828	0.000150000000000	1.000000000000000	0.170859375000000	0
94500		-nan	-nan	0.39482	0.31828	0.000150000000000	1.000000000000000	0.170859375000000	0
95000		-nan	-nan	0.39478	0.31823	0.000150000000000	1.000000000000000	0.170859375000000	0
95500		-nan	-nan	0.39499	0.31821	0.000150000000000	1.000000000000000	0.170859375000000	0
96000		-nan	-nan	0.39499	0.31821	0.000150000000000	1.000000000000000	0.170859375000000	0
96500		-nan	-nan	0.39503	0.31822	0.000150000000000	1.000000000000000	0.170859375000000	0
97000		-nan	-nan	0.39487	0.31822	0.000150000000000	1.000000000000000	0.170859375000000	0
97500		-nan	-nan	0.39477	0.31823	0.000150000000000	1.000000000000000	0.170859375000000	0
98000		-nan	-nan	0.39473	0.31826	0.000150000000000	1.000000000000000	0.170859375000000	0
98500		-nan	-nan	0.39482	0.31822	0.000150000000000	1.000000000000000	0.170859375000000	0
99000		-nan	-nan	0.39485	0.31818	0.000150000000000	1.000000000000000	0.170859375000000	0
99500		-nan	-nan	0.39481	0.31813	0.000150000000000	1.000000000000000	0.170859375000000	0
100000		-nan	-nan	0.39498	0.31812	0.000150000000000	1.000000000000000	0.170859375000000	0