step	p_accept_mu1	p_accept_gamma	p_accept_pi	p_accept_Tinf	sigma_mu1	sigma_gamma	sigma_pi	n_like_zero
1		1.00000	1.00000	-nan	1.00000	0.000100000000000	1.000000000000000	0.010000000000000	0
500		1.00000	1.00000	0.73494	0.42077	0.000100000000000	1.000000000000000	0.010000000000000	0
1000		-nan	-nan	0.97000	0.40753	0.000150000000000	1.000000000000000	0.015000000000000	0
1500		-nan	-nan	0.90800	0.40058	0.000150000000000	1.000000000000000	0.022500000000000	0
2000		-nan	-nan	0.86800	0.39268	0.000150000000000	1.000000000000000	0.033750000000000	0
2500		-nan	-nan	0.82200	0.38647	0.000150000000000	1.000000000000000	0.050625000000000	0
3000		-nan	-nan	0.72600	0.38173	0.000150000000000	1.000000000000000	0.075937500000000	0
3500		-nan	-nan	0.57600	0.37656	0.000150000000000	1.000000000000000	0.113906250000000	0
4000		-nan	-nan	0.47400	0.37434	0.000150000000000	1.000000000000000	0.170859375000000	0
4500		-nan	-nan	0.45500	0.37033	0.000150000000000	1.000000000000000	0.170859375000000	0
5000		-nan	-nan	0.46600	0.36694	0.000150000000000	1.000000000000000	0.170859375000000	0
5500		-nan	-nan	0.46550	0.36533	0.000150000000000	1.000000000000000	0.170859375000000	0
6000		-nan	-nan	0.45760	0.36335	0.000150000000000	1.000000000000000	0.170859375000000	0
6500		-nan	-nan	0.46433	0.36287	0.000150000000000	1.000000000000000	0.170859375000000	0
7000		-nan	-nan	0.45914	0.36173	0.000150000000000	1.000000000000000	0.170859375000000	0
7500		-nan	-nan	0.46025	0.36056	0.000150000000000	1.000000000000000	0.170859375000000	0
8000		-nan	-nan	0.45511	0.35940	0.000150000000000	1.000000000000000	0.170859375000000	0
8500		-nan	-nan	0.45500	0.35827	0.000150000000000	1.000000000000000	0.170859375000000	0
9000		-nan	-nan	0.45364	0.35726	0.000150000000000	1.000000000000000	0.170859375000000	0
9500		-nan	-nan	0.45033	0.35599	0.000150000000000	1.000000000000000	0.170859375000000	0
10000		-nan	-nan	0.44908	0.35544	0.000150000000000	1.000000000000000	0.170859375000000	0
10500		-nan	-nan	0.45014	0.35560	0.000150000000000	1.000000000000000	0.170859375000000	0
11000		-nan	-nan	0.44987	0.35500	0.000150000000000	1.000000000000000	0.170859375000000	0
11500		-nan	-nan	0.44838	0.35423	0.000150000000000	1.000000000000000	0.170859375000000	0
12000		-nan	-nan	0.44765	0.35350	0.000150000000000	1.000000000000000	0.170859375000000	0
12500		-nan	-nan	0.44700	0.35310	0.000150000000000	1.000000000000000	0.170859375000000	0
13000		-nan	-nan	0.44674	0.35317	0.000150000000000	1.000000000000000	0.170859375000000	0
13500		-nan	-nan	0.44200	0.35231	0.000150000000000	1.000000000000000	0.170859375000000	0
14000		-nan	-nan	0.44000	0.35081	0.000150000000000	1.000000000000000	0.170859375000000	0
14500		-nan	-nan	0.43809	0.35025	0.000150000000000	1.000000000000000	0.170859375000000	0
15000		-nan	-nan	0.43774	0.34991	0.000150000000000	1.000000000000000	0.170859375000000	0
15500		-nan	-nan	0.43750	0.34966	0.000150000000000	1.000000000000000	0.170859375000000	0
16000		-nan	-nan	0.43792	0.34942	0.000150000000000	1.000000000000000	0.170859375000000	0
16500		-nan	-nan	0.43777	0.34926	0.000150000000000	1.000000000000000	0.170859375000000	0
17000		-nan	-nan	0.43637	0.34882	0.000150000000000	1.000000000000000	0.170859375000000	0
17500		-nan	-nan	0.43464	0.34822	0.000150000000000	1.000000000000000	0.170859375000000	0
18000		-nan	-nan	0.43352	0.34788	0.000150000000000	1.000000000000000	0.170859375000000	0
18500		-nan	-nan	0.43460	0.34770	0.000150000000000	1.000000000000000	0.170859375000000	0
19000		-nan	-nan	0.43471	0.34742	0.000150000000000	1.000000000000000	0.170859375000000	0
19500		-nan	-nan	0.43475	0.34682	0.000150000000000	1.000000000000000	0.170859375000000	0
20000		-nan	-nan	0.43430	0.34679	0.000150000000000	1.000000000000000	0.170859375000000	0
20500		-nan	-nan	0.43459	0.34685	0.000150000000000	1.000000000000000	0.170859375000000	0
21000		-nan	-nan	0.43463	0.34658	0.000150000000000	1.000000000000000	0.170859375000000	0
21500		-nan	-nan	0.43472	0.34651	0.000150000000000	1.000000000000000	0.170859375000000	0
22000		-nan	-nan	0.43497	0.34652	0.000150000000000	1.000000000000000	0.170859375000000	0
22500		-nan	-nan	0.43416	0.34635	0.000150000000000	1.000000000000000	0.170859375000000	0
23000		-nan	-nan	0.43574	0.34628	0.000150000000000	1.000000000000000	0.170859375000000	0
23500		-nan	-nan	0.43665	0.34613	0.000150000000000	1.000000000000000	0.170859375000000	0
24000		-nan	-nan	0.43663	0.34582	0.000150000000000	1.000000000000000	0.170859375000000	0
24500		-nan	-nan	0.43710	0.34565	0.000150000000000	1.000000000000000	0.170859375000000	0
25000		-nan	-nan	0.43684	0.34580	0.000150000000000	1.000000000000000	0.170859375000000	0
25500		-nan	-nan	0.43691	0.34557	0.000150000000000	1.000000000000000	0.170859375000000	0
26000		-nan	-nan	0.43631	0.34517	0.000150000000000	1.000000000000000	0.170859375000000	0
26500		-nan	-nan	0.43504	0.34495	0.000150000000000	1.000000000000000	0.170859375000000	0
27000		-nan	-nan	0.43481	0.34459	0.000150000000000	1.000000000000000	0.170859375000000	0
27500		-nan	-nan	0.43492	0.34450	0.000150000000000	1.000000000000000	0.170859375000000	0
28000		-nan	-nan	0.43539	0.34462	0.000150000000000	1.000000000000000	0.170859375000000	0
28500		-nan	-nan	0.43508	0.34457	0.000150000000000	1.000000000000000	0.170859375000000	0
29000		-nan	-nan	0.43486	0.34459	0.000150000000000	1.000000000000000	0.170859375000000	0
29500		-nan	-nan	0.43465	0.34450	0.000150000000000	1.000000000000000	0.170859375000000	0
30000		-nan	-nan	0.43355	0.34436	0.000150000000000	1.000000000000000	0.170859375000000	0
30500		-nan	-nan	0.43307	0.34415	0.000150000000000	1.000000000000000	0.170859375000000	0
31000		-nan	-nan	0.43291	0.34406	0.000150000000000	1.000000000000000	0.170859375000000	0
31500		-nan	-nan	0.43293	0.34378	0.000150000000000	1.000000000000000	0.170859375000000	0
32000		-nan	-nan	0.43319	0.34360	0.000150000000000	1.000000000000000	0.170859375000000	0
32500		-nan	-nan	0.43386	0.34357	0.000150000000000	1.000000000000000	0.170859375000000	0
33000		-nan	-nan	0.43424	0.34346	0.000150000000000	1.000000000000000	0.170859375000000	0
33500		-nan	-nan	0.43373	0.34335	0.000150000000000	1.000000000000000	0.170859375000000	0
34000		-nan	-nan	0.43410	0.34333	0.000150000000000	1.000000000000000	0.170859375000000	0
34500		-nan	-nan	0.43410	0.34331	0.000150000000000	1.000000000000000	0.170859375000000	0
35000		-nan	-nan	0.43435	0.34322	0.000150000000000	1.000000000000000	0.170859375000000	0
35500		-nan	-nan	0.43388	0.34309	0.000150000000000	1.000000000000000	0.170859375000000	0
36000		-nan	-nan	0.43403	0.34292	0.000150000000000	1.000000000000000	0.170859375000000	0
36500		-nan	-nan	0.43418	0.34298	0.000150000000000	1.000000000000000	0.170859375000000	0
37000		-nan	-nan	0.43418	0.34289	0.000150000000000	1.000000000000000	0.170859375000000	0
37500		-nan	-nan	0.43391	0.34283	0.000150000000000	1.000000000000000	0.170859375000000	0
38000		-nan	-nan	0.43371	0.34278	0.000150000000000	1.000000000000000	0.170859375000000	0
38500		-nan	-nan	0.43329	0.34261	0.000150000000000	1.000000000000000	0.170859375000000	0
39000		-nan	-nan	0.43299	0.34257	0.000150000000000	1.000000000000000	0.170859375000000	0
39500		-nan	-nan	0.43228	0.34225	0.000150000000000	1.000000000000000	0.170859375000000	0
40000		-nan	-nan	0.43238	0.34215	0.000150000000000	1.000000000000000	0.170859375000000	0
40500		-nan	-nan	0.43227	0.34210	0.000150000000000	1.000000000000000	0.170859375000000	0
41000		-nan	-nan	0.43235	0.34210	0.000150000000000	1.000000000000000	0.170859375000000	0
41500		-nan	-nan	0.43229	0.34204	0.000150000000000	1.000000000000000	0.170859375000000	0
42000		-nan	-nan	0.43200	0.34195	0.000150000000000	1.000000000000000	0.170859375000000	0
42500		-nan	-nan	0.43151	0.34183	0.000150000000000	1.000000000000000	0.170859375000000	0
43000		-nan	-nan	0.43119	0.34170	0.000150000000000	1.000000000000000	0.170859375000000	0
43500		-nan	-nan	0.43110	0.34165	0.000150000000000	1.000000000000000	0.170859375000000	0
44000		-nan	-nan	0.43114	0.34161	0.000150000000000	1.000000000000000	0.170859375000000	0
44500		-nan	-nan	0.43100	0.34145	0.000150000000000	1.000000000000000	0.170859375000000	0
45000		-nan	-nan	0.43077	0.34139	0.000150000000000	1.000000000000000	0.170859375000000	0
45500		-nan	-nan	0.43069	0.34137	0.000150000000000	1.000000000000000	0.170859375000000	0
46000		-nan	-nan	0.43026	0.34135	0.000150000000000	1.000000000000000	0.170859375000000	0
46500		-nan	-nan	0.43005	0.34136	0.000150000000000	1.000000000000000	0.170859375000000	0
47000		-nan	-nan	0.43002	0.34138	0.000150000000000	1.000000000000000	0.170859375000000	0
47500		-nan	-nan	0.42957	0.34136	0.000150000000000	1.000000000000000	0.170859375000000	0
48000		-nan	-nan	0.42964	0.34143	0.000150000000000	1.000000000000000	0.170859375000000	0
48500		-nan	-nan	0.43016	0.34143	0.000150000000000	1.000000000000000	0.170859375000000	0
49000		-nan	-nan	0.43029	0.34141	0.000150000000000	1.000000000000000	0.170859375000000	0
49500		-nan	-nan	0.43011	0.34137	0.000150000000000	1.000000000000000	0.170859375000000	0
50000		-nan	-nan	0.43030	0.34143	0.000150000000000	1.000000000000000	0.170859375000000	0
50500		-nan	-nan	0.43011	0.34136	0.000150000000000	1.000000000000000	0.170859375000000	0
51000		-nan	-nan	0.42992	0.34150	0.000150000000000	1.000000000000000	0.170859375000000	0
51500		-nan	-nan	0.43038	0.34165	0.000150000000000	1.000000000000000	0.170859375000000	0
52000		-nan	-nan	0.43097	0.34183	0.000150000000000	1.000000000000000	0.170859375000000	0
52500		-nan	-nan	0.43118	0.34191	0.000150000000000	1.000000000000000	0.170859375000000	0
53000		-nan	-nan	0.43069	0.34175	0.000150000000000	1.000000000000000	0.170859375000000	0
53500		-nan	-nan	0.43052	0.34169	0.000150000000000	1.000000000000000	0.170859375000000	0
54000		-nan	-nan	0.43050	0.34168	0.000150000000000	1.000000000000000	0.170859375000000	0
54500		-nan	-nan	0.43067	0.34180	0.000150000000000	1.000000000000000	0.170859375000000	0
55000		-nan	-nan	0.43078	0.34179	0.000150000000000	1.000000000000000	0.170859375000000	0
55500		-nan	-nan	0.43085	0.34188	0.000150000000000	1.000000000000000	0.170859375000000	0
56000		-nan	-nan	0.43128	0.34200	0.000150000000000	1.000000000000000	0.170859375000000	0
56500		-nan	-nan	0.43164	0.34215	0.000150000000000	1.000000000000000	0.170859375000000	0
57000		-nan	-nan	0.43191	0.34235	0.000150000000000	1.000000000000000	0.170859375000000	0
57500		-nan	-nan	0.43235	0.34240	0.000150000000000	1.000000000000000	0.170859375000000	0
58000		-nan	-nan	0.43226	0.34245	0.000150000000000	1.000000000000000	0.170859375000000	0
58500		-nan	-nan	0.43229	0.34245	0.000150000000000	1.000000000000000	0.170859375000000	0
59000		-nan	-nan	0.43241	0.34241	0.000150000000000	1.000000000000000	0.170859375000000	0
59500		-nan	-nan	0.43223	0.34234	0.000150000000000	1.000000000000000	0.170859375000000	0
60000		-nan	-nan	0.43248	0.34229	0.000150000000000	1.000000000000000	0.170859375000000	0
60500		-nan	-nan	0.43263	0.34229	0.000150000000000	1.000000000000000	0.170859375000000	0
61000		-nan	-nan	0.43271	0.34226	0.000150000000000	1.000000000000000	0.170859375000000	0
61500		-nan	-nan	0.43290	0.34233	0.000150000000000	1.000000000000000	0.170859375000000	0
62000		-nan	-nan	0.43318	0.34239	0.000150000000000	1.000000000000000	0.170859375000000	0
62500		-nan	-nan	0.43337	0.34241	0.000150000000000	1.000000000000000	0.170859375000000	0
63000		-nan	-nan	0.43319	0.34232	0.000150000000000	1.000000000000000	0.170859375000000	0
63500		-nan	-nan	0.43315	0.34221	0.000150000000000	1.000000000000000	0.170859375000000	0
64000		-nan	-nan	0.43296	0.34216	0.000150000000000	1.000000000000000	0.170859375000000	0
64500		-nan	-nan	0.43305	0.34214	0.000150000000000	1.000000000000000	0.170859375000000	0
65000		-nan	-nan	0.43285	0.34205	0.000150000000000	1.000000000000000	0.170859375000000	0
65500		-nan	-nan	0.43279	0.34197	0.000150000000000	1.000000000000000	0.170859375000000	0
66000		-nan	-nan	0.43274	0.34198	0.000150000000000	1.000000000000000	0.170859375000000	0
66500		-nan	-nan	0.43289	0.34200	0.000150000000000	1.000000000000000	0.170859375000000	0
67000		-nan	-nan	0.43283	0.34197	0.000150000000000	1.000000000000000	0.170859375000000	0
67500		-nan	-nan	0.43266	0.34193	0.000150000000000	1.000000000000000	0.170859375000000	0
68000		-nan	-nan	0.43287	0.34193	0.000150000000000	1.000000000000000	0.170859375000000	0
68500		-nan	-nan	0.43275	0.34193	0.000150000000000	1.000000000000000	0.170859375000000	0
69000		-nan	-nan	0.43231	0.34192	0.000150000000000	1.000000000000000	0.170859375000000	0
69500		-nan	-nan	0.43203	0.34186	0.000150000000000	1.000000000000000	0.170859375000000	0
70000		-nan	-nan	0.43200	0.34174	0.000150000000000	1.000000000000000	0.170859375000000	0
70500		-nan	-nan	0.43203	0.34174	0.000150000000000	1.000000000000000	0.170859375000000	0
71000		-nan	-nan	0.43206	0.34177	0.000150000000000	1.000000000000000	0.170859375000000	0
71500		-nan	-nan	0.43201	0.34178	0.000150000000000	1.000000000000000	0.170859375000000	0
72000		-nan	-nan	0.43210	0.34178	0.000150000000000	1.000000000000000	0.170859375000000	0
72500		-nan	-nan	0.43214	0.34181	0.000150000000000	1.000000000000000	0.170859375000000	0
73000		-nan	-nan	0.43232	0.34181	0.000150000000000	1.000000000000000	0.170859375000000	0
73500		-nan	-nan	0.43234	0.34184	0.000150000000000	1.000000000000000	0.170859375000000	0
74000		-nan	-nan	0.43220	0.34188	0.000150000000000	1.000000000000000	0.170859375000000	0
74500		-nan	-nan	0.43203	0.34181	0.000150000000000	1.000000000000000	0.170859375000000	0
75000		-nan	-nan	0.43193	0.34181	0.000150000000000	1.000000000000000	0.170859375000000	0
75500		-nan	-nan	0.43174	0.34177	0.000150000000000	1.000000000000000	0.170859375000000	0
76000		-nan	-nan	0.43167	0.34179	0.000150000000000	1.000000000000000	0.170859375000000	0
76500		-nan	-nan	0.43159	0.34179	0.000150000000000	1.000000000000000	0.170859375000000	0
77000		-nan	-nan	0.43128	0.34180	0.000150000000000	1.000000000000000	0.170859375000000	0
77500		-nan	-nan	0.43134	0.34179	0.000150000000000	1.000000000000000	0.170859375000000	0
78000		-nan	-nan	0.43140	0.34168	0.000150000000000	1.000000000000000	0.170859375000000	0
78500		-nan	-nan	0.43137	0.34155	0.000150000000000	1.000000000000000	0.170859375000000	0
79000		-nan	-nan	0.43148	0.34158	0.000150000000000	1.000000000000000	0.170859375000000	0
79500		-nan	-nan	0.43179	0.34161	0.000150000000000	1.000000000000000	0.170859375000000	0
80000		-nan	-nan	0.43186	0.34161	0.000150000000000	1.000000000000000	0.170859375000000	0
80500		-nan	-nan	0.43161	0.34165	0.000150000000000	1.000000000000000	0.170859375000000	0
81000		-nan	-nan	0.43151	0.34165	0.000150000000000	1.000000000000000	0.170859375000000	0
81500		-nan	-nan	0.43142	0.34163	0.000150000000000	1.000000000000000	0.170859375000000	0
82000		-nan	-nan	0.43117	0.34165	0.000150000000000	1.000000000000000	0.170859375000000	0
82500		-nan	-nan	0.43137	0.34164	0.000150000000000	1.000000000000000	0.170859375000000	0
83000		-nan	-nan	0.43136	0.34159	0.000150000000000	1.000000000000000	0.170859375000000	0
83500		-nan	-nan	0.43134	0.34155	0.000150000000000	1.000000000000000	0.170859375000000	0
84000		-nan	-nan	0.43120	0.34145	0.000150000000000	1.000000000000000	0.170859375000000	0
84500		-nan	-nan	0.43112	0.34143	0.000150000000000	1.000000000000000	0.170859375000000	0
85000		-nan	-nan	0.43097	0.34136	0.000150000000000	1.000000000000000	0.170859375000000	0
85500		-nan	-nan	0.43126	0.34141	0.000150000000000	1.000000000000000	0.170859375000000	0
86000		-nan	-nan	0.43121	0.34141	0.000150000000000	1.000000000000000	0.170859375000000	0
86500		-nan	-nan	0.43092	0.34134	0.000150000000000	1.000000000000000	0.170859375000000	0
87000		-nan	-nan	0.43083	0.34128	0.000150000000000	1.000000000000000	0.170859375000000	0
87500		-nan	-nan	0.43083	0.34127	0.000150000000000	1.000000000000000	0.170859375000000	0
88000		-nan	-nan	0.43086	0.34132	0.000150000000000	1.000000000000000	0.170859375000000	0
88500		-nan	-nan	0.43098	0.34135	0.000150000000000	1.000000000000000	0.170859375000000	0
89000		-nan	-nan	0.43095	0.34134	0.000150000000000	1.000000000000000	0.170859375000000	0
89500		-nan	-nan	0.43080	0.34132	0.000150000000000	1.000000000000000	0.170859375000000	0
90000		-nan	-nan	0.43036	0.34126	0.000150000000000	1.000000000000000	0.170859375000000	0
90500		-nan	-nan	0.43031	0.34119	0.000150000000000	1.000000000000000	0.170859375000000	0
91000		-nan	-nan	0.43024	0.34108	0.000150000000000	1.000000000000000	0.170859375000000	0
91500		-nan	-nan	0.42997	0.34093	0.000150000000000	1.000000000000000	0.170859375000000	0
92000		-nan	-nan	0.42969	0.34085	0.000150000000000	1.000000000000000	0.170859375000000	0
92500		-nan	-nan	0.42976	0.34081	0.000150000000000	1.000000000000000	0.170859375000000	0
93000		-nan	-nan	0.42962	0.34076	0.000150000000000	1.000000000000000	0.170859375000000	0
93500		-nan	-nan	0.42937	0.34074	0.000150000000000	1.000000000000000	0.170859375000000	0
94000		-nan	-nan	0.42908	0.34072	0.000150000000000	1.000000000000000	0.170859375000000	0
94500		-nan	-nan	0.42934	0.34068	0.000150000000000	1.000000000000000	0.170859375000000	0
95000		-nan	-nan	0.42916	0.34062	0.000150000000000	1.000000000000000	0.170859375000000	0
95500		-nan	-nan	0.42901	0.34054	0.000150000000000	1.000000000000000	0.170859375000000	0
96000		-nan	-nan	0.42880	0.34054	0.000150000000000	1.000000000000000	0.170859375000000	0
96500		-nan	-nan	0.42901	0.34058	0.000150000000000	1.000000000000000	0.170859375000000	0
97000		-nan	-nan	0.42897	0.34059	0.000150000000000	1.000000000000000	0.170859375000000	0
97500		-nan	-nan	0.42893	0.34058	0.000150000000000	1.000000000000000	0.170859375000000	0
98000		-nan	-nan	0.42917	0.34057	0.000150000000000	1.000000000000000	0.170859375000000	0
98500		-nan	-nan	0.42911	0.34055	0.000150000000000	1.000000000000000	0.170859375000000	0
99000		-nan	-nan	0.42904	0.34053	0.000150000000000	1.000000000000000	0.170859375000000	0
99500		-nan	-nan	0.42904	0.34061	0.000150000000000	1.000000000000000	0.170859375000000	0
100000		-nan	-nan	0.42911	0.34064	0.000150000000000	1.000000000000000	0.170859375000000	0