step	p_accept_mu1	p_accept_gamma	p_accept_pi	p_accept_Tinf	sigma_mu1	sigma_gamma	sigma_pi	n_like_zero
1		1.00000	1.00000	1.00000	1.00000	0.000100000000000	1.000000000000000	0.010000000000000	0
500		1.00000	1.00000	1.00000	0.30444	0.000100000000000	1.000000000000000	0.010000000000000	0
1000		-nan	-nan	0.87200	0.29616	0.000150000000000	1.000000000000000	0.015000000000000	0
1500		-nan	-nan	0.79600	0.29177	0.000150000000000	1.000000000000000	0.022500000000000	0
2000		-nan	-nan	0.73200	0.29075	0.000150000000000	1.000000000000000	0.033750000000000	0
2500		-nan	-nan	0.58200	0.29031	0.000150000000000	1.000000000000000	0.050625000000000	0
3000		-nan	-nan	0.51000	0.28969	0.000150000000000	1.000000000000000	0.075937500000000	0
3500		-nan	-nan	0.37200	0.29045	0.000150000000000	1.000000000000000	0.113906250000000	0
4000		-nan	-nan	0.36400	0.28956	0.000150000000000	1.000000000000000	0.113906250000000	0
4500		-nan	-nan	0.37200	0.29025	0.000150000000000	1.000000000000000	0.113906250000000	0
5000		-nan	-nan	0.37300	0.29035	0.000150000000000	1.000000000000000	0.113906250000000	0
5500		-nan	-nan	0.36400	0.28988	0.000150000000000	1.000000000000000	0.113906250000000	0
6000		-nan	-nan	0.36733	0.28907	0.000150000000000	1.000000000000000	0.113906250000000	0
6500		-nan	-nan	0.36714	0.28938	0.000150000000000	1.000000000000000	0.113906250000000	0
7000		-nan	-nan	0.36425	0.28936	0.000150000000000	1.000000000000000	0.113906250000000	0
7500		-nan	-nan	0.36556	0.28947	0.000150000000000	1.000000000000000	0.113906250000000	0
8000		-nan	-nan	0.36440	0.28895	0.000150000000000	1.000000000000000	0.113906250000000	0
8500		-nan	-nan	0.36127	0.28897	0.000150000000000	1.000000000000000	0.113906250000000	0
9000		-nan	-nan	0.35983	0.28898	0.000150000000000	1.000000000000000	0.113906250000000	0
9500		-nan	-nan	0.36062	0.28881	0.000150000000000	1.000000000000000	0.113906250000000	0
10000		-nan	-nan	0.36086	0.28871	0.000150000000000	1.000000000000000	0.113906250000000	0
10500		-nan	-nan	0.36027	0.28843	0.000150000000000	1.000000000000000	0.113906250000000	0
11000		-nan	-nan	0.36000	0.28865	0.000150000000000	1.000000000000000	0.113906250000000	0
11500		-nan	-nan	0.36106	0.28874	0.000150000000000	1.000000000000000	0.113906250000000	0
12000		-nan	-nan	0.36311	0.28889	0.000150000000000	1.000000000000000	0.113906250000000	0
12500		-nan	-nan	0.36421	0.28890	0.000150000000000	1.000000000000000	0.113906250000000	0
13000		-nan	-nan	0.36340	0.28896	0.000150000000000	1.000000000000000	0.113906250000000	0
13500		-nan	-nan	0.36505	0.28902	0.000150000000000	1.000000000000000	0.113906250000000	0
14000		-nan	-nan	0.36473	0.28920	0.000150000000000	1.000000000000000	0.113906250000000	0
14500		-nan	-nan	0.36470	0.28895	0.000150000000000	1.000000000000000	0.113906250000000	0
15000		-nan	-nan	0.36267	0.28898	0.000150000000000	1.000000000000000	0.113906250000000	0
15500		-nan	-nan	0.36256	0.28892	0.000150000000000	1.000000000000000	0.113906250000000	0
16000		-nan	-nan	0.36185	0.28905	0.000150000000000	1.000000000000000	0.113906250000000	0
16500		-nan	-nan	0.36222	0.28905	0.000150000000000	1.000000000000000	0.113906250000000	0
17000		-nan	-nan	0.36307	0.28912	0.000150000000000	1.000000000000000	0.113906250000000	0
17500		-nan	-nan	0.36331	0.28909	0.000150000000000	1.000000000000000	0.113906250000000	0
18000		-nan	-nan	0.36220	0.28890	0.000150000000000	1.000000000000000	0.113906250000000	0
18500		-nan	-nan	0.36284	0.28853	0.000150000000000	1.000000000000000	0.113906250000000	0
19000		-nan	-nan	0.36338	0.28846	0.000150000000000	1.000000000000000	0.113906250000000	0
19500		-nan	-nan	0.36448	0.28865	0.000150000000000	1.000000000000000	0.113906250000000	0
20000		-nan	-nan	0.36453	0.28867	0.000150000000000	1.000000000000000	0.113906250000000	0
20500		-nan	-nan	0.36371	0.28878	0.000150000000000	1.000000000000000	0.113906250000000	0
21000		-nan	-nan	0.36372	0.28873	0.000150000000000	1.000000000000000	0.113906250000000	0
21500		-nan	-nan	0.36200	0.28874	0.000150000000000	1.000000000000000	0.113906250000000	0
22000		-nan	-nan	0.36179	0.28886	0.000150000000000	1.000000000000000	0.113906250000000	0
22500		-nan	-nan	0.36159	0.28883	0.000150000000000	1.000000000000000	0.113906250000000	0
23000		-nan	-nan	0.36145	0.28876	0.000150000000000	1.000000000000000	0.113906250000000	0
23500		-nan	-nan	0.36180	0.28863	0.000150000000000	1.000000000000000	0.113906250000000	0
24000		-nan	-nan	0.36119	0.28852	0.000150000000000	1.000000000000000	0.113906250000000	0
24500		-nan	-nan	0.36051	0.28845	0.000150000000000	1.000000000000000	0.113906250000000	0
25000		-nan	-nan	0.36127	0.28847	0.000150000000000	1.000000000000000	0.113906250000000	0
25500		-nan	-nan	0.36084	0.28849	0.000150000000000	1.000000000000000	0.113906250000000	0
26000		-nan	-nan	0.36139	0.28834	0.000150000000000	1.000000000000000	0.113906250000000	0
26500		-nan	-nan	0.36196	0.28834	0.000150000000000	1.000000000000000	0.113906250000000	0
27000		-nan	-nan	0.36221	0.28833	0.000150000000000	1.000000000000000	0.113906250000000	0
27500		-nan	-nan	0.36302	0.28826	0.000150000000000	1.000000000000000	0.113906250000000	0
28000		-nan	-nan	0.36412	0.28824	0.000150000000000	1.000000000000000	0.113906250000000	0
28500		-nan	-nan	0.36459	0.28837	0.000150000000000	1.000000000000000	0.113906250000000	0
29000		-nan	-nan	0.36492	0.28846	0.000150000000000	1.000000000000000	0.113906250000000	0
29500		-nan	-nan	0.36453	0.28846	0.000150000000000	1.000000000000000	0.113906250000000	0
30000		-nan	-nan	0.36419	0.28846	0.000150000000000	1.000000000000000	0.113906250000000	0
30500		-nan	-nan	0.36433	0.28838	0.000150000000000	1.000000000000000	0.113906250000000	0
31000		-nan	-nan	0.36325	0.28834	0.000150000000000	1.000000000000000	0.113906250000000	0
31500		-nan	-nan	0.36309	0.28836	0.000150000000000	1.000000000000000	0.113906250000000	0
32000		-nan	-nan	0.36259	0.28827	0.000150000000000	1.000000000000000	0.113906250000000	0
32500		-nan	-nan	0.36268	0.28817	0.000150000000000	1.000000000000000	0.113906250000000	0
33000		-nan	-nan	0.36217	0.28818	0.000150000000000	1.000000000000000	0.113906250000000	0
33500		-nan	-nan	0.36243	0.28831	0.000150000000000	1.000000000000000	0.113906250000000	0
34000		-nan	-nan	0.36258	0.28818	0.000150000000000	1.000000000000000	0.113906250000000	0
34500		-nan	-nan	0.36238	0.28813	0.000150000000000	1.000000000000000	0.113906250000000	0
35000		-nan	-nan	0.36241	0.28809	0.000150000000000	1.000000000000000	0.113906250000000	0
35500		-nan	-nan	0.36249	0.28799	0.000150000000000	1.000000000000000	0.113906250000000	0
36000		-nan	-nan	0.36279	0.28799	0.000150000000000	1.000000000000000	0.113906250000000	0
36500		-nan	-nan	0.36301	0.28795	0.000150000000000	1.000000000000000	0.113906250000000	0
37000		-nan	-nan	0.36259	0.28791	0.000150000000000	1.000000000000000	0.113906250000000	0
37500		-nan	-nan	0.36301	0.28801	0.000150000000000	1.000000000000000	0.113906250000000	0
38000		-nan	-nan	0.36291	0.28800	0.000150000000000	1.000000000000000	0.113906250000000	0
38500		-nan	-nan	0.36287	0.28795	0.000150000000000	1.000000000000000	0.113906250000000	0
39000		-nan	-nan	0.36258	0.28788	0.000150000000000	1.000000000000000	0.113906250000000	0
39500		-nan	-nan	0.36296	0.28788	0.000150000000000	1.000000000000000	0.113906250000000	0
40000		-nan	-nan	0.36332	0.28790	0.000150000000000	1.000000000000000	0.113906250000000	0
40500		-nan	-nan	0.36296	0.28786	0.000150000000000	1.000000000000000	0.113906250000000	0
41000		-nan	-nan	0.36279	0.28794	0.000150000000000	1.000000000000000	0.113906250000000	0
41500		-nan	-nan	0.36278	0.28784	0.000150000000000	1.000000000000000	0.113906250000000	0
42000		-nan	-nan	0.36308	0.28780	0.000150000000000	1.000000000000000	0.113906250000000	0
42500		-nan	-nan	0.36334	0.28789	0.000150000000000	1.000000000000000	0.113906250000000	0
43000		-nan	-nan	0.36325	0.28791	0.000150000000000	1.000000000000000	0.113906250000000	0
43500		-nan	-nan	0.36326	0.28789	0.000150000000000	1.000000000000000	0.113906250000000	0
44000		-nan	-nan	0.36337	0.28791	0.000150000000000	1.000000000000000	0.113906250000000	0
44500		-nan	-nan	0.36340	0.28784	0.000150000000000	1.000000000000000	0.113906250000000	0
45000		-nan	-nan	0.36350	0.28792	0.000150000000000	1.000000000000000	0.113906250000000	0
45500		-nan	-nan	0.36381	0.28792	0.000150000000000	1.000000000000000	0.113906250000000	0
46000		-nan	-nan	0.36381	0.28793	0.000150000000000	1.000000000000000	0.113906250000000	0
46500		-nan	-nan	0.36409	0.28789	0.000150000000000	1.000000000000000	0.113906250000000	0
47000		-nan	-nan	0.36405	0.28786	0.000150000000000	1.000000000000000	0.113906250000000	0
47500		-nan	-nan	0.36373	0.28780	0.000150000000000	1.000000000000000	0.113906250000000	0
48000		-nan	-nan	0.36384	0.28777	0.000150000000000	1.000000000000000	0.113906250000000	0
48500		-nan	-nan	0.36435	0.28780	0.000150000000000	1.000000000000000	0.113906250000000	0
49000		-nan	-nan	0.36411	0.28790	0.000150000000000	1.000000000000000	0.113906250000000	0
49500		-nan	-nan	0.36409	0.28797	0.000150000000000	1.000000000000000	0.113906250000000	0
50000		-nan	-nan	0.36438	0.28794	0.000150000000000	1.000000000000000	0.113906250000000	0
50500		-nan	-nan	0.36484	0.28792	0.000150000000000	1.000000000000000	0.113906250000000	0
51000		-nan	-nan	0.36475	0.28792	0.000150000000000	1.000000000000000	0.113906250000000	0
51500		-nan	-nan	0.36513	0.28794	0.000150000000000	1.000000000000000	0.113906250000000	0
52000		-nan	-nan	0.36522	0.28792	0.000150000000000	1.000000000000000	0.113906250000000	0
52500		-nan	-nan	0.36511	0.28799	0.000150000000000	1.000000000000000	0.113906250000000	0
53000		-nan	-nan	0.36534	0.28798	0.000150000000000	1.000000000000000	0.113906250000000	0
53500		-nan	-nan	0.36576	0.28807	0.000150000000000	1.000000000000000	0.113906250000000	0
54000		-nan	-nan	0.36539	0.28803	0.000150000000000	1.000000000000000	0.113906250000000	0
54500		-nan	-nan	0.36557	0.28800	0.000150000000000	1.000000000000000	0.113906250000000	0
55000		-nan	-nan	0.36544	0.28804	0.000150000000000	1.000000000000000	0.113906250000000	0
55500		-nan	-nan	0.36550	0.28806	0.000150000000000	1.000000000000000	0.113906250000000	0
56000		-nan	-nan	0.36523	0.28805	0.000150000000000	1.000000000000000	0.113906250000000	0
56500		-nan	-nan	0.36497	0.28800	0.000150000000000	1.000000000000000	0.113906250000000	0
57000		-nan	-nan	0.36519	0.28796	0.000150000000000	1.000000000000000	0.113906250000000	0
57500		-nan	-nan	0.36538	0.28793	0.000150000000000	1.000000000000000	0.113906250000000	0
58000		-nan	-nan	0.36549	0.28798	0.000150000000000	1.000000000000000	0.113906250000000	0
58500		-nan	-nan	0.36537	0.28797	0.000150000000000	1.000000000000000	0.113906250000000	0
59000		-nan	-nan	0.36545	0.28796	0.000150000000000	1.000000000000000	0.113906250000000	0
59500		-nan	-nan	0.36547	0.28796	0.000150000000000	1.000000000000000	0.113906250000000	0
60000		-nan	-nan	0.36540	0.28793	0.000150000000000	1.000000000000000	0.113906250000000	0
60500		-nan	-nan	0.36530	0.28791	0.000150000000000	1.000000000000000	0.113906250000000	0
61000		-nan	-nan	0.36541	0.28791	0.000150000000000	1.000000000000000	0.113906250000000	0
61500		-nan	-nan	0.36526	0.28791	0.000150000000000	1.000000000000000	0.113906250000000	0
62000		-nan	-nan	0.36549	0.28794	0.000150000000000	1.000000000000000	0.113906250000000	0
62500		-nan	-nan	0.36546	0.28794	0.000150000000000	1.000000000000000	0.113906250000000	0
63000		-nan	-nan	0.36578	0.28793	0.000150000000000	1.000000000000000	0.113906250000000	0
63500		-nan	-nan	0.36564	0.28786	0.000150000000000	1.000000000000000	0.113906250000000	0
64000		-nan	-nan	0.36538	0.28782	0.000150000000000	1.000000000000000	0.113906250000000	0
64500		-nan	-nan	0.36545	0.28780	0.000150000000000	1.000000000000000	0.113906250000000	0
65000		-nan	-nan	0.36576	0.28777	0.000150000000000	1.000000000000000	0.113906250000000	0
65500		-nan	-nan	0.36576	0.28773	0.000150000000000	1.000000000000000	0.113906250000000	0
66000		-nan	-nan	0.36598	0.28773	0.000150000000000	1.000000000000000	0.113906250000000	0
66500		-nan	-nan	0.36625	0.28776	0.000150000000000	1.000000000000000	0.113906250000000	0
67000		-nan	-nan	0.36628	0.28776	0.000150000000000	1.000000000000000	0.113906250000000	0
67500		-nan	-nan	0.36616	0.28778	0.000150000000000	1.000000000000000	0.113906250000000	0
68000		-nan	-nan	0.36617	0.28773	0.000150000000000	1.000000000000000	0.113906250000000	0
68500		-nan	-nan	0.36631	0.28772	0.000150000000000	1.000000000000000	0.113906250000000	0
69000		-nan	-nan	0.36658	0.28767	0.000150000000000	1.000000000000000	0.113906250000000	0
69500		-nan	-nan	0.36656	0.28769	0.000150000000000	1.000000000000000	0.113906250000000	0
70000		-nan	-nan	0.36657	0.28768	0.000150000000000	1.000000000000000	0.113906250000000	0
70500		-nan	-nan	0.36664	0.28767	0.000150000000000	1.000000000000000	0.113906250000000	0
71000		-nan	-nan	0.36653	0.28766	0.000150000000000	1.000000000000000	0.113906250000000	0
71500		-nan	-nan	0.36660	0.28768	0.000150000000000	1.000000000000000	0.113906250000000	0
72000		-nan	-nan	0.36655	0.28770	0.000150000000000	1.000000000000000	0.113906250000000	0
72500		-nan	-nan	0.36652	0.28769	0.000150000000000	1.000000000000000	0.113906250000000	0
73000		-nan	-nan	0.36644	0.28770	0.000150000000000	1.000000000000000	0.113906250000000	0
73500		-nan	-nan	0.36650	0.28769	0.000150000000000	1.000000000000000	0.113906250000000	0
74000		-nan	-nan	0.36669	0.28767	0.000150000000000	1.000000000000000	0.113906250000000	0
74500		-nan	-nan	0.36694	0.28768	0.000150000000000	1.000000000000000	0.113906250000000	0
75000		-nan	-nan	0.36751	0.28769	0.000150000000000	1.000000000000000	0.113906250000000	0
75500		-nan	-nan	0.36734	0.28769	0.000150000000000	1.000000000000000	0.113906250000000	0
76000		-nan	-nan	0.36738	0.28765	0.000150000000000	1.000000000000000	0.113906250000000	0
76500		-nan	-nan	0.36756	0.28767	0.000150000000000	1.000000000000000	0.113906250000000	0
77000		-nan	-nan	0.36741	0.28770	0.000150000000000	1.000000000000000	0.113906250000000	0
77500		-nan	-nan	0.36762	0.28775	0.000150000000000	1.000000000000000	0.113906250000000	0
78000		-nan	-nan	0.36779	0.28780	0.000150000000000	1.000000000000000	0.113906250000000	0
78500		-nan	-nan	0.36795	0.28781	0.000150000000000	1.000000000000000	0.113906250000000	0
79000		-nan	-nan	0.36811	0.28783	0.000150000000000	1.000000000000000	0.113906250000000	0
79500		-nan	-nan	0.36808	0.28788	0.000150000000000	1.000000000000000	0.113906250000000	0
80000		-nan	-nan	0.36782	0.28787	0.000150000000000	1.000000000000000	0.113906250000000	0
80500		-nan	-nan	0.36770	0.28790	0.000150000000000	1.000000000000000	0.113906250000000	0
81000		-nan	-nan	0.36786	0.28793	0.000150000000000	1.000000000000000	0.113906250000000	0
81500		-nan	-nan	0.36764	0.28787	0.000150000000000	1.000000000000000	0.113906250000000	0
82000		-nan	-nan	0.36752	0.28784	0.000150000000000	1.000000000000000	0.113906250000000	0
82500		-nan	-nan	0.36738	0.28779	0.000150000000000	1.000000000000000	0.113906250000000	0
83000		-nan	-nan	0.36735	0.28776	0.000150000000000	1.000000000000000	0.113906250000000	0
83500		-nan	-nan	0.36718	0.28775	0.000150000000000	1.000000000000000	0.113906250000000	0
84000		-nan	-nan	0.36711	0.28774	0.000150000000000	1.000000000000000	0.113906250000000	0
84500		-nan	-nan	0.36687	0.28772	0.000150000000000	1.000000000000000	0.113906250000000	0
85000		-nan	-nan	0.36662	0.28770	0.000150000000000	1.000000000000000	0.113906250000000	0
85500		-nan	-nan	0.36644	0.28767	0.000150000000000	1.000000000000000	0.113906250000000	0
86000		-nan	-nan	0.36661	0.28770	0.000150000000000	1.000000000000000	0.113906250000000	0
86500		-nan	-nan	0.36672	0.28778	0.000150000000000	1.000000000000000	0.113906250000000	0
87000		-nan	-nan	0.36655	0.28780	0.000150000000000	1.000000000000000	0.113906250000000	0
87500		-nan	-nan	0.36663	0.28778	0.000150000000000	1.000000000000000	0.113906250000000	0
88000		-nan	-nan	0.36652	0.28778	0.000150000000000	1.000000000000000	0.113906250000000	0
88500		-nan	-nan	0.36653	0.28778	0.000150000000000	1.000000000000000	0.113906250000000	0
89000		-nan	-nan	0.36642	0.28779	0.000150000000000	1.000000000000000	0.113906250000000	0
89500		-nan	-nan	0.36655	0.28782	0.000150000000000	1.000000000000000	0.113906250000000	0
90000		-nan	-nan	0.36656	0.28783	0.000150000000000	1.000000000000000	0.113906250000000	0
90500		-nan	-nan	0.36637	0.28783	0.000150000000000	1.000000000000000	0.113906250000000	0
91000		-nan	-nan	0.36627	0.28785	0.000150000000000	1.000000000000000	0.113906250000000	0
91500		-nan	-nan	0.36625	0.28787	0.000150000000000	1.000000000000000	0.113906250000000	0
92000		-nan	-nan	0.36636	0.28787	0.000150000000000	1.000000000000000	0.113906250000000	0
92500		-nan	-nan	0.36645	0.28793	0.000150000000000	1.000000000000000	0.113906250000000	0
93000		-nan	-nan	0.36634	0.28792	0.000150000000000	1.000000000000000	0.113906250000000	0
93500		-nan	-nan	0.36636	0.28792	0.000150000000000	1.000000000000000	0.113906250000000	0
94000		-nan	-nan	0.36642	0.28790	0.000150000000000	1.000000000000000	0.113906250000000	0
94500		-nan	-nan	0.36628	0.28786	0.000150000000000	1.000000000000000	0.113906250000000	0
95000		-nan	-nan	0.36642	0.28788	0.000150000000000	1.000000000000000	0.113906250000000	0
95500		-nan	-nan	0.36623	0.28786	0.000150000000000	1.000000000000000	0.113906250000000	0
96000		-nan	-nan	0.36635	0.28787	0.000150000000000	1.000000000000000	0.113906250000000	0
96500		-nan	-nan	0.36655	0.28787	0.000150000000000	1.000000000000000	0.113906250000000	0
97000		-nan	-nan	0.36669	0.28791	0.000150000000000	1.000000000000000	0.113906250000000	0
97500		-nan	-nan	0.36662	0.28791	0.000150000000000	1.000000000000000	0.113906250000000	0
98000		-nan	-nan	0.36688	0.28791	0.000150000000000	1.000000000000000	0.113906250000000	0
98500		-nan	-nan	0.36698	0.28793	0.000150000000000	1.000000000000000	0.113906250000000	0
99000		-nan	-nan	0.36681	0.28793	0.000150000000000	1.000000000000000	0.113906250000000	0
99500		-nan	-nan	0.36677	0.28793	0.000150000000000	1.000000000000000	0.113906250000000	0
100000		-nan	-nan	0.36678	0.28790	0.000150000000000	1.000000000000000	0.113906250000000	0