step	post	like	prior	mu1	mu2	gamma	pi	Tinf_1	Tinf_2	Tinf_3	Tinf_4	Tinf_5	Tinf_6	Tinf_7	Tinf_8	Tinf_9	Tinf_10	Tinf_11	Tinf_12	Tinf_13	Tinf_14	Tinf_15	Tinf_16	Tinf_17	Tinf_18	Tinf_19	Tinf_20	Tinf_21	Tinf_22	Tinf_23	Tinf_24	Tinf_25	alpha_1	alpha_2	alpha_3	alpha_4	alpha_5	alpha_6	alpha_7	alpha_8	alpha_9	alpha_10	alpha_11	alpha_12	alpha_13	alpha_14	alpha_15	alpha_16	alpha_17	alpha_18	alpha_19	alpha_20	alpha_21	alpha_22	alpha_23	alpha_24	alpha_25	kappa_1	kappa_2	kappa_3	kappa_4	kappa_5	kappa_6	kappa_7	kappa_8	kappa_9	kappa_10	kappa_11	kappa_12	kappa_13	kappa_14	kappa_15	kappa_16	kappa_17	kappa_18	kappa_19	kappa_20	kappa_21	kappa_22	kappa_23	kappa_24	kappa_25
1	-2634.178162350223829	-2632.716080265704932	-1.462082084518882	0.000010000000000	0.000010000000000	1.000000000000000	0.692086826819578	0	5	5	6	7	9	11	11	14	11	15	12	12	14	16	16	15	14	14	15	17	16	17	17	20	0	1	1	1	1	1	1	1	1	1	1	1	1	1	1	1	1	1	1	1	1	1	1	1	1	1	3	3	3	4	5	6	6	7	6	8	6	6	7	8	8	8	7	7	8	9	8	9	9	10
500	-176.288860184579107	-174.306369181826312	-1.982491002752798	0.000009992978683	0.000022946943620	2.296306671828284	0.480101483420253	-1	3	5	5	7	9	12	11	15	11	14	12	12	15	17	16	16	12	15	15	16	14	18	17	20	0	0	2	2	3	5	6	6	7	5	12	6	8	7	9	9	10	6	22	12	12	5	17	21	9	1	1	1	1	1	2	2	1	2	1	1	2	1	2	2	1	2	2	1	2	1	6	1	1	3
1000	-160.670576914500572	-158.726379212841749	-1.944197701658824	0.000010040701550	0.000022072636198	2.198316132314027	0.644507883905830	1	4	5	6	6	10	11	11	15	12	14	12	13	14	15	16	15	14	15	16	17	16	17	18	20	0	0	2	2	3	5	5	5	7	5	12	5	8	10	7	9	10	7	11	10	20	6	17	12	16	1	1	1	1	1	2	3	3	2	3	1	2	2	1	2	1	2	1	1	2	1	2	1	3	2
1500	-150.091594747923807	-148.105710338751237	-1.985884409172584	0.000010024329132	0.000023106547916	2.305046812733458	0.679345866795942	1	4	6	6	8	10	12	10	14	12	14	12	12	15	16	16	15	15	15	15	17	16	17	18	19	0	0	2	2	3	3	5	5	6	5	12	6	8	10	6	9	10	10	12	12	20	18	17	20	16	1	1	1	1	1	2	2	1	2	2	1	1	1	1	3	1	2	2	2	2	1	1	1	1	2
2000	-163.866873992310019	-160.471670587652568	-3.395203404657442	0.000010020002289	0.000071056397163	7.091455182498269	0.574704858381195	0	5	6	7	8	9	12	11	14	11	14	12	12	14	16	17	16	14	15	14	18	15	17	17	19	0	0	2	2	3	5	6	6	6	3	12	6	8	10	7	9	18	10	11	12	20	6	17	15	16	1	1	1	1	1	1	1	1	2	3	1	2	1	2	1	1	2	2	1	1	2	2	1	1	1
2500	-147.445665281062617	-145.683747445090745	-1.761917835971878	0.000009981020323	0.000017422032941	1.745516227427325	0.829675010936626	1	4	6	6	8	10	12	11	14	12	14	11	12	14	15	16	15	14	15	15	17	16	18	17	20	0	0	2	2	3	5	6	5	7	5	12	5	8	10	9	9	10	10	11	12	20	6	17	12	16	1	1	1	1	1	1	2	1	1	2	2	2	1	1	1	1	1	1	1	2	1	2	2	3	2
3000	-168.799398655161013	-167.344330545193259	-1.455068109967765	0.000010127067664	0.000009928197135	0.980362476479178	0.520585326976263	0	3	5	5	7	8	10	10	14	10	15	11	12	13	16	16	15	13	13	15	15	15	17	18	21	0	0	2	2	3	5	6	5	7	5	12	6	8	10	7	9	10	10	5	12	12	7	17	21	16	1	1	1	1	2	1	1	2	1	1	2	1	1	1	3	1	2	2	3	2	2	3	1	2	2
3500	-157.171585982780073	-155.241810858137939	-1.929775124642123	0.000010337208526	0.000022345984812	2.161703979950984	0.810812145482961	0	5	6	7	8	9	11	9	14	10	13	10	12	14	14	16	15	13	15	15	17	16	17	18	20	0	0	2	2	3	5	5	5	5	6	5	5	8	10	7	15	18	10	11	12	20	15	17	20	16	1	1	1	1	1	1	1	1	3	1	2	1	2	1	1	1	1	2	1	2	1	1	1	1	3
4000	-154.072288027885349	-152.559378590628228	-1.512909437257127	0.000010194140716	0.000011573186321	1.135278258680695	0.809578974181543	0	4	6	6	8	7	10	10	15	10	14	12	12	14	16	16	15	12	14	14	17	14	18	15	21	0	0	2	2	6	3	5	5	22	5	12	5	8	10	22	9	10	10	12	12	20	7	17	12	16	1	1	1	1	1	1	1	1	1	1	1	2	1	2	1	1	1	1	1	1	1	2	2	1	2
4500	-154.919472651364060	-152.911088340528863	-2.008384310835201	0.000010326523366	0.000024404044341	2.363239153717695	0.755788080267760	0	3	5	7	8	7	10	11	15	11	15	13	12	15	15	17	15	13	15	14	17	16	17	18	20	0	0	2	2	6	3	5	7	7	6	12	5	8	18	7	9	18	10	12	12	12	15	17	12	9	1	1	1	3	1	1	1	1	2	2	1	2	1	1	2	1	1	2	1	1	2	1	1	2	2
5000	-150.728425537749899	-148.830314235689968	-1.898111302059918	0.000010199665297	0.000021234267879	2.081859282710311	0.720648681285614	-1	5	6	7	8	10	12	11	14	11	13	12	13	15	14	17	15	13	15	15	17	14	18	17	20	0	0	2	2	3	5	6	3	7	6	12	5	8	18	6	9	15	10	11	12	12	7	17	12	16	1	1	1	1	1	1	1	2	1	1	1	2	1	1	2	2	1	1	1	2	2	1	1	2	1
5500	-152.307330729239112	-150.335800906975635	-1.971529822263469	0.000011451698218	0.000025974039647	2.268138677022014	0.748026164628898	-1	5	6	6	8	10	11	11	14	10	14	12	12	14	16	16	13	12	15	15	18	14	16	17	20	0	0	2	2	3	5	5	5	7	5	7	7	8	18	7	9	18	10	11	12	20	6	17	12	16	1	1	1	1	1	1	1	1	1	1	2	1	1	1	3	1	1	1	1	2	1	2	2	2	2
6000	-148.032540915065084	-146.405622549031449	-1.626918366033642	0.000013803418608	0.000019575783534	1.418183718875095	0.601737975127914	0	4	5	7	7	9	11	9	15	11	14	12	12	13	16	17	16	14	15	15	17	17	17	18	20	0	0	2	2	3	5	6	5	7	6	12	5	8	10	7	9	10	10	11	12	12	18	17	20	16	1	1	1	1	1	1	1	1	2	1	1	2	2	1	2	1	3	2	1	3	3	1	1	2	2
6500	-170.164168707407782	-168.768557075118309	-1.395611632289463	0.000025254243854	0.000020008755340	0.792292790701930	0.506826560113634	1	3	6	6	8	10	11	11	14	11	12	11	12	14	17	16	15	14	13	14	17	15	17	17	21	0	0	2	2	3	5	5	5	12	6	12	6	8	10	9	6	7	10	12	12	12	6	17	9	16	1	1	2	1	1	1	1	2	2	1	1	1	1	2	1	3	2	2	1	2	3	2	2	2	3
7000	-147.527884269682175	-146.158564990426470	-1.369319279255705	0.000052727790592	0.000025528242882	0.484151575389083	0.743360108805063	1	4	6	6	8	10	11	11	14	12	15	13	13	12	17	17	15	14	14	16	15	16	17	17	19	0	0	2	2	3	5	5	6	3	5	12	7	8	6	18	9	10	7	12	10	12	7	22	12	9	1	1	1	1	1	2	1	1	3	2	1	1	2	1	1	2	1	1	1	2	1	2	1	1	3
7500	-134.833463003757544	-133.464766044270306	-1.368696959487227	0.000078698862281	0.000038334712760	0.487106314493587	0.697886280818271	-1	4	5	6	7	9	12	11	14	11	16	12	13	15	17	16	15	14	14	15	17	16	17	17	19	0	0	2	2	3	5	6	6	7	6	19	6	8	5	22	6	18	5	7	12	12	7	17	20	15	1	1	1	2	1	1	2	1	1	1	1	1	1	3	1	4	1	3	2	2	2	1	1	1	1
8000	-147.142930911850300	-145.773933282139410	-1.368997629710877	0.000081683176408	0.000039670451593	0.485662450175793	0.578494567512979	-1	4	5	6	7	9	10	11	14	10	15	12	13	14	14	15	15	11	13	14	16	17	17	17	20	0	0	2	2	3	5	5	7	5	4	19	7	8	7	10	6	15	6	12	12	20	11	17	12	22	1	1	1	2	1	1	2	1	3	2	2	2	1	2	1	2	1	1	1	1	1	1	1	3	1
8500	-148.697373401023185	-147.336080235500276	-1.361293165522916	0.000097825776750	0.000053663292820	0.548559843862613	0.650174809047032	0	5	6	6	8	9	11	11	13	11	15	12	12	15	14	16	15	14	14	14	16	16	17	16	21	0	0	2	2	3	5	6	5	6	5	20	6	8	10	6	15	10	10	12	12	9	9	12	12	16	1	1	1	1	1	1	2	1	2	2	1	2	1	2	2	2	2	1	1	1	2	1	1	3	2
9000	-128.438753554971896	-126.937779657257167	-1.500973897714717	0.000100090925108	0.000029423870856	0.293971414735796	0.867324989838134	1	4	5	6	7	9	10	11	14	12	16	12	12	14	15	17	16	14	14	16	15	13	17	17	20	0	0	2	2	3	5	6	6	22	6	15	7	8	10	18	15	18	10	12	12	12	7	17	12	15	1	1	1	1	1	1	1	1	1	2	1	1	1	1	1	1	1	1	1	2	2	2	1	2	2
9500	-140.030447500381769	-138.626053822383511	-1.404393677998254	0.000091826761083	0.000036177804869	0.393978884179036	0.657669767509028	-1	4	5	6	7	10	9	10	14	11	16	12	12	14	16	16	15	14	14	15	17	17	17	17	20	0	0	2	2	3	5	5	7	3	7	19	5	8	5	14	10	10	10	12	12	12	15	17	20	16	1	1	1	1	1	2	2	1	3	1	1	2	2	3	1	1	2	1	1	2	2	1	1	1	2
10000	-134.924552974772183	-133.536364872269701	-1.388188102502468	0.000087249836374	0.000037110247136	0.425333143050626	0.849104077287542	1	4	6	6	7	9	12	11	14	11	16	13	13	15	16	16	16	14	14	15	17	14	17	17	19	0	0	2	2	3	5	10	6	7	5	18	10	10	7	22	9	6	6	10	12	12	7	10	20	18	1	1	1	1	1	1	1	1	1	2	1	1	1	1	1	2	2	2	1	1	2	1	3	1	2
10500	-139.150440107016664	-137.474325803193665	-1.676114303822994	0.000134099440603	0.000028317515148	0.211168033366732	0.554895250956025	0	4	5	6	7	9	10	10	14	11	16	12	12	13	14	16	16	15	14	15	17	15	15	17	20	0	0	2	2	3	5	6	6	6	6	12	7	8	10	7	15	22	10	12	12	12	6	10	20	16	1	1	1	1	1	1	1	1	2	1	2	1	1	1	2	1	1	2	2	2	2	3	2	2	1
11000	-142.634649012812758	-141.073300058769007	-1.561348954043743	0.000081370882789	0.000021008501618	0.258182053553111	0.815209232787648	-1	4	5	6	7	9	11	11	13	10	16	12	12	14	17	16	14	13	14	16	17	16	18	18	20	0	0	2	2	3	5	5	5	6	5	12	7	8	18	22	7	10	6	12	12	18	7	17	21	21	1	1	1	1	1	1	1	1	2	1	2	1	1	1	1	2	2	2	1	2	2	2	1	1	2
11500	-134.214692239976131	-132.851783038862976	-1.362909201113146	0.000070204726824	0.000036905070959	0.525677865703937	0.662395716180485	0	4	5	6	7	9	11	10	13	10	14	11	12	15	16	17	15	14	14	14	17	17	17	17	20	0	0	2	2	3	5	10	6	6	6	7	5	8	10	18	7	18	10	12	9	20	14	17	20	16	1	1	1	1	1	1	1	1	3	1	1	3	1	3	1	2	1	2	1	1	1	1	1	2	2
12000	-144.875490066372492	-143.478958934206474	-1.396531132166009	0.000056886124542	0.000023209140293	0.407992994424467	0.710972410723546	-1	4	5	6	8	9	12	10	15	11	14	12	12	13	17	16	15	14	13	14	18	17	18	17	20	0	0	2	2	3	5	5	5	7	5	12	6	8	10	10	7	18	10	6	12	20	5	22	20	9	1	1	1	1	2	1	2	1	1	1	1	1	1	1	3	2	1	2	1	2	2	4	1	1	2
12500	-118.247298638770019	-116.665734158635871	-1.581564480134154	0.000079038315224	0.000019626830378	0.248320454732933	0.855470257351891	0	4	5	6	7	9	11	11	14	12	16	12	12	14	15	16	16	14	14	15	16	14	17	17	20	0	0	2	2	3	5	6	5	7	7	19	7	8	10	22	9	15	10	12	12	20	7	17	20	16	1	1	1	1	1	1	1	1	2	1	1	1	1	1	1	1	1	1	1	2	1	2	1	1	1
13000	-134.150144517786487	-132.789193222954054	-1.360951294832436	0.000066413132019	0.000038578529930	0.580887073951407	0.593386499074960	1	4	5	6	7	8	10	11	14	11	16	13	12	15	15	16	15	13	14	14	16	16	17	16	20	0	0	2	2	3	5	6	6	5	7	18	6	8	10	10	15	18	6	12	12	20	5	17	20	16	1	1	1	1	1	1	1	2	3	1	1	2	1	2	3	1	1	2	1	1	1	4	1	1	2
13500	-139.558490417439145	-138.080892695909256	-1.477597721529897	0.000118714256433	0.000036971819189	0.311435376847783	0.676498881609355	0	4	5	6	7	9	12	11	13	11	16	12	13	14	17	16	13	14	14	15	17	17	18	18	20	0	0	2	2	3	5	5	5	7	6	20	5	8	10	9	18	10	6	12	12	16	10	17	21	14	1	1	1	1	1	1	2	2	1	1	1	2	1	2	3	1	1	2	1	1	1	3	2	1	2
14000	-120.738866661397381	-119.302863526484359	-1.436003134913021	0.000112202575029	0.000039375007063	0.350927837914819	0.780797346091609	0	4	5	6	8	9	12	10	15	11	14	13	12	15	15	16	14	13	15	15	17	17	17	17	21	0	0	2	2	3	5	6	5	7	5	12	7	8	18	7	15	18	10	11	12	12	15	17	20	16	1	1	1	1	1	1	1	1	1	1	1	1	2	1	1	1	1	1	1	1	2	1	1	1	2
14500	-137.679916182905259	-136.106214641104430	-1.573701541800816	0.000073910048683	0.000018629389242	0.252054890686114	0.579578204515033	0	4	5	6	8	9	10	12	15	12	15	12	11	15	17	17	13	14	14	15	16	16	18	18	20	0	0	2	2	3	5	6	7	6	6	19	7	5	10	22	9	5	10	12	12	12	18	17	20	9	1	1	1	1	2	1	1	1	3	2	1	1	2	2	1	1	2	1	1	2	2	1	2	1	2
15000	-131.319087804529175	-129.386691376754328	-1.932396427774846	0.000076799115404	0.000011498633108	0.149723509802627	0.848520450373740	-1	5	6	7	7	9	11	11	14	11	13	12	12	13	16	16	15	15	14	15	17	17	17	17	20	0	0	2	2	3	5	6	6	10	5	10	6	8	6	6	9	10	10	11	12	12	15	18	12	16	1	1	1	1	1	1	1	1	1	2	1	1	1	2	2	1	2	2	1	2	2	1	1	2	2
15500	-148.261263738136876	-146.772271145927107	-1.488992592209771	0.000116424012605	0.000035229607848	0.302597437247623	0.643621225600194	0	4	5	6	8	9	11	11	14	12	16	10	13	15	16	16	16	13	14	15	18	13	18	17	20	0	0	2	2	3	5	6	6	7	12	7	5	8	10	7	9	22	6	10	7	11	7	17	20	15	1	1	1	1	1	1	1	2	1	1	3	1	1	1	2	1	1	1	1	2	1	2	1	2	2
16000	-145.551166221338718	-144.184018447451280	-1.367147773887439	0.000092146513179	0.000060422805201	0.655725356462065	0.552654984146496	1	3	5	6	7	10	10	11	15	11	15	12	12	15	16	15	15	14	14	15	18	13	16	18	20	0	0	2	2	4	5	5	6	22	6	6	7	8	6	16	22	18	6	7	12	12	6	18	7	16	1	1	1	2	1	1	2	1	1	1	3	1	1	3	1	1	1	2	2	2	2	1	1	4	3
16500	-132.148886290536637	-129.835519222114613	-2.313367068422024	0.000084206296188	0.000008546025271	0.101489148173105	0.939660611714115	-1	5	6	7	8	10	10	10	15	12	15	12	13	15	16	17	15	14	14	15	17	15	17	17	20	0	0	2	2	3	5	5	5	18	7	19	6	8	18	5	9	18	10	12	12	20	7	17	20	15	1	1	1	2	1	1	1	1	1	1	1	1	2	1	3	1	1	1	1	2	1	2	1	1	2
17000	-152.179629578018535	-150.661668704496833	-1.517960873521698	0.000121509784208	0.000034355470660	0.282738306913096	0.639797249771613	0	5	6	6	8	9	11	11	15	12	16	12	12	14	16	17	16	13	15	14	17	16	17	18	21	0	0	2	2	3	5	6	3	5	5	19	8	8	6	20	7	10	5	18	12	20	6	9	12	24	1	1	1	1	1	1	1	2	3	3	1	1	1	1	1	3	2	2	2	1	2	3	1	3	1
17500	-135.148918131184928	-133.763631717965296	-1.385286413219625	0.000058170305101	0.000025139334481	0.432167829232857	0.558454372785230	0	3	5	6	7	9	11	11	14	12	14	12	13	15	14	16	15	14	14	15	16	16	17	18	20	0	0	2	2	3	5	5	6	7	6	12	7	8	10	7	7	10	10	6	12	12	15	17	12	16	1	1	1	2	1	2	2	1	2	2	1	1	2	2	1	2	2	1	2	2	2	1	1	3	3
18000	-148.730214738625364	-147.239885658680123	-1.490329079945229	0.000075889077449	0.000022888385860	0.301603163850017	0.597931431118462	0	3	5	6	8	9	11	11	12	10	15	11	13	14	16	17	14	14	14	16	18	15	17	17	21	0	0	2	2	2	5	6	5	6	6	12	5	8	10	9	22	9	10	12	11	20	6	9	12	15	1	1	1	2	3	1	1	2	1	1	2	2	1	2	2	1	1	3	1	1	1	3	2	3	2
18500	-130.302137795924324	-128.738448327875886	-1.563689468048448	0.000078186196903	0.000020093499099	0.256995478677125	0.777517830262943	-1	4	5	6	7	8	10	11	13	11	15	12	12	14	15	17	15	15	14	15	16	16	17	17	20	0	0	2	2	3	5	6	5	7	7	9	7	7	10	10	15	9	10	12	12	12	15	17	21	16	1	1	1	1	1	1	1	2	2	1	1	1	1	2	2	1	1	2	2	2	2	1	1	1	1
19000	-135.386664341714436	-133.937106952163901	-1.449557389550536	0.000092324349257	0.000031070127450	0.336532320024920	0.575271842832404	0	4	6	6	7	9	12	11	14	11	15	12	10	14	15	16	14	14	14	14	17	17	15	18	21	0	0	2	2	3	5	6	13	7	6	12	5	6	10	6	15	10	10	12	12	20	15	10	20	16	1	1	1	1	1	1	1	1	1	1	2	2	1	2	2	1	2	2	1	1	1	1	2	2	2
19500	-129.620568817277530	-128.182903696107701	-1.437665121169834	0.000077580057000	0.000027080315296	0.349062843506502	0.856786085013425	1	5	6	6	8	9	11	11	14	12	14	13	12	14	14	17	15	13	15	14	18	17	16	17	18	0	0	2	2	3	5	5	5	6	6	12	7	8	10	6	15	18	10	11	12	20	9	17	20	9	1	1	1	1	1	1	1	2	2	1	1	1	1	1	2	1	1	1	1	1	2	1	1	2	2
20000	-144.216981029945941	-142.723618315171592	-1.493362714774337	0.000103903273729	0.000031106262010	0.299377111938812	0.630397560006535	1	5	6	6	8	10	11	12	14	11	15	13	12	14	17	16	14	14	15	15	16	13	17	17	20	0	0	2	2	3	5	5	6	7	5	7	10	6	10	11	22	6	7	7	12	12	6	7	9	16	1	1	1	1	1	1	2	1	1	1	2	1	1	1	1	1	2	2	2	1	2	2	2	2	2
20500	-143.849877675852213	-142.463119416256376	-1.386758259595834	0.000104528202885	0.000079169870862	0.757402008996239	0.501140355723677	-1	4	6	6	8	9	12	11	13	11	15	13	12	15	15	17	15	13	15	15	18	16	18	18	19	0	0	2	2	3	5	5	6	13	5	7	7	6	18	12	20	18	10	12	5	12	12	17	12	16	1	1	1	1	1	1	2	1	1	2	2	1	2	1	1	1	1	1	1	3	2	2	2	2	1
21000	-143.519584028069602	-142.060759611734142	-1.458824416335459	0.000064377968989	0.000021092015127	0.327627843161304	0.720689910580560	0	4	6	6	7	9	12	11	15	12	15	13	12	14	14	17	15	14	14	16	17	14	17	18	21	0	0	2	2	3	5	6	5	22	6	19	7	8	7	5	9	15	10	5	12	12	10	9	20	21	1	1	1	1	1	1	1	2	1	1	1	1	1	2	3	1	1	1	3	2	2	1	1	1	2
21500	-138.446919604386125	-137.080742064976420	-1.366177539409707	0.000099988438983	0.000050064316030	0.500701046435375	0.754443787177998	-1	5	6	6	7	9	11	11	14	12	16	11	13	15	14	17	15	14	13	15	18	14	17	17	20	0	0	2	2	3	3	5	6	7	7	20	6	8	6	10	15	10	10	7	12	24	6	17	14	14	1	1	1	1	1	1	2	1	1	1	1	1	1	4	1	2	2	1	1	2	1	2	1	1	2
22000	-137.459193135769993	-136.098182361400490	-1.361010774369491	0.000083566776634	0.000046502934646	0.556476347650024	0.566257800639480	0	4	6	7	7	10	12	10	13	12	15	12	12	14	15	17	15	13	14	15	17	16	17	17	20	0	0	2	2	3	5	6	3	7	6	6	6	8	18	7	9	18	10	12	12	12	7	17	20	15	1	1	1	1	1	2	1	3	1	1	2	1	2	1	2	2	1	1	1	2	2	2	1	1	1
22500	-143.457489461952207	-142.051205105403596	-1.406284356548606	0.000118991592186	0.000046510266875	0.390870195285048	0.695071303524168	1	5	6	7	7	10	11	12	11	11	16	13	12	14	13	15	16	13	14	16	17	17	17	17	20	0	0	2	2	3	5	6	6	5	6	6	6	6	18	7	15	18	9	12	12	12	18	17	12	16	1	1	1	1	1	2	1	1	2	1	2	1	2	1	1	1	2	1	1	1	2	3	1	2	2
23000	-147.266730815520930	-145.709603454119019	-1.557127361401908	0.000124841330848	0.000032502938167	0.260353986505274	0.618830624885218	-1	4	5	6	8	10	12	11	14	11	14	12	13	15	17	16	14	15	14	16	18	16	17	18	19	0	0	2	2	3	5	6	6	6	5	12	6	8	7	17	6	6	9	12	12	12	7	18	12	22	1	1	1	1	2	1	1	1	2	1	1	1	2	1	2	3	3	1	1	2	2	1	1	2	2
23500	-155.046935334266095	-153.659198456375066	-1.387736877891035	0.000088263604281	0.000037632448547	0.426364285184617	0.515778520897107	0	4	5	7	8	10	11	12	14	10	15	11	12	15	16	16	16	14	15	16	16	14	18	15	19	0	0	2	2	3	5	6	7	6	5	12	5	6	5	18	9	7	10	18	12	19	6	17	22	18	1	1	1	1	2	1	1	1	1	1	2	2	1	3	1	1	2	3	1	2	1	2	1	1	2
24000	-143.594177212876502	-142.144254112969804	-1.449923099906705	0.000088456609113	0.000029736253902	0.336167689445524	0.752714440454784	0	3	5	7	8	10	11	11	13	11	15	12	13	14	16	16	16	13	14	15	18	15	16	17	20	0	0	2	2	3	5	3	5	7	5	8	6	8	10	22	9	14	6	12	12	12	9	18	20	16	1	1	1	1	1	1	3	2	1	2	2	1	1	2	1	2	1	1	1	2	2	1	2	2	2
24500	-142.898645077893008	-141.373042260382135	-1.525602817510865	0.000145114084749	0.000040344252577	0.278017482908868	0.623147611588655	1	3	5	7	7	9	12	11	14	11	15	13	12	14	17	17	15	14	15	16	17	16	18	17	19	0	0	2	3	3	5	6	5	7	5	12	6	5	7	17	22	14	7	10	9	9	18	17	20	15	1	1	1	1	2	1	1	2	2	3	1	2	2	1	1	1	1	1	2	2	1	1	1	1	1
25000	-126.330189801067249	-124.709371875281832	-1.620817925785415	0.000129196022394	0.000029888312844	0.231340812900405	0.734959324210868	0	4	5	6	7	10	11	12	14	12	16	13	12	15	17	16	15	15	14	14	16	16	17	18	20	0	0	2	2	3	5	5	6	6	6	19	7	6	6	22	9	9	6	7	12	12	9	18	21	22	1	1	1	1	1	2	2	1	1	1	1	1	1	2	1	1	1	3	1	1	1	1	1	1	2
25500	-128.261989738652147	-126.810675070709436	-1.451314667942713	0.000082016817559	0.000027458459757	0.334790602398409	0.653213065477606	0	4	6	6	8	9	12	11	13	11	15	12	13	14	15	17	15	14	14	15	16	16	17	17	19	0	0	2	2	3	3	5	6	5	5	12	6	8	10	5	22	10	10	12	12	12	9	17	20	16	1	1	1	1	1	2	2	1	2	2	1	2	1	2	4	1	1	2	1	1	2	1	1	1	1
26000	-130.494762812965632	-128.567431724391639	-1.927331088573989	0.000069806724134	0.000010513925325	0.150614793279668	0.737336892214798	-1	4	6	6	7	9	11	12	14	12	14	13	13	13	16	16	15	14	15	14	17	17	18	18	20	0	0	2	2	3	5	5	7	5	7	12	7	8	10	10	9	18	10	11	12	12	9	15	21	16	1	1	2	1	1	2	2	1	2	1	1	1	1	1	2	1	1	1	1	1	2	2	1	1	2
26500	-143.318720649803964	-141.951563366041853	-1.367157283762103	0.000082136912315	0.000053864950918	0.655794689618411	0.725423521158144	1	4	5	6	7	8	11	10	13	11	15	12	13	14	15	16	15	15	14	15	18	17	18	18	20	0	0	2	2	3	5	6	6	6	5	10	5	8	12	7	15	10	7	12	10	20	16	17	18	16	1	1	1	1	1	1	1	2	2	2	2	2	1	1	1	1	1	2	1	2	1	1	2	2	2
27000	-140.908658107497018	-139.374219775904805	-1.534438331592205	0.000107591521054	0.000029349708035	0.272788299185513	0.624563919743502	0	5	6	6	7	9	12	11	14	11	16	13	13	15	15	17	15	14	14	16	17	16	16	17	21	0	0	2	2	3	5	6	6	6	6	19	6	7	10	6	9	18	3	10	12	12	15	17	12	16	1	1	1	1	1	1	2	1	2	1	1	2	1	2	2	2	1	3	1	2	2	1	1	2	2
27500	-134.361591666970327	-132.973919931068565	-1.387671735901771	0.000083037737448	0.000035416763180	0.426514067800375	0.671863931588704	1	4	6	5	8	10	10	11	14	11	14	13	12	14	15	16	16	14	14	15	16	16	18	16	21	0	0	2	2	3	5	5	7	7	6	6	7	7	10	11	15	18	10	7	12	9	11	17	11	16	1	1	1	1	1	1	2	1	2	1	2	2	1	2	1	1	1	2	3	1	1	1	1	1	2
28000	-146.565876686682486	-145.204696719555614	-1.361179967126876	0.000070778848085	0.000041680437851	0.588882681466791	0.612122517520399	1	4	5	6	8	9	12	12	13	11	15	12	11	14	16	17	15	15	14	16	17	17	16	18	20	0	0	2	2	3	3	3	13	10	6	9	6	6	10	7	9	7	10	12	12	12	15	14	21	6	1	1	1	1	2	2	3	1	1	1	1	1	1	2	2	2	1	2	1	1	3	1	1	1	4
28500	-125.945122048254760	-124.408580019251829	-1.536542029002935	0.000156383930708	0.000042470324792	0.271577294420593	0.732523863362059	0	5	6	6	7	9	12	11	14	11	15	12	13	13	16	16	15	14	15	15	17	16	17	17	20	0	0	2	2	3	5	6	6	7	5	7	6	8	12	7	9	14	14	12	18	22	9	18	20	9	1	1	1	1	1	1	1	1	1	2	1	2	1	1	2	1	1	1	1	1	1	1	2	1	3
29000	-144.435434800500502	-143.074544969108331	-1.360889831392159	0.000123221013238	0.000069272367994	0.562179827725192	0.785969042201761	0	4	5	7	7	10	11	11	14	10	16	13	13	13	14	15	15	14	15	16	18	16	18	17	20	0	0	2	2	3	4	6	6	7	5	12	7	8	10	8	9	9	14	7	12	24	15	15	9	21	1	1	1	1	1	1	1	1	2	1	1	1	1	1	1	1	1	1	2	2	1	1	1	2	1
29500	-159.841677778645419	-158.480022916325311	-1.361654862320109	0.000110771760848	0.000066398780232	0.599419741310789	0.616898965724729	0	4	5	6	8	9	11	10	14	10	16	12	12	12	16	16	15	12	15	14	18	15	16	18	21	0	0	2	2	3	3	5	5	13	5	12	7	5	7	20	12	10	4	12	12	12	6	17	22	16	1	1	1	1	2	2	2	1	2	1	2	1	2	1	1	1	2	3	1	1	2	2	1	1	2
30000	-140.448664604192516	-139.027883656939537	-1.420780947252991	0.000087099293523	0.000032192085676	0.369602144562295	0.913681659436852	0	4	6	6	7	9	10	11	15	12	13	12	11	14	16	17	14	13	14	13	18	14	17	17	20	0	0	2	2	3	5	5	5	22	6	12	7	5	10	22	9	10	6	11	12	20	6	10	12	16	1	1	1	1	1	1	1	2	1	2	1	1	2	1	1	1	1	2	1	1	2	2	2	2	2
30500	-145.978976153097278	-144.566702543122403	-1.412273609974869	0.000093562109559	0.000035701158539	0.381577101108475	0.722884639413029	1	3	5	6	7	10	12	11	14	11	16	12	12	14	15	16	15	15	14	16	16	17	16	18	20	0	0	2	2	3	3	8	5	6	5	19	6	8	7	7	19	10	7	10	12	12	15	14	20	16	1	1	1	2	1	2	1	2	1	2	1	1	1	2	2	1	1	1	2	3	2	1	1	1	2
31000	-131.543761407434914	-130.103149791158643	-1.440611616276264	0.000093930881387	0.000032484032015	0.345829098328924	0.744025693166015	0	5	6	7	7	9	11	11	14	11	16	12	12	14	16	16	13	13	14	15	17	16	17	16	20	0	0	2	2	3	5	5	6	10	5	10	7	8	18	18	9	7	6	7	12	20	18	17	12	16	1	1	1	1	1	1	3	1	2	2	2	1	1	1	1	1	1	1	2	2	1	1	3	1	1
31500	-123.873693483027054	-122.506394630770671	-1.367298852256377	0.000078759731666	0.000038929204150	0.494278019057821	0.818928087844997	1	5	6	6	8	9	11	11	13	11	15	11	13	14	17	15	15	15	15	14	15	15	17	17	21	0	0	2	2	3	5	6	6	7	6	12	6	8	10	22	9	10	10	20	12	12	10	17	11	16	1	1	1	1	1	1	1	1	1	1	2	1	1	1	1	1	2	2	1	2	2	2	1	1	2
32000	-124.053359741487569	-122.611609642525963	-1.441750098961607	0.000073524958219	0.000025336962658	0.344603564166607	0.929110748864838	0	4	6	6	8	10	11	10	12	12	15	12	12	13	16	16	15	14	13	15	16	15	18	17	21	0	0	2	2	3	5	5	5	6	7	19	6	8	10	22	9	10	10	12	12	12	7	17	21	16	1	1	1	1	1	1	1	1	1	1	1	1	1	1	1	2	1	1	1	2	2	1	2	1	2
32500	-132.655024696966990	-131.294150256440787	-1.360874440526208	0.000114539905010	0.000064516331054	0.563265100039513	0.616958916868385	0	4	6	6	8	10	11	10	14	11	15	12	12	15	16	17	16	14	14	15	17	16	17	17	20	0	0	2	2	3	5	5	5	6	5	19	6	8	7	18	22	18	6	12	5	11	14	9	20	7	1	1	1	1	1	1	2	1	2	2	1	1	1	2	1	1	1	2	1	3	1	1	2	1	4
33000	-131.222019005718380	-129.732688360132045	-1.489330645586337	0.000069220958308	0.000020928620785	0.302345146563545	0.642759582736253	0	4	5	7	7	9	11	11	14	10	15	13	13	14	16	17	14	13	14	15	18	16	17	17	19	0	0	2	2	3	3	5	10	6	5	7	7	8	10	18	9	18	7	7	12	12	17	17	12	16	1	1	1	2	1	2	2	1	3	2	2	1	1	2	1	2	1	1	2	1	2	1	2	2	1
33500	-139.750338016108827	-138.352060398914460	-1.398277617194366	0.000107344497227	0.000043443678975	0.404712678310113	0.835485969151309	1	5	6	7	8	10	12	11	14	11	16	13	13	13	17	14	15	14	14	12	18	16	16	16	20	0	0	2	2	3	5	6	5	7	5	19	20	8	10	18	6	10	10	20	6	16	16	17	20	22	1	1	1	1	1	1	1	1	2	1	1	1	1	1	3	2	2	1	1	1	1	1	1	2	2
34000	-140.969660018727950	-139.581768410422143	-1.387891608305800	0.000129598091215	0.000055210010907	0.426009444963114	0.848030904569869	1	4	5	6	7	10	10	11	14	12	15	13	12	14	13	15	15	15	14	12	15	15	16	18	19	0	0	2	2	3	5	5	7	15	5	12	20	8	7	10	9	6	15	10	7	10	15	14	21	16	1	1	1	1	1	2	2	1	1	2	1	1	1	2	1	1	3	1	1	1	1	1	1	1	2
34500	-133.014126493845851	-131.365525159234608	-1.648601334611233	0.000109529923937	0.000024176827126	0.220732620424630	0.908497745898311	0	3	5	4	8	9	11	11	13	12	15	13	10	14	16	17	15	14	15	15	18	17	17	17	20	0	0	2	2	3	5	6	13	5	7	18	6	5	10	14	15	18	10	12	12	20	14	17	11	22	1	1	1	1	1	1	1	1	2	1	1	1	1	2	1	1	1	1	1	1	2	1	1	1	1
35000	-129.830081638250533	-128.382510166630851	-1.447571471619694	0.000115371676151	0.000039057077161	0.338532631789149	0.718296606651344	0	5	6	7	8	9	11	11	13	11	16	12	12	15	17	15	15	14	14	15	17	16	16	17	20	0	0	2	2	3	5	6	5	10	5	19	5	10	10	22	9	10	10	12	12	20	18	10	11	16	1	1	1	1	1	1	1	1	1	1	2	2	1	2	1	1	2	1	1	2	1	1	2	1	2
35500	-155.475722776196733	-154.106872820498666	-1.368849955698077	0.000075449389011	0.000036696144596	0.486367684047205	0.561605305009722	-2	4	5	7	7	9	11	12	14	11	14	12	11	14	14	16	15	13	15	15	18	15	18	15	20	0	0	2	2	3	5	6	10	7	6	10	7	6	10	5	9	10	5	11	10	12	7	18	6	15	1	1	1	2	1	1	1	1	1	2	1	1	1	1	3	1	2	3	1	2	2	2	2	4	2
36000	-134.938839429373701	-133.577488610265419	-1.361350819108275	0.000102424105054	0.000060757121172	0.593191623593091	0.825398678738110	0	3	5	5	7	9	11	11	14	11	15	13	13	13	16	16	15	14	15	15	17	16	17	18	20	0	0	2	2	3	5	6	5	7	6	12	7	7	10	9	10	10	6	18	12	20	18	9	20	16	1	1	1	1	1	1	1	2	1	1	1	1	1	1	1	3	1	3	1	1	1	1	1	2	3
36500	-151.016456493273097	-149.575372181860757	-1.441084311412328	0.000120041892507	0.000041452707427	0.345318676345681	0.537461138253072	-2	5	6	7	7	9	11	12	14	12	15	13	13	14	16	17	15	13	14	16	18	16	18	17	21	0	0	2	2	3	5	5	7	6	6	6	7	7	10	19	7	6	2	7	12	12	17	7	7	24	1	1	1	1	1	1	2	1	2	1	3	1	1	1	1	2	3	4	2	2	2	1	4	4	2
37000	-141.223616322254372	-139.825392617692245	-1.398223704562114	0.000136295273333	0.000055174015224	0.404812389122215	0.681448287481679	1	4	6	6	8	10	12	12	14	12	15	13	13	14	14	16	15	14	14	16	18	16	16	18	19	0	0	2	2	4	5	5	5	6	6	19	10	7	7	6	7	14	7	12	12	20	15	7	20	16	1	1	1	1	1	1	2	2	2	1	1	1	1	1	1	2	1	1	1	2	1	2	2	1	1
37500	-149.092482620762894	-147.707137732570629	-1.385344888192269	0.000094194974428	0.000070784384420	0.751466676963599	0.715511587635553	-2	3	6	6	7	10	12	11	14	12	15	12	12	15	17	16	16	14	11	16	16	17	17	18	19	0	0	2	2	3	3	5	5	7	6	6	6	6	7	11	6	10	10	6	10	12	11	17	21	22	1	1	1	1	1	2	2	2	1	1	2	1	1	1	1	3	2	1	1	2	2	1	1	1	2
38000	-139.252308512989998	-137.545614535738423	-1.706693977251586	0.000087002079119	0.000017528144502	0.201468110639810	0.600149905468689	0	4	5	7	8	8	10	10	14	11	15	13	13	15	15	13	15	14	11	15	17	17	17	17	19	0	0	2	2	3	3	6	6	7	5	19	10	8	18	7	7	18	7	5	12	20	18	17	12	15	1	1	1	1	2	1	1	1	2	2	2	1	1	1	3	1	1	2	2	1	1	1	1	2	2
38500	-155.265865123265627	-153.847716415619033	-1.418148707646587	0.000101711851549	0.000037955889492	0.373170765389107	0.558851553588097	0	4	5	6	7	9	11	10	14	12	15	13	13	15	16	16	14	15	14	16	17	15	18	18	20	0	0	2	2	3	2	5	6	10	3	10	6	7	17	18	12	5	7	7	12	11	6	18	20	16	1	1	1	1	1	1	2	1	1	3	2	3	1	1	1	1	3	3	2	2	1	2	2	1	2
39000	-143.464297655410007	-141.828166312238409	-1.636131343171612	0.000148417977464	0.000033448381215	0.225366103128907	0.667911995065890	1	3	5	5	7	9	11	10	13	11	15	13	13	14	15	17	14	14	14	15	17	15	17	17	19	0	0	2	2	3	5	6	6	6	5	19	7	7	9	14	22	10	7	10	12	12	18	14	22	23	1	1	1	2	1	1	1	1	1	2	1	1	1	1	1	1	1	1	2	1	1	1	2	1	1
39500	-128.197654148151798	-126.779576800378663	-1.418077347773134	0.000077616587417	0.000028971875531	0.373269123203204	0.675410384283490	0	5	6	7	8	10	11	11	14	11	15	11	13	15	17	16	15	14	13	15	18	16	17	17	20	0	0	2	2	2	5	6	5	6	5	12	5	8	18	22	9	18	10	12	12	11	9	10	20	16	1	1	1	1	1	1	1	1	1	2	2	1	1	1	1	1	1	1	1	2	2	1	2	1	2
40000	-147.105740115861693	-145.665164295864997	-1.440575819996685	0.000085598025266	0.000029605604439	0.345867843871667	0.516062868523155	0	4	5	7	8	9	11	12	14	11	16	11	13	14	16	17	14	15	14	16	17	16	17	17	20	0	0	2	2	3	5	6	10	3	6	19	5	8	10	9	18	10	7	6	12	12	7	17	12	22	1	1	1	2	2	1	1	1	3	1	2	1	1	2	1	1	2	2	2	3	2	2	1	2	2
40500	-139.834116080418170	-138.339556693815439	-1.494559386602745	0.000105497912520	0.000031492234723	0.298510501022820	0.672811857056740	-1	4	6	6	7	8	10	11	14	12	12	12	13	15	16	16	16	14	14	15	17	17	17	18	21	0	0	2	2	3	5	6	7	7	5	7	6	8	7	18	10	18	10	12	12	20	17	12	20	22	1	1	1	1	1	1	1	1	1	2	1	2	1	2	1	2	1	1	1	2	1	1	2	1	2
41000	-148.251128633535330	-146.562390542526629	-1.688738091008697	0.000074350047363	0.000015394442175	0.207053562447501	0.604693128157510	0	5	6	7	7	9	12	10	13	12	13	11	12	14	15	17	15	15	14	14	17	17	17	17	20	0	0	2	2	3	5	6	5	7	6	7	5	8	6	14	9	10	10	11	12	12	15	17	20	22	1	1	1	1	1	1	2	3	1	2	1	2	1	3	1	2	2	2	1	2	3	2	1	1	3
41500	-154.357002492510105	-152.910430947527573	-1.446571544982525	0.000128169672784	0.000043520399724	0.339553022008487	0.758086851618418	1	5	6	7	8	10	11	12	15	11	14	12	13	15	14	15	16	13	14	15	16	15	18	18	20	0	0	2	2	3	5	6	5	7	5	12	6	8	18	10	7	15	10	7	12	19	11	18	16	20	1	1	1	1	1	1	1	1	1	2	1	1	1	1	1	1	1	1	1	2	1	1	4	2	2
42000	-132.594883623052908	-131.164577318517644	-1.430306304535272	0.000080228907546	0.000028686784268	0.357561696214541	0.762189306934049	-1	4	6	6	8	10	12	11	14	12	15	12	13	14	17	16	16	14	14	15	17	16	17	18	20	0	0	2	2	3	5	5	5	8	8	7	6	7	10	22	9	10	6	7	12	20	9	18	12	16	1	1	1	1	1	1	2	2	2	1	1	1	1	1	1	1	2	3	1	1	1	1	2	2	1
42500	-146.191734373700370	-144.819495100190466	-1.372239273509903	0.000074613776624	0.000035199074832	0.471750344571518	0.629283634220009	0	3	4	6	8	9	12	11	13	10	16	11	12	13	17	16	14	15	14	16	17	16	18	18	18	0	0	2	2	3	5	5	6	5	6	12	6	8	7	22	6	10	5	12	19	20	17	17	20	16	1	1	1	1	2	1	2	1	2	1	2	2	1	1	1	3	2	3	2	1	1	1	2	1	1
43000	-137.746780818583233	-136.269673088612620	-1.477107729970608	0.000093204766008	0.000029064113677	0.311830767050261	0.681268899858205	-1	4	6	6	8	10	11	10	13	11	14	12	12	14	16	16	15	13	15	15	17	16	18	17	21	0	0	2	2	3	5	5	5	7	5	6	6	8	18	12	9	10	10	12	11	20	6	17	22	16	1	1	1	1	1	1	2	1	1	2	2	2	1	1	1	2	2	1	2	1	1	3	2	1	1
43500	-132.162995366519766	-130.698830779450077	-1.464164587069698	0.000151778459893	0.000048992472830	0.322789365926388	0.627108879180330	0	4	5	7	7	9	11	9	13	11	16	12	13	14	15	16	16	14	14	16	17	16	17	17	19	0	0	2	2	3	5	6	5	7	6	19	7	8	10	9	18	18	10	12	12	9	9	17	12	16	1	1	1	2	1	1	1	1	1	1	1	1	2	1	1	1	1	2	1	2	1	2	1	4	1
44000	-141.383152680966305	-139.958154924355995	-1.424997756610314	0.000111541014230	0.000040613491243	0.364112622818306	0.615032280100602	0	4	6	5	7	9	11	11	14	11	15	12	13	13	16	16	15	14	14	14	18	17	16	16	20	0	0	2	2	3	3	6	6	5	4	10	6	8	7	10	18	18	6	12	12	12	14	17	12	16	1	1	1	1	1	1	1	1	4	3	2	1	1	1	2	1	1	2	1	2	2	2	1	2	2
44500	-130.213366822452741	-128.512868987747737	-1.700497834705000	0.000102337675055	0.000020811553209	0.203361598725109	0.735421044264606	-1	4	5	6	7	9	11	10	13	10	12	13	12	14	16	16	14	14	15	15	17	16	17	17	19	0	0	2	2	3	5	6	6	7	6	7	11	8	10	18	9	6	10	11	12	20	8	17	20	16	1	1	1	1	1	1	1	1	1	1	1	1	1	2	1	2	3	2	2	1	1	3	2	1	2
45000	-143.854583769465904	-142.466839216034117	-1.387744553431800	0.000115040111949	0.000049046966579	0.426346652029261	0.770482964682698	1	4	6	6	8	9	11	11	15	11	15	12	12	14	16	17	16	15	14	15	14	17	16	18	20	0	0	2	2	3	5	6	6	7	6	21	5	8	10	9	21	12	7	12	14	7	23	10	23	16	1	1	1	1	1	1	1	1	2	1	1	3	1	2	1	2	2	2	1	1	2	1	3	1	2
45500	-127.223691259336960	-125.772970521100589	-1.450720738236376	0.000106267463879	0.000035639594789	0.335376355926104	0.826605591336151	0	4	6	6	8	9	11	10	14	11	16	13	11	14	17	16	15	14	14	16	16	15	17	17	18	0	0	2	2	3	5	6	6	7	5	18	6	8	10	18	18	12	10	12	19	12	9	18	21	16	1	1	1	1	1	1	1	1	1	1	1	2	1	2	1	1	1	2	1	1	1	1	2	1	1
46000	-148.252107098914223	-146.622769335444644	-1.629337763469581	0.000105538440988	0.000024060272133	0.227976383846268	0.630368765918826	-1	3	5	7	8	9	12	12	14	11	16	12	13	15	16	17	16	14	14	15	17	16	17	16	20	0	0	2	2	4	5	5	3	7	5	20	5	8	7	18	6	7	10	12	12	12	7	7	12	16	1	1	1	2	1	1	2	3	1	1	1	2	1	2	1	3	2	1	1	2	2	2	2	1	1
46500	-122.735717926479694	-120.835344538994406	-1.900373387485290	0.000115369272132	0.000017942133688	0.155519172105582	0.865798920153668	0	5	6	7	8	10	11	12	13	11	13	13	12	14	16	16	15	13	15	16	17	15	17	18	19	0	0	2	2	3	5	5	7	5	5	7	7	7	10	9	22	18	10	11	12	20	7	17	12	16	1	1	1	1	1	1	2	1	2	1	1	1	1	1	1	1	1	1	1	1	1	1	1	2	1
47000	-144.493530232610794	-142.999499264424145	-1.494030968186654	0.000091267541762	0.000027279173102	0.298892383596559	0.531542621208818	1	4	5	7	8	8	11	11	14	11	14	12	12	15	16	16	15	14	15	15	17	13	17	17	20	0	0	2	2	3	3	5	6	7	5	12	10	7	10	18	18	7	10	11	12	12	5	17	20	15	1	1	1	2	2	3	2	2	2	2	1	1	1	2	1	1	2	2	1	2	2	3	1	1	3
47500	-172.058997382674363	-170.673540416438357	-1.385456966236006	0.000051556470726	0.000038767463390	0.751941761027741	0.574676330204889	1	3	5	6	8	9	12	11	14	10	16	12	13	13	17	16	15	13	15	14	17	14	18	17	21	0	0	2	3	3	3	5	5	6	5	12	5	8	10	10	7	10	10	4	12	20	7	15	12	16	1	1	1	1	3	3	2	2	2	1	2	1	1	2	3	2	2	2	7	1	2	1	1	3	3
48000	-131.930989893797403	-130.402639013595632	-1.528350880201758	0.000126838332414	0.000035053760757	0.276365670297521	0.767296319367560	0	4	5	6	7	10	11	12	14	11	14	12	13	15	16	16	14	14	15	16	17	15	16	17	20	0	0	2	2	3	5	5	6	7	6	6	6	8	10	22	18	10	10	11	11	12	11	17	7	21	1	1	1	1	1	2	2	1	2	1	2	1	1	2	1	1	1	1	1	1	2	1	1	3	2
48500	-139.190313699760395	-137.707388872484273	-1.482924827276108	0.000052965962317	0.000016272236760	0.307220638466765	0.591720625486270	-1	4	5	6	7	10	11	12	13	12	13	12	13	15	15	16	16	13	14	15	17	16	15	17	20	0	0	2	2	3	5	5	7	6	5	7	7	8	10	6	7	23	7	11	9	12	10	10	20	16	1	1	1	1	1	2	2	1	2	3	2	1	1	2	2	2	1	1	1	1	3	2	2	1	2
49000	-113.379694107708644	-111.835152775912235	-1.544541331796411	0.000127900120884	0.000034160208098	0.267085033714403	0.880642529872225	1	5	6	7	8	10	11	12	14	12	13	13	13	14	15	17	15	14	14	15	16	17	17	17	19	0	0	2	2	3	5	6	6	10	6	7	7	8	10	18	9	18	6	11	12	12	15	17	21	16	1	1	1	1	1	1	1	1	1	1	1	1	1	1	1	1	1	2	1	1	2	1	1	1	1
49500	-135.048927442831229	-133.686789279669171	-1.362138163162063	0.000053700523489	0.000032616207747	0.607372249441080	0.660323377628309	1	4	6	6	8	9	11	11	14	11	16	12	13	13	14	16	16	13	14	15	16	16	17	18	19	0	0	2	2	3	5	6	5	6	3	19	6	8	10	18	9	10	10	12	12	20	15	17	12	22	1	1	1	1	2	1	1	1	2	2	1	2	1	1	1	1	3	1	1	1	1	2	1	2	2
50000	-145.092784138481761	-143.663885961270068	-1.428898177211693	0.000121900341084	0.000043794254911	0.359262775820517	0.620041378019742	1	3	5	6	7	9	12	12	14	11	15	12	12	15	16	15	16	13	14	14	17	14	17	18	20	0	0	2	2	3	5	5	5	7	6	20	6	6	10	22	12	7	6	18	7	20	6	14	20	16	1	1	1	2	1	1	2	3	1	1	1	2	1	2	1	2	2	2	1	1	1	1	1	2	2
50500	-131.510515160234661	-130.149075521949925	-1.361439638284728	0.000081559045928	0.000048540584340	0.595158805348120	0.716379554809025	-1	3	5	4	8	10	10	10	14	12	14	12	12	14	15	16	16	13	14	15	17	16	17	16	20	0	0	2	2	3	4	5	5	7	7	12	7	6	10	10	9	18	10	12	12	12	15	17	20	16	1	1	1	1	2	3	1	1	2	1	1	1	1	1	1	1	2	1	1	2	2	1	1	1	2
51000	-137.433340980712956	-135.905590331025024	-1.527750649687931	0.000099803434701	0.000027618051305	0.276724457309998	0.639912522876621	1	4	5	6	6	9	11	10	14	11	16	13	13	14	17	16	16	14	14	15	18	16	18	17	20	0	0	2	2	3	5	6	6	6	5	12	10	8	7	18	18	10	10	10	12	12	18	17	11	16	1	1	1	1	1	2	1	1	2	2	2	1	2	2	3	1	2	1	1	1	2	1	1	1	3
51500	-146.748195935090394	-145.077924675713717	-1.670271259376663	0.000135845117283	0.000028952458504	0.213128444240660	0.735696265797690	0	4	6	6	8	10	11	12	14	11	16	12	10	14	17	15	15	15	14	14	14	16	18	17	19	0	0	2	2	3	5	5	5	7	6	20	6	5	7	16	7	10	10	7	12	12	10	18	11	15	1	1	1	1	1	2	2	2	1	1	1	1	1	2	1	1	2	2	2	2	1	3	1	1	1
52000	-159.512916798683619	-158.064829194808993	-1.448087603874637	0.000098107312741	0.000033161197009	0.338009431536379	0.653164247267589	0	5	6	7	7	8	9	11	12	11	13	12	12	15	17	14	15	14	15	15	18	16	16	16	21	0	0	2	2	3	5	5	5	7	6	5	10	8	10	11	10	18	10	12	9	20	14	19	11	16	1	1	1	1	1	1	1	1	1	2	2	1	1	2	1	1	1	1	2	2	1	1	1	2	3
52500	-128.995327329392296	-127.421349372919138	-1.573977956473144	0.000108803675983	0.000027409984818	0.251921495948454	0.880052889121386	0	4	6	6	7	9	10	11	13	11	14	12	13	14	16	15	14	13	14	15	17	16	18	18	20	0	0	2	2	3	5	6	6	7	6	12	7	8	10	6	9	18	10	12	12	20	18	17	21	16	1	1	1	1	1	1	1	1	1	1	2	2	2	1	2	1	1	1	1	1	1	1	2	1	2
53000	-133.874575449039980	-132.427446033130195	-1.447129415909794	0.000045741803723	0.000043808113709	0.957725978056722	0.616701912830506	1	4	5	6	8	9	11	10	14	11	14	12	12	14	16	16	15	14	15	16	18	14	17	14	20	0	0	2	2	3	3	5	5	6	5	7	6	8	10	9	9	18	6	11	11	20	7	17	12	16	1	1	1	1	2	2	2	1	2	2	2	1	1	1	2	1	1	2	1	1	1	2	1	1	2
53500	-132.636998239777739	-131.266940757988294	-1.370057481789440	0.000074598615716	0.000035867436541	0.480805658341363	0.781079122326168	1	4	5	7	8	9	12	11	14	11	16	12	13	15	16	17	13	15	14	14	17	14	17	16	20	0	0	2	2	3	3	5	6	7	6	19	6	8	5	22	9	10	10	6	12	20	7	17	12	16	1	1	1	1	2	2	1	1	1	1	1	1	1	3	1	2	1	2	2	1	1	1	2	1	2
54000	-138.998059090245789	-137.367377196613120	-1.630681893632664	0.000146343169364	0.000033286476408	0.227454937275796	0.802700685593576	1	4	6	6	8	9	11	11	14	11	15	12	13	15	14	16	16	14	15	15	16	16	17	16	20	0	0	2	2	3	5	6	6	7	5	9	5	10	10	6	9	15	10	15	12	12	9	18	15	16	1	1	1	1	1	1	1	1	2	1	1	2	1	2	3	1	1	1	1	2	2	1	2	1	1
54500	-121.845686112749917	-120.458811495629419	-1.386874617120496	0.000089338614481	0.000038269640254	0.428366171512898	0.920198140327166	0	5	6	7	8	10	12	10	14	12	16	12	11	15	15	15	14	14	14	15	16	17	16	18	19	0	0	2	2	3	5	6	5	7	5	19	6	8	18	17	9	10	10	12	12	20	7	17	20	22	1	1	1	1	1	1	1	1	1	1	1	1	1	1	1	1	1	2	1	1	1	2	1	1	1
55000	-150.686502653247089	-149.290597809100348	-1.395904844146754	0.000111984112416	0.000045823383402	0.409195397573659	0.534188947718980	0	3	5	6	7	10	11	11	13	12	15	12	12	13	16	16	14	14	13	14	17	17	17	17	19	0	0	2	2	3	5	4	6	5	6	19	3	6	10	14	18	9	10	7	6	20	18	17	20	22	1	1	2	1	1	1	3	1	2	1	1	3	1	1	2	1	1	2	1	2	2	2	1	1	1
55500	-127.475081940553522	-126.106272318975584	-1.368809621577945	0.000108388734471	0.000052737797181	0.486561610279502	0.840841092456725	0	4	5	6	7	9	10	12	14	11	14	11	13	14	16	16	16	15	15	14	17	16	17	17	19	0	0	2	2	3	5	6	7	7	6	12	7	8	10	20	18	10	10	11	12	12	9	17	20	16	1	1	1	1	1	1	1	1	2	1	2	1	1	1	1	1	2	2	1	1	3	1	1	1	2
56000	-141.890213886025236	-140.519968219199086	-1.370245666826140	0.000058673505849	0.000039686196055	0.676390399393109	0.760532119405331	1	4	5	6	7	9	11	11	14	11	15	12	12	15	16	17	15	14	14	15	16	15	17	18	20	0	0	2	2	3	5	3	5	10	3	10	7	7	18	9	22	18	7	7	12	12	10	17	20	9	1	1	1	1	1	2	4	2	1	3	1	1	1	1	1	1	1	1	1	1	2	3	1	2	3
56500	-133.277964706874883	-131.891147462084007	-1.386817244790883	0.000085351456627	0.000036573173844	0.428500874963745	0.574109517427325	0	4	5	6	7	9	12	11	14	12	15	11	12	15	16	16	15	14	13	15	17	17	15	18	19	0	0	2	2	3	5	5	6	7	6	19	6	8	10	7	9	10	10	12	12	12	17	10	20	22	1	1	1	1	1	1	1	1	1	1	1	1	1	2	2	1	2	1	1	2	3	1	2	2	2
57000	-146.869356471577134	-145.216686352973596	-1.652670118603542	0.000116803299167	0.000025610633131	0.219262925904927	0.501543008056296	0	4	6	7	7	10	12	9	15	10	15	10	11	14	16	15	15	15	13	15	17	16	18	17	19	0	0	2	2	3	5	10	5	10	5	19	5	8	10	7	7	10	10	12	19	16	7	18	20	9	1	1	1	2	1	2	1	1	2	1	1	2	1	2	2	2	2	2	1	1	2	1	1	1	2
57500	-144.078801893355831	-142.517793252570954	-1.561008640784878	0.000098932011530	0.000025559640743	0.258355615614676	0.575169123594932	1	4	5	6	7	9	12	11	15	11	16	12	13	13	16	14	15	12	14	15	17	16	17	17	20	0	0	2	2	3	5	5	6	10	5	20	6	7	10	7	7	7	5	12	7	10	7	17	20	22	1	1	1	1	1	2	2	1	2	2	1	1	1	1	2	1	2	2	1	2	3	2	2	1	3
58000	-138.323756300559836	-136.647708251941793	-1.676048048618031	0.000098160176863	0.000020730453595	0.211190059533331	0.644113135405572	1	4	5	6	7	9	11	10	14	11	15	11	12	14	17	16	15	14	14	12	17	15	17	17	18	0	0	2	2	3	5	5	5	6	5	19	6	8	10	18	7	18	6	7	12	12	7	17	12	16	1	1	1	1	1	1	2	2	3	2	1	1	1	1	1	2	1	3	1	1	2	3	1	3	1
58500	-146.885335165330105	-145.213808650367469	-1.671526514962627	0.000062176249232	0.000013225149800	0.212704207200482	0.432436306570817	1	4	5	7	8	9	11	11	14	11	16	13	12	14	16	15	16	15	13	15	17	17	18	17	21	0	0	2	2	3	3	6	6	7	6	19	5	8	10	7	9	18	10	6	12	19	16	15	12	16	1	1	1	2	2	2	2	1	2	1	2	3	1	2	2	1	1	2	3	1	1	1	1	2	3
59000	-129.581049364511671	-128.216815636980073	-1.364233727531602	0.000077569618992	0.000048997946345	0.631664135795549	0.768242162380602	0	5	6	7	8	9	12	11	13	11	16	13	12	14	15	16	15	14	14	15	16	17	17	17	18	0	0	2	2	3	5	6	6	10	5	20	10	8	10	7	9	7	10	7	12	20	15	17	20	7	1	1	1	1	1	1	1	2	1	2	1	1	1	1	1	1	2	1	1	1	1	1	1	1	2
59500	-135.922120906494683	-134.424703446095236	-1.497417460399434	0.000080486878019	0.000023861646532	0.296466295124454	0.692735796021621	0	5	6	7	7	9	11	11	13	11	14	13	13	14	16	17	15	13	13	15	17	14	16	17	19	0	0	2	2	3	2	5	6	10	6	12	10	7	6	22	9	18	10	7	12	20	10	18	20	16	1	1	1	1	1	3	2	1	1	1	1	1	1	2	1	2	2	1	1	1	1	2	1	2	1
60000	-152.359053235014386	-150.876560586785303	-1.482492648229077	0.000106160738703	0.000032650476695	0.307556984760157	0.558532955861771	1	5	6	7	8	7	12	10	14	10	16	11	12	14	16	16	13	13	13	14	18	17	17	17	19	0	0	2	2	6	3	5	5	7	5	19	5	8	10	14	18	10	10	12	6	7	18	17	20	21	1	1	1	1	1	1	1	1	1	1	1	2	2	2	1	2	1	2	1	3	3	3	2	2	1
60500	-129.132082770790220	-127.752459103721648	-1.379623667068568	0.000082691782276	0.000036976793180	0.447164061076899	0.836822821866953	0	4	5	6	7	10	12	11	14	11	15	12	13	15	16	16	14	14	15	15	16	17	17	17	20	0	0	2	2	4	5	6	6	10	6	12	6	8	10	9	9	10	7	6	12	12	15	20	20	9	1	1	1	1	1	2	1	1	1	1	1	1	1	2	1	1	1	2	2	2	2	1	1	1	2
61000	-134.821299123615518	-133.430769583963098	-1.390529539652424	0.000063929143272	0.000026859966554	0.420152143129952	0.578579329103838	0	4	5	5	8	10	11	11	14	10	15	12	13	14	16	16	15	14	14	15	18	15	17	17	20	0	0	2	2	3	5	5	5	6	5	12	5	8	10	18	9	12	10	12	12	12	6	17	20	22	1	1	1	1	2	1	2	1	1	1	2	3	1	2	1	1	1	2	1	1	4	2	1	1	3
61500	-141.384331835358125	-140.019185723854889	-1.365146111503239	0.000085914428535	0.000043586289310	0.507322111699575	0.526924555513454	0	4	5	6	7	8	11	10	14	11	15	12	13	14	16	16	16	13	14	16	16	15	18	18	20	0	0	2	2	3	5	5	6	18	6	7	10	8	18	5	9	18	6	12	12	12	6	10	15	16	1	1	1	1	1	1	2	2	1	2	1	1	2	1	4	1	2	2	1	2	1	3	4	1	2
62000	-133.866579139646888	-132.475003320979283	-1.391575818667597	0.000071344047372	0.000029816310537	0.417922891051427	0.727127346553602	-1	4	5	6	8	9	10	11	14	11	14	13	13	14	15	16	15	13	15	16	18	17	17	16	20	0	0	2	2	3	3	6	5	7	5	10	10	8	18	6	9	18	10	12	15	20	15	17	15	16	1	1	1	1	2	2	1	1	2	2	1	1	1	1	3	1	1	1	1	1	1	1	2	1	2
62500	-127.538147996970892	-126.158181928501662	-1.379966068469236	0.000096903232444	0.000043236514170	0.446182372652928	0.714921134521387	-1	4	6	6	8	9	12	10	14	12	15	13	13	13	15	17	16	14	14	15	16	16	18	17	21	0	0	2	2	3	5	6	5	7	5	7	7	8	10	7	9	18	7	12	12	12	15	17	20	16	1	1	1	1	1	1	2	1	1	2	2	1	2	1	1	1	1	1	1	2	2	1	1	1	2
63000	-140.997197929046365	-139.630784470809203	-1.366413458237174	0.000096044003275	0.000047953849222	0.499290404264822	0.574221557057455	0	4	6	6	7	10	9	11	14	11	16	13	12	15	16	16	14	14	13	15	17	17	17	17	20	0	0	2	2	3	7	5	7	4	5	14	6	8	10	6	18	10	10	10	12	9	18	18	12	16	1	1	1	1	1	1	1	1	4	2	1	1	1	2	3	1	2	2	1	1	1	2	2	2	2
63500	-139.043563151735782	-137.680140511006186	-1.363422640729597	0.000093142184840	0.000058067267651	0.623426085079935	0.760522034850555	1	4	6	6	8	10	11	11	13	10	13	13	12	14	16	16	16	14	14	16	17	16	17	16	20	0	0	2	2	3	5	5	10	6	5	6	10	8	10	11	11	18	6	11	12	24	18	18	11	16	1	1	2	1	1	1	2	1	1	2	2	1	1	2	1	1	1	2	1	2	1	1	1	2	1
64000	-141.155343831377877	-139.788930676204643	-1.366413155173242	0.000134066612179	0.000087173516651	0.650225400900996	0.842842349837990	0	4	6	6	7	10	11	12	15	11	15	13	13	15	17	17	15	13	15	15	17	17	17	17	18	0	0	2	2	3	5	5	7	7	5	12	10	8	18	17	9	18	6	7	12	20	20	17	9	12	1	1	1	1	1	1	2	1	2	1	1	2	1	1	1	1	1	1	1	1	2	1	1	1	2
64500	-118.856172599553119	-117.494811726571896	-1.361360872981228	0.000062569439040	0.000034230821610	0.547085320485802	0.885577438197877	-1	4	5	6	7	9	11	12	14	11	13	12	10	14	16	17	15	13	14	15	16	14	17	17	20	0	0	2	2	3	5	6	13	6	6	12	6	6	18	22	9	18	10	11	12	20	7	17	21	16	1	1	1	1	1	1	1	1	2	1	1	1	1	1	1	1	1	1	1	1	1	1	2	1	1
65000	-141.533214678479510	-139.788786299314836	-1.744428379164673	0.000144745800627	0.000027594320450	0.190639868860400	0.662450867096259	-1	4	6	5	7	9	11	11	15	11	15	13	13	15	16	17	14	12	14	16	18	15	17	18	20	0	0	2	2	3	5	6	5	7	5	19	10	8	17	6	9	18	6	12	17	20	18	10	20	16	1	1	1	1	1	1	1	2	2	2	1	1	1	1	2	2	2	1	1	1	1	1	2	1	2
65500	-144.221292331472654	-142.847870641056829	-1.373421690415833	0.000117213452752	0.000054770250341	0.467269319818426	0.720097382828664	1	3	5	4	7	10	12	11	14	12	15	13	12	13	15	17	14	14	14	16	17	15	17	18	18	0	0	2	2	3	5	6	5	13	6	7	10	6	10	7	9	10	7	12	10	12	18	17	15	9	1	1	1	1	1	2	1	2	1	1	1	1	1	1	2	2	1	1	1	2	2	1	2	1	2
66000	-147.353110854052915	-145.976321071892471	-1.376789782160437	0.000102946025982	0.000046917644774	0.455749936208613	0.697194871683794	1	4	6	6	8	9	11	11	13	11	16	13	12	15	16	16	15	13	15	16	18	14	16	17	18	0	0	2	2	3	5	6	5	6	6	9	7	3	10	8	22	22	10	12	12	24	7	17	20	16	1	1	2	1	1	1	1	2	3	1	2	1	2	2	4	2	1	1	1	1	1	1	1	1	1
66500	-145.418116848547356	-143.935871071830377	-1.482245776716970	0.000088273361458	0.000027166087077	0.307749547864993	0.709417240099543	0	4	5	6	7	10	11	11	14	11	15	13	12	14	14	17	12	13	13	15	16	16	17	17	21	0	0	2	2	3	5	5	6	18	5	12	6	6	10	10	6	10	6	7	12	12	9	17	12	22	1	1	1	2	1	2	2	1	1	2	2	1	1	1	1	3	1	2	1	2	2	1	2	2	1
67000	-151.833922153620222	-150.355988966531100	-1.477933187089121	0.000076963935979	0.000023948517418	0.311165445389529	0.531878729391757	1	4	6	6	7	9	11	12	14	11	16	13	13	15	15	17	15	14	15	15	17	16	18	17	21	0	0	2	2	3	5	5	5	7	5	9	6	8	18	6	15	10	7	6	5	19	7	22	20	17	1	1	1	1	1	2	2	2	2	2	2	2	1	1	2	1	2	1	3	4	1	2	1	1	3
67500	-142.239468111316626	-140.840937172857252	-1.398530938459361	0.000087901778954	0.000070594559537	0.803107290625857	0.587427141066725	1	3	5	5	7	9	11	11	14	10	15	12	11	14	15	17	15	14	14	15	17	16	18	18	20	0	0	2	2	3	5	6	10	12	5	13	6	5	12	7	22	18	7	12	10	15	20	10	11	16	1	1	1	1	1	1	1	1	1	2	2	2	3	1	2	1	1	2	1	2	1	1	4	1	1
68000	-133.820964998028359	-132.294194680692300	-1.526770317336060	0.000111524853513	0.000030927274472	0.277312845505036	0.720087976175285	0	5	6	7	8	9	10	10	15	10	15	13	13	14	16	17	15	12	13	15	16	17	17	16	19	0	0	2	2	3	5	6	5	7	3	19	10	8	18	17	9	10	7	10	12	12	9	9	12	22	1	1	1	1	1	1	1	1	2	3	1	1	2	1	1	1	2	1	2	1	2	1	1	2	1
68500	-122.618211359233200	-121.178255281233120	-1.439956078000081	0.000070903579115	0.000024570977478	0.346540721705475	0.845246744386941	-1	4	5	6	7	9	12	11	15	11	15	12	12	14	14	16	16	14	13	14	17	16	17	16	18	0	0	2	2	3	5	6	5	18	6	20	6	8	10	7	18	18	10	12	12	24	9	17	20	16	1	1	1	1	1	1	1	1	1	1	1	2	1	1	1	1	1	2	1	2	1	1	1	1	1
69000	-145.313857104730204	-143.903533510868328	-1.410323593861876	0.000080143524374	0.000030816476452	0.384516112721067	0.552604593033910	1	3	5	6	7	9	12	11	14	10	16	13	12	15	16	17	14	14	14	14	17	16	16	18	20	0	0	2	2	2	5	5	5	7	6	12	7	8	18	10	9	10	10	5	12	20	5	17	21	15	1	1	1	1	1	1	3	2	1	1	2	1	1	1	3	2	2	2	3	1	1	3	1	1	3
69500	-133.601851423015887	-132.238865846321062	-1.362985576694834	0.000074617794300	0.000039167388900	0.524906817025362	0.727640425035711	-1	5	6	7	8	8	11	10	14	12	16	11	12	13	17	16	15	14	14	14	16	16	17	17	20	0	0	2	2	4	3	5	5	7	12	19	6	8	10	22	9	18	10	12	12	20	9	17	11	16	1	1	1	2	1	1	2	1	2	1	2	1	1	1	1	1	1	1	1	2	1	1	1	1	2
70000	-124.163578612826925	-122.800493562756941	-1.363085050069980	0.000078794824725	0.000041282534947	0.523924446701055	0.628067680121037	0	4	5	6	7	10	11	11	14	12	16	12	13	13	15	17	14	14	14	15	18	16	18	17	20	0	0	2	2	3	5	5	5	10	6	19	6	8	10	10	9	10	10	7	12	11	9	7	20	16	1	1	1	1	1	2	2	2	1	1	1	1	1	1	1	1	1	1	2	2	1	1	3	1	2
70500	-152.420637356784880	-151.028450813461035	-1.392186543323853	0.000097426743226	0.000040592319985	0.416644533532356	0.641183647597926	0	4	5	6	7	9	11	11	13	11	13	12	12	14	16	16	14	15	15	15	17	17	18	17	20	0	0	2	2	3	5	5	6	7	6	7	6	10	7	14	9	3	7	11	9	20	5	18	10	16	1	1	1	1	1	2	2	1	2	2	1	2	1	1	1	2	3	1	2	1	1	5	1	2	2
71000	-120.593476759638889	-118.947507242001393	-1.645969517637496	0.000115013671139	0.000025497851164	0.221694090024629	0.762925499269709	0	5	6	6	8	9	12	10	14	11	15	13	12	14	16	16	15	13	14	14	17	17	17	15	20	0	0	2	2	3	5	6	5	6	6	19	7	8	18	9	9	10	10	7	12	20	15	17	20	16	1	1	1	1	1	1	2	1	2	1	1	1	1	1	1	2	1	1	1	1	1	1	1	1	2
71500	-149.651999116659539	-148.287946170054568	-1.364052946604972	0.000111092464459	0.000057256285520	0.515393062879396	0.518885554395384	0	3	5	7	7	9	11	11	13	11	16	12	12	14	15	16	15	14	14	15	17	15	17	17	19	0	0	2	2	3	5	5	5	8	3	18	7	7	5	10	22	18	5	7	9	12	9	15	12	9	1	1	1	2	1	1	2	2	2	3	1	1	1	4	2	1	1	3	3	1	2	1	1	2	3
72000	-146.695155097848243	-145.302006825825259	-1.393148272022979	0.000094338863868	0.000039118950145	0.414664206680908	0.636338169050834	1	3	5	6	7	10	11	12	14	12	15	12	13	15	16	16	14	15	14	16	18	14	17	18	21	0	0	2	2	3	5	5	6	10	5	19	6	10	5	6	22	10	22	10	12	12	6	14	10	16	1	1	1	1	1	2	2	1	1	2	1	1	1	4	3	1	1	1	1	1	4	2	1	3	2
72500	-131.456696312871571	-130.073750147593017	-1.382946165278561	0.000085902578321	0.000037631169669	0.438067988235760	0.774221592340730	0	4	6	6	8	10	12	12	14	11	15	13	13	14	13	16	15	14	15	15	17	14	17	16	19	0	0	2	2	3	5	6	10	6	5	12	6	8	6	6	9	9	6	12	12	20	15	17	20	5	1	1	1	1	1	1	1	1	2	2	1	2	1	2	1	1	1	2	1	1	1	1	1	1	5
73000	-137.380468250586915	-135.809941318761048	-1.570526931825865	0.000087460755878	0.000022179898178	0.253598290519735	0.763930037894087	-1	3	5	5	7	9	11	10	13	12	16	12	12	14	17	16	14	14	15	15	16	14	17	18	20	0	0	2	2	3	5	5	5	7	7	12	7	8	7	18	9	7	7	10	12	20	7	17	11	16	1	1	1	1	1	1	2	1	1	1	2	1	1	1	1	2	2	1	2	1	1	2	2	1	2
73500	-149.469773015645274	-148.034945538045463	-1.434827477599797	0.000099809979469	0.000035159629688	0.352265673990551	0.789871582955953	0	4	5	6	7	9	11	10	14	11	12	12	12	14	15	16	15	13	14	15	15	16	17	18	19	0	0	2	2	3	5	5	6	10	6	5	6	7	8	6	9	18	10	11	12	12	15	14	21	16	1	1	1	1	1	1	2	1	3	1	3	1	1	2	2	1	1	1	1	2	2	1	2	2	2
74000	-132.648988147108241	-131.186266379608952	-1.462721767499300	0.000077990030317	0.000025274776007	0.324077012201777	0.514414650976086	0	4	5	6	7	9	11	11	13	12	14	12	12	14	16	16	16	13	15	14	17	15	17	17	21	0	0	2	2	3	5	6	6	7	7	5	7	8	18	22	9	10	10	11	12	20	7	17	12	7	1	1	1	1	1	1	1	1	1	1	2	1	1	1	1	2	2	1	1	1	2	2	1	2	6
74500	-139.785930205049908	-138.413394729581398	-1.372535475468510	0.000076506993394	0.000052779512389	0.689865201180824	0.645300663463975	0	4	6	7	8	9	11	11	15	11	15	12	12	15	16	16	16	13	14	16	17	13	18	17	20	0	0	2	2	3	4	6	6	22	5	10	6	8	18	7	10	22	7	12	12	12	5	17	11	15	1	1	2	2	1	1	1	1	1	1	2	1	1	1	2	2	1	1	1	2	2	2	1	1	1
75000	-135.312983501644908	-133.952049191439642	-1.360934310205264	0.000092552809732	0.000051800825527	0.559689388982168	0.544014324867353	-1	5	6	6	7	10	12	11	14	11	14	13	13	14	17	16	14	14	15	15	16	15	17	17	20	0	0	2	2	3	5	6	6	5	5	10	10	8	7	22	7	10	7	11	12	10	7	17	12	16	1	1	1	1	1	1	1	1	3	2	1	1	1	2	1	2	2	1	1	1	2	2	1	2	2
75500	-128.307252317103149	-126.922435237435380	-1.384817079667760	0.000078943783976	0.000034208027812	0.433321359701608	0.809266446755098	1	4	6	6	8	9	11	11	15	12	15	12	12	14	16	17	15	13	14	15	17	16	18	17	20	0	0	2	2	3	5	5	6	18	6	12	5	8	10	17	9	10	7	12	12	12	9	10	11	15	1	1	1	1	1	1	2	1	1	2	2	2	1	1	1	1	1	1	1	2	2	1	3	1	2
76000	-136.514606484764101	-135.144363053394699	-1.370243431369398	0.000106565905442	0.000051150324994	0.479987710718602	0.745388675292717	0	5	6	6	8	10	12	12	13	11	15	13	13	13	15	17	15	14	13	16	15	15	17	17	20	0	0	2	2	3	5	6	5	7	5	12	10	10	7	7	9	9	7	10	12	12	7	10	15	16	1	1	1	1	1	1	1	2	1	2	1	1	1	1	1	2	1	2	1	2	1	1	2	1	1
76500	-152.493866271255314	-151.127487987452980	-1.366378283802329	0.000095734515056	0.000047819252083	0.499498556552982	0.518757276866825	0	3	5	6	8	9	10	11	13	10	15	13	13	14	17	15	14	12	14	16	18	17	17	18	20	0	0	2	2	4	5	5	6	6	5	12	7	8	7	7	9	7	7	10	12	12	18	17	20	9	1	1	1	2	1	1	1	1	2	2	1	1	1	2	3	1	2	1	3	3	2	3	2	1	5
77000	-122.336398792666657	-120.972987064159625	-1.363411728507032	0.000062161371562	0.000032377007998	0.520854144369696	0.871170078764676	1	4	6	5	7	9	10	11	14	12	14	12	12	15	16	16	15	14	15	16	15	17	17	17	20	0	0	2	2	3	5	5	5	7	6	7	5	8	18	9	9	18	10	11	21	11	15	17	21	16	1	1	1	1	1	1	2	1	2	1	2	2	1	1	1	1	1	1	1	1	1	1	1	1	2
77500	-138.898443157012764	-137.394134700489559	-1.504308456523194	0.000108974705742	0.000031785689392	0.291679515675174	0.759284389296743	1	5	6	6	8	9	11	11	14	11	15	13	12	15	16	15	15	14	14	15	17	15	18	16	20	0	0	2	2	3	5	6	5	7	3	10	6	8	9	22	9	18	7	7	12	12	12	17	12	16	1	1	1	1	1	1	1	2	2	3	1	1	1	1	1	1	1	1	1	2	2	1	1	2	3
78000	-135.268625139584202	-133.772236224275048	-1.496388915309154	0.000089442892113	0.000026582235214	0.297197849778173	0.807342905457196	0	5	6	7	8	9	11	10	15	12	14	12	12	15	15	17	14	14	14	14	18	17	15	17	20	0	0	2	2	3	5	6	5	7	5	12	5	8	10	17	9	10	7	10	12	18	14	17	20	9	1	1	1	1	1	1	1	1	2	1	1	2	1	1	1	1	1	2	1	1	1	1	1	1	2
78500	-139.544440145794340	-138.081851281990851	-1.462588863803478	0.000141697282331	0.000045937740133	0.324196338681265	0.679137235508236	1	5	6	7	8	10	10	11	15	11	15	12	12	15	17	15	15	14	14	15	16	17	17	18	20	0	0	2	2	3	5	5	5	18	5	6	10	10	6	17	6	10	7	12	7	12	9	17	12	22	1	1	1	1	1	1	1	2	1	2	3	1	1	2	1	2	2	2	1	3	2	1	1	2	2
79000	-134.089338270230712	-132.486091898034005	-1.603246372196718	0.000146192938495	0.000034884996490	0.238622992661848	0.773192553710725	1	4	6	6	8	9	11	10	14	11	16	12	13	15	17	16	16	13	14	15	18	16	18	18	19	0	0	2	2	3	5	6	6	10	6	9	10	8	10	17	9	5	7	10	12	20	14	18	11	16	1	1	1	1	1	1	1	1	2	1	1	1	1	2	1	1	3	1	1	1	1	1	2	1	1
79500	-135.228782000933592	-133.632583848802540	-1.596198152131039	0.000092609548100	0.000022382249835	0.241684041157046	0.676340676669720	0	5	6	6	7	9	11	11	14	10	15	13	12	15	15	16	15	14	14	15	15	17	17	16	18	0	0	2	2	3	5	5	6	10	5	12	7	8	18	7	18	6	10	12	12	12	15	17	12	16	1	1	1	1	1	1	2	2	2	2	1	1	1	1	3	1	3	2	1	1	1	1	1	2	1
80000	-140.406303818554306	-138.964038962408836	-1.442264856145481	0.000058671384676	0.000055362898399	0.943609882472806	0.691814372656960	-1	4	5	6	7	9	12	11	14	12	16	12	13	15	16	17	15	13	14	15	16	17	16	17	21	0	0	2	2	3	5	6	6	10	3	12	6	8	10	7	10	10	12	12	12	20	7	18	20	16	1	1	1	1	1	1	2	1	1	3	2	2	1	1	2	2	1	1	1	1	1	2	1	1	1
80500	-152.307191650323290	-150.925296379911913	-1.381895270411384	0.000104974111928	0.000046277454216	0.440846351223816	0.591302124212297	1	4	6	7	7	9	11	11	13	11	16	12	13	14	15	16	15	14	15	16	17	14	17	17	21	0	0	2	2	3	5	6	5	7	5	14	5	8	6	7	9	6	7	14	12	22	10	7	11	16	1	1	1	1	1	1	1	2	1	2	1	3	1	2	2	2	3	2	1	2	1	2	2	1	2
81000	-138.134383465980818	-136.589994434298575	-1.544389031682249	0.000110098161456	0.000029414810008	0.267168948317036	0.704612954710230	1	4	5	7	7	9	9	10	14	11	15	11	12	11	17	16	15	13	14	14	17	16	17	17	19	0	0	2	2	3	4	5	6	5	7	12	7	8	6	16	9	18	10	12	12	11	14	17	20	16	1	1	1	1	1	1	1	1	3	1	3	1	1	1	1	1	1	1	2	1	1	3	1	1	2
81500	-133.930511101989879	-132.409625377066050	-1.520885724923821	0.000116744649042	0.000032794596533	0.280908776562402	0.639347272877270	0	5	6	7	7	9	11	11	14	11	15	12	13	15	17	16	15	13	13	14	17	17	16	17	20	0	0	2	2	3	3	5	5	18	6	19	6	8	18	9	9	10	10	6	12	20	20	17	20	9	1	1	1	1	1	1	2	2	1	1	1	1	1	1	2	2	2	1	2	1	2	1	1	2	2
82000	-125.004242473720083	-123.583209724308617	-1.421032749411465	0.000064980388365	0.000023995092310	0.369266680514060	0.788405931529128	0	5	6	6	8	9	11	11	14	11	13	13	12	15	17	16	15	13	14	15	17	14	17	17	20	0	0	2	2	3	5	5	5	7	5	7	7	8	18	22	9	18	10	11	12	20	10	9	20	16	1	1	1	1	1	1	2	2	2	1	1	1	1	2	1	1	1	1	1	1	2	1	1	1	2
82500	-130.435875522739423	-129.069759645278111	-1.366115877461323	0.000072579614694	0.000036367868018	0.501075517847437	0.675628608048466	1	5	6	7	7	10	12	11	15	11	15	12	13	15	17	15	15	14	14	14	16	16	17	17	19	0	0	2	2	3	5	6	5	7	5	12	6	8	18	18	7	10	6	7	12	20	7	17	21	16	1	1	1	1	1	2	1	3	1	2	1	1	1	1	1	2	2	2	1	1	1	2	1	1	2
83000	-159.724361144477598	-158.363338869950809	-1.361022274526786	0.000091451165004	0.000053393247188	0.583844363117530	0.572098123876622	1	4	6	6	8	9	10	12	14	10	15	11	10	14	17	16	16	14	15	16	18	17	16	18	19	0	0	2	2	4	3	6	7	7	5	7	5	6	5	10	19	18	10	12	11	20	10	10	20	9	1	1	1	1	2	2	1	2	2	1	3	1	1	2	3	1	1	2	2	1	1	4	3	1	2
83500	-146.376693601416122	-144.963994664150562	-1.412698937265570	0.000116273872015	0.000044294118702	0.380946449398428	0.624906381543303	1	4	6	6	8	10	12	12	14	12	16	11	13	14	16	16	15	14	14	14	18	17	18	17	20	0	0	2	2	3	5	5	12	7	6	19	6	10	7	20	9	10	7	12	7	12	15	10	19	16	1	1	1	2	1	1	2	1	1	2	1	1	1	1	1	1	2	1	2	1	2	1	2	2	2
84000	-122.335793140833189	-120.889076498473955	-1.446716642359234	0.000132528659978	0.000044980809870	0.339404396581668	0.884538670352468	0	4	5	5	7	9	12	11	14	10	14	13	13	15	17	17	15	14	14	15	16	16	16	18	19	0	0	2	2	3	5	10	6	6	6	12	7	8	9	7	22	18	7	12	12	9	9	17	12	16	1	1	1	1	1	1	1	1	2	1	1	1	1	1	2	1	1	1	1	1	1	1	1	1	1
84500	-142.163434964387505	-140.730294692759003	-1.433140271628513	0.000071010500144	0.000025152870118	0.354213391917210	0.509669496236211	0	4	6	7	8	10	11	11	14	12	14	12	12	14	15	16	16	15	15	15	17	17	17	17	21	0	0	2	2	3	5	6	5	7	5	12	6	5	7	7	9	14	10	11	12	12	17	18	12	9	1	1	1	1	1	1	1	1	1	2	1	1	2	1	2	1	1	2	1	2	3	1	1	2	3
85000	-139.271650029923080	-137.910654867252447	-1.360995162670629	0.000082109266088	0.000045740134359	0.557064221103966	0.878778355391167	-1	4	6	6	8	10	10	11	13	11	15	13	12	14	13	15	15	13	14	12	15	16	17	18	21	0	0	2	2	3	5	5	7	7	7	12	20	8	10	5	9	18	10	20	7	12	6	17	21	6	1	1	1	1	1	1	1	1	1	1	1	1	1	1	1	1	1	2	1	1	1	2	1	1	4
85500	-124.036031621774228	-122.605910543388688	-1.430121078385546	0.000106518781061	0.000038110716345	0.357784007340037	0.812834920590879	0	4	6	6	8	9	11	11	13	10	15	12	12	14	17	16	16	14	14	15	16	16	17	16	19	0	0	2	2	3	5	5	6	7	5	19	5	8	5	22	19	18	9	10	12	20	18	17	20	16	1	1	1	1	1	1	1	1	1	1	1	1	1	2	1	1	1	1	2	1	1	1	1	1	1
86000	-126.888767240608999	-125.322925728079525	-1.565841512529474	0.000106997002594	0.000027382164926	0.255915252414500	0.806593792675216	1	4	5	7	7	10	11	11	14	11	15	13	13	14	16	15	15	15	13	15	17	16	18	17	20	0	0	2	2	3	5	6	6	7	5	19	10	8	10	6	9	10	7	10	12	20	9	17	9	16	1	1	1	1	1	1	1	1	2	2	1	1	1	1	3	1	2	2	1	1	1	1	1	2	3
86500	-148.382128817919011	-146.990097347270478	-1.392031470648524	0.000091644411133	0.000038212747487	0.416967570791049	0.807699029167340	-1	4	6	6	8	9	11	11	14	12	16	13	13	15	16	16	15	14	15	16	17	16	16	18	20	0	0	2	2	3	3	6	6	10	6	7	5	8	9	7	9	18	10	9	12	12	7	17	20	16	1	1	1	1	2	2	1	1	1	1	1	3	1	1	3	1	1	1	1	2	2	4	1	1	2
87000	-128.087038526938699	-126.726204283846371	-1.360834243092322	0.000055994345769	0.000031821860767	0.568304894534607	0.881090360411473	-2	4	5	6	7	10	12	9	14	12	15	13	11	15	16	16	15	14	14	15	16	16	17	17	21	0	0	2	2	3	5	5	5	7	6	12	6	8	10	18	9	7	10	5	12	20	18	17	20	16	1	1	1	1	1	1	2	1	1	1	1	1	1	2	1	1	2	1	3	1	1	1	1	1	3
87500	-133.717566435066885	-132.285576270345246	-1.431990164721629	0.000097652548351	0.000034721377955	0.355560387738833	0.762564927737857	1	5	6	7	8	10	11	11	15	12	15	12	12	15	15	16	15	14	13	14	16	16	17	17	20	0	0	2	2	3	5	5	6	7	7	19	6	8	10	10	15	18	6	7	12	20	18	7	12	16	1	1	1	1	1	2	2	1	2	1	2	1	1	2	1	1	1	3	1	1	1	1	2	2	2
88000	-149.090479021186894	-147.710598331494282	-1.379880689692611	0.000086887075647	0.000038788660968	0.446426130462254	0.746791193809287	1	3	5	6	8	9	10	11	13	12	15	11	12	14	16	16	16	14	15	16	18	15	18	17	21	0	0	2	3	3	2	5	6	10	5	12	6	8	10	18	9	10	10	6	11	11	5	17	12	16	1	1	1	1	2	2	1	1	1	3	2	1	1	1	1	2	2	1	3	1	1	2	1	2	3
88500	-130.183961186499488	-128.727315820485387	-1.456645366014091	0.000095735319845	0.000031560225985	0.329661258100201	0.893546784496782	0	4	5	6	8	10	11	10	15	12	14	11	12	14	16	17	15	14	13	15	15	17	17	18	19	0	0	2	2	3	5	5	5	7	6	19	6	8	10	9	21	10	10	12	12	12	15	9	20	22	1	1	1	1	1	1	1	1	2	1	1	1	1	1	1	2	2	1	1	2	2	1	1	1	1
89000	-141.184602829199605	-139.823470345807578	-1.361132483392038	0.000093914256515	0.000051896078644	0.552589996129014	0.621244971725162	0	4	5	6	8	10	12	11	14	11	14	11	13	14	17	16	14	13	15	14	17	16	16	17	19	0	0	2	2	3	5	6	5	10	6	6	5	8	18	19	7	18	10	12	12	19	7	17	5	16	1	1	1	1	2	1	1	2	2	1	2	2	1	1	1	2	1	2	2	2	1	2	1	4	1
89500	-136.135056773638894	-134.314393612467711	-1.820663161171182	0.000144161630429	0.000024771588873	0.171832052670236	0.749533539829639	0	3	5	6	7	10	11	10	12	12	16	12	11	14	16	17	15	13	14	15	18	14	17	17	20	0	0	2	2	3	5	6	5	6	7	19	6	8	18	22	9	10	10	6	12	20	6	22	20	16	1	1	1	2	1	1	1	1	1	1	1	1	1	1	1	2	2	1	1	1	1	1	2	1	2
90000	-135.531646167992932	-134.063421266976320	-1.468224901016610	0.000084045367236	0.000026830642270	0.319239990877152	0.623683884658943	0	5	6	6	8	10	12	11	14	11	14	13	12	15	17	16	14	14	15	15	18	15	17	17	21	0	0	2	2	3	5	5	6	7	6	7	7	8	10	5	7	10	7	11	12	12	10	17	12	16	1	1	1	1	1	1	2	1	1	1	2	1	1	2	6	2	2	1	1	2	2	2	2	2	2
90500	-147.977081429353092	-146.610448400900083	-1.366633028452998	0.000084057662946	0.000054797419420	0.651902723672968	0.490412519200130	1	4	6	7	8	9	11	11	15	11	13	12	13	14	14	16	14	14	14	15	16	15	18	17	20	0	0	2	2	3	5	5	5	7	5	7	7	8	7	6	9	6	6	12	12	12	6	17	22	15	1	1	1	1	1	1	2	2	2	2	2	1	1	2	2	1	3	2	1	2	2	3	2	1	3
91000	-144.524882303009093	-142.904808085861049	-1.620074217148038	0.000095212981266	0.000022055084092	0.231639465530967	0.720778006173016	1	5	6	6	7	9	11	11	14	12	15	11	11	15	13	16	15	14	13	15	18	14	17	17	20	0	0	2	2	3	5	6	6	10	6	18	5	6	10	10	10	10	5	10	12	11	6	17	20	16	1	1	1	1	1	2	1	2	1	2	1	2	1	2	1	2	2	3	1	2	1	2	1	1	2
91500	-143.982572128767174	-142.477012930515798	-1.505559198251373	0.000106652792585	0.000031017971053	0.290831306909671	0.769653678822533	-1	4	5	5	7	9	12	11	14	9	16	12	13	15	15	16	15	14	15	15	17	17	18	17	20	0	0	2	2	3	5	6	6	6	3	18	5	8	18	18	19	7	8	10	9	20	19	17	20	9	1	1	1	1	1	1	2	1	3	3	1	2	1	1	1	1	1	1	3	1	1	1	2	1	2
92000	-138.588928373139368	-137.211486627281175	-1.377441745858184	0.000057838183860	0.000041387391743	0.715572118294886	0.702538457346045	0	4	5	6	8	10	12	10	14	12	15	11	13	15	15	15	15	13	14	14	17	16	17	17	18	0	0	2	2	4	5	6	5	7	3	20	8	8	10	18	9	10	6	12	12	20	15	17	20	16	1	1	1	1	1	1	1	2	1	3	1	1	1	1	1	1	2	1	2	1	1	1	1	2	2
92500	-146.826431145278804	-145.464834991735074	-1.361596153543730	0.000109027641356	0.000065233014519	0.598316295827073	0.656409566813999	1	5	6	7	7	9	12	10	14	12	16	11	12	14	16	17	14	13	14	14	16	16	17	17	20	0	0	2	2	3	5	5	5	6	5	7	6	8	10	9	15	18	5	7	12	10	18	18	12	11	1	1	1	1	1	1	2	2	2	3	2	1	1	1	2	1	1	2	1	2	2	1	2	3	2
93000	-145.242540915542321	-143.719448507807556	-1.523092407734757	0.000091811769933	0.000025665728525	0.279547257867956	0.708985424329617	1	4	6	6	8	9	12	12	13	10	16	11	12	13	16	16	16	14	14	14	16	15	17	16	20	0	0	2	2	3	5	6	6	6	5	14	6	10	10	5	9	7	7	7	12	12	7	17	20	16	1	1	1	1	1	1	2	1	2	1	1	1	1	2	3	2	2	1	2	2	2	1	1	1	1
93500	-137.467077866072970	-136.076182143031275	-1.390895723041681	0.000056639611227	0.000023752737468	0.419366181254203	0.735543911345420	-1	4	6	6	7	9	11	11	14	12	16	13	13	15	17	16	15	14	14	15	16	16	17	17	20	0	0	2	2	3	5	6	6	7	5	19	7	8	10	14	9	7	7	10	12	12	7	17	22	10	1	1	1	1	1	2	1	1	1	2	1	1	1	3	1	1	2	1	1	1	1	4	1	1	4
94000	-130.576916858482150	-129.144161950784081	-1.432754907698083	0.000064165352612	0.000022757073694	0.354662957000698	0.698392089701602	0	4	5	7	7	10	12	9	14	11	14	12	11	14	15	16	15	14	14	16	15	14	17	17	20	0	0	2	2	3	5	6	5	7	2	12	6	8	7	7	9	18	7	12	12	12	7	17	21	16	1	1	1	2	1	2	1	1	1	2	1	1	1	1	1	1	1	1	1	1	1	1	1	1	2
94500	-151.632814139736070	-150.155778258866007	-1.477035880870068	0.000093236249188	0.000029079347159	0.311888856663918	0.660359902793589	-2	4	5	7	7	9	11	11	13	10	14	12	13	15	16	15	15	14	13	15	17	16	16	16	19	0	0	2	2	3	5	3	6	12	6	19	6	8	18	19	9	9	10	7	12	20	10	17	12	20	1	1	1	1	1	2	3	1	1	1	1	2	2	1	1	1	1	1	1	1	1	4	1	2	2
95000	-136.188159529925485	-134.537293155067061	-1.650866374858424	0.000067142380788	0.000014765413683	0.219911976756330	0.739688382831222	0	2	5	6	8	9	11	11	14	11	14	12	12	15	17	16	16	13	15	15	18	13	18	16	19	0	0	2	2	3	5	6	6	10	5	12	7	8	10	22	9	18	10	11	12	24	7	17	12	16	1	1	1	2	2	1	1	1	2	1	1	1	1	2	2	1	2	1	1	2	1	1	2	2	1
95500	-135.359860261254425	-133.704886441394478	-1.654973819859937	0.000089819470719	0.000019620133936	0.218439652100916	0.638305139267013	0	5	6	6	8	10	11	11	13	12	14	13	13	14	16	17	16	13	14	15	17	14	17	16	21	0	0	2	2	3	5	5	5	10	5	10	10	8	10	22	9	18	7	12	12	24	9	17	12	16	1	1	1	1	1	2	1	2	1	2	1	1	1	2	1	2	2	1	1	2	1	1	1	2	2
96000	-146.450630264778198	-145.084886544684679	-1.365743720093530	0.000089514624110	0.000045060745925	0.503389768686871	0.449177971249855	0	4	5	6	6	9	11	10	14	10	16	12	13	13	15	16	14	14	14	14	16	17	18	17	20	0	0	2	2	3	5	4	6	7	5	18	10	7	10	14	6	10	5	7	12	20	15	10	12	16	1	1	1	1	1	2	2	1	2	2	1	1	1	2	1	2	2	5	1	1	1	1	3	3	2
96500	-141.718241831963837	-140.325058947219787	-1.393182884744043	0.000068358456787	0.000053528897552	0.783061819529660	0.609615433581759	0	5	6	6	8	10	11	11	15	11	14	13	12	14	16	16	16	14	15	15	17	16	17	18	20	0	0	2	2	3	3	3	6	7	5	5	6	8	10	10	7	18	10	12	7	12	11	18	20	22	1	1	1	1	1	3	3	1	2	1	2	2	1	2	2	2	1	1	1	2	2	1	1	1	2
97000	-147.878784114958904	-146.146168325019971	-1.732615789938946	0.000066253978124	0.000012847073906	0.193906453161919	0.710811228214131	1	4	6	5	8	9	12	11	14	11	15	12	13	13	13	16	15	14	14	16	17	14	16	18	20	0	0	4	2	3	5	5	3	7	6	15	6	8	7	10	9	5	10	12	12	12	7	17	12	16	1	1	1	1	2	1	2	2	1	1	1	1	1	1	1	1	3	2	1	2	2	1	1	4	2
97500	-137.088094613649417	-135.685200964174271	-1.402893649475137	0.000102905293403	0.000040803148118	0.396511654251870	0.743911190074172	1	4	5	6	7	8	10	9	13	11	15	13	13	14	16	16	14	13	15	15	17	15	18	17	20	0	0	2	2	3	5	5	6	7	7	7	6	8	10	14	7	18	10	12	12	20	6	17	12	15	1	1	1	1	1	1	1	1	1	1	2	2	2	2	1	2	1	1	1	1	1	4	2	2	2
98000	-144.691563742137760	-143.250614013752454	-1.440949728385311	0.000074400723895	0.000025702754613	0.345463770610127	0.793660320675453	-1	5	6	7	8	10	12	11	13	12	15	13	13	15	16	17	14	14	13	15	18	17	17	18	19	0	0	2	2	3	5	6	6	5	6	19	5	8	18	9	18	10	10	6	12	19	15	17	12	22	1	1	1	1	1	1	1	1	2	1	1	3	1	1	1	1	1	1	2	1	4	1	3	2	1
98500	-134.086890596623959	-132.632742270189766	-1.454148326434206	0.000087739955036	0.000029132812299	0.332035869937596	0.861641866508696	-1	5	6	6	8	10	9	12	14	11	16	13	12	15	17	16	15	14	14	15	17	15	17	16	19	0	0	2	2	3	2	5	6	5	7	14	6	6	10	22	6	18	10	12	9	20	9	17	20	16	1	1	1	1	1	3	1	1	2	1	1	2	1	2	1	2	1	1	1	1	1	1	1	1	2
99000	-119.503052672938111	-118.142201180003099	-1.360851492935014	0.000087757797807	0.000049614981169	0.565362650482229	0.891165792452506	0	3	5	6	7	9	11	10	15	12	15	13	12	14	15	16	15	14	14	15	17	17	18	17	20	0	0	2	2	4	5	6	5	18	6	18	7	8	10	7	9	18	6	12	12	20	15	17	11	16	1	1	1	1	1	1	1	1	1	1	1	1	1	1	1	1	1	2	1	1	1	1	2	1	2
99500	-126.845376972887081	-125.450293811587031	-1.395083161300043	0.000095723820212	0.000039322847908	0.410794803432966	0.830010805460988	0	4	5	6	8	9	10	11	11	11	16	12	12	15	15	16	15	14	14	15	16	16	17	17	20	0	0	2	2	3	5	6	6	6	7	12	7	8	10	10	9	18	10	12	12	18	15	17	21	16	1	1	1	1	1	1	1	1	1	1	2	1	1	1	1	1	1	2	1	2	1	1	1	1	2
100000	-135.388935226295899	-134.014725998967094	-1.374209227328813	0.000106989552274	0.000049688423118	0.464423133496090	0.865287682458173	-1	5	6	6	7	9	9	9	14	12	15	12	11	15	17	17	16	14	14	16	17	16	18	17	19	0	0	2	2	3	5	5	5	7	7	12	6	8	10	22	11	18	10	12	12	12	11	17	12	16	1	1	1	1	1	1	1	1	3	1	2	1	1	2	1	1	2	1	1	2	2	1	1	1	1