step	p_accept_mu1	p_accept_gamma	p_accept_pi	p_accept_Tinf	sigma_mu1	sigma_gamma	sigma_pi	n_like_zero
1		1.00000	1.00000	1.00000	1.00000	0.000100000000000	1.000000000000000	0.010000000000000	0
500		1.00000	1.00000	1.00000	0.13243	0.000100000000000	1.000000000000000	0.010000000000000	0
1000		-nan	-nan	0.94600	0.14004	0.000150000000000	1.000000000000000	0.015000000000000	0
1500		-nan	-nan	0.90200	0.14915	0.000150000000000	1.000000000000000	0.022500000000000	0
2000		-nan	-nan	0.88800	0.15396	0.000150000000000	1.000000000000000	0.033750000000000	0
2500		-nan	-nan	0.86000	0.15374	0.000150000000000	1.000000000000000	0.050625000000000	0
3000		-nan	-nan	0.67800	0.15498	0.000150000000000	1.000000000000000	0.075937500000000	0
3500		-nan	-nan	0.59600	0.15448	0.000150000000000	1.000000000000000	0.113906250000000	0
4000		-nan	-nan	0.47800	0.15333	0.000150000000000	1.000000000000000	0.170859375000000	0
4500		-nan	-nan	0.47400	0.15304	0.000150000000000	1.000000000000000	0.170859375000000	0
5000		-nan	-nan	0.45867	0.15119	0.000150000000000	1.000000000000000	0.170859375000000	0
5500		-nan	-nan	0.45450	0.15015	0.000150000000000	1.000000000000000	0.170859375000000	0
6000		-nan	-nan	0.44480	0.14850	0.000150000000000	1.000000000000000	0.170859375000000	0
6500		-nan	-nan	0.43633	0.14651	0.000150000000000	1.000000000000000	0.170859375000000	0
7000		-nan	-nan	0.43457	0.14551	0.000150000000000	1.000000000000000	0.170859375000000	0
7500		-nan	-nan	0.42825	0.14519	0.000150000000000	1.000000000000000	0.170859375000000	0
8000		-nan	-nan	0.42711	0.14393	0.000150000000000	1.000000000000000	0.170859375000000	0
8500		-nan	-nan	0.42460	0.14328	0.000150000000000	1.000000000000000	0.170859375000000	0
9000		-nan	-nan	0.42636	0.14280	0.000150000000000	1.000000000000000	0.170859375000000	0
9500		-nan	-nan	0.42300	0.14238	0.000150000000000	1.000000000000000	0.170859375000000	0
10000		-nan	-nan	0.42446	0.14215	0.000150000000000	1.000000000000000	0.170859375000000	0
10500		-nan	-nan	0.42486	0.14238	0.000150000000000	1.000000000000000	0.170859375000000	0
11000		-nan	-nan	0.42453	0.14164	0.000150000000000	1.000000000000000	0.170859375000000	0
11500		-nan	-nan	0.42575	0.14101	0.000150000000000	1.000000000000000	0.170859375000000	0
12000		-nan	-nan	0.42541	0.14110	0.000150000000000	1.000000000000000	0.170859375000000	0
12500		-nan	-nan	0.42544	0.14092	0.000150000000000	1.000000000000000	0.170859375000000	0
13000		-nan	-nan	0.42589	0.14033	0.000150000000000	1.000000000000000	0.170859375000000	0
13500		-nan	-nan	0.42170	0.14010	0.000150000000000	1.000000000000000	0.170859375000000	0
14000		-nan	-nan	0.42238	0.14031	0.000150000000000	1.000000000000000	0.170859375000000	0
14500		-nan	-nan	0.42209	0.14017	0.000150000000000	1.000000000000000	0.170859375000000	0
15000		-nan	-nan	0.42165	0.14003	0.000150000000000	1.000000000000000	0.170859375000000	0
15500		-nan	-nan	0.41958	0.13999	0.000150000000000	1.000000000000000	0.170859375000000	0
16000		-nan	-nan	0.41856	0.13970	0.000150000000000	1.000000000000000	0.170859375000000	0
16500		-nan	-nan	0.41754	0.13945	0.000150000000000	1.000000000000000	0.170859375000000	0
17000		-nan	-nan	0.41689	0.13923	0.000150000000000	1.000000000000000	0.170859375000000	0
17500		-nan	-nan	0.41614	0.13933	0.000150000000000	1.000000000000000	0.170859375000000	0
18000		-nan	-nan	0.41531	0.13925	0.000150000000000	1.000000000000000	0.170859375000000	0
18500		-nan	-nan	0.41540	0.13891	0.000150000000000	1.000000000000000	0.170859375000000	0
19000		-nan	-nan	0.41484	0.13923	0.000150000000000	1.000000000000000	0.170859375000000	0
19500		-nan	-nan	0.41350	0.13912	0.000150000000000	1.000000000000000	0.170859375000000	0
20000		-nan	-nan	0.41236	0.13949	0.000150000000000	1.000000000000000	0.170859375000000	0
20500		-nan	-nan	0.41200	0.13949	0.000150000000000	1.000000000000000	0.170859375000000	0
21000		-nan	-nan	0.41171	0.13895	0.000150000000000	1.000000000000000	0.170859375000000	0
21500		-nan	-nan	0.41200	0.13881	0.000150000000000	1.000000000000000	0.170859375000000	0
22000		-nan	-nan	0.41184	0.13856	0.000150000000000	1.000000000000000	0.170859375000000	0
22500		-nan	-nan	0.41205	0.13832	0.000150000000000	1.000000000000000	0.170859375000000	0
23000		-nan	-nan	0.41118	0.13811	0.000150000000000	1.000000000000000	0.170859375000000	0
23500		-nan	-nan	0.41120	0.13789	0.000150000000000	1.000000000000000	0.170859375000000	0
24000		-nan	-nan	0.41020	0.13758	0.000150000000000	1.000000000000000	0.170859375000000	0
24500		-nan	-nan	0.41081	0.13745	0.000150000000000	1.000000000000000	0.170859375000000	0
25000		-nan	-nan	0.41149	0.13720	0.000150000000000	1.000000000000000	0.170859375000000	0
25500		-nan	-nan	0.41232	0.13735	0.000150000000000	1.000000000000000	0.170859375000000	0
26000		-nan	-nan	0.41262	0.13740	0.000150000000000	1.000000000000000	0.170859375000000	0
26500		-nan	-nan	0.41300	0.13746	0.000150000000000	1.000000000000000	0.170859375000000	0
27000		-nan	-nan	0.41247	0.13707	0.000150000000000	1.000000000000000	0.170859375000000	0
27500		-nan	-nan	0.41279	0.13679	0.000150000000000	1.000000000000000	0.170859375000000	0
28000		-nan	-nan	0.41257	0.13658	0.000150000000000	1.000000000000000	0.170859375000000	0
28500		-nan	-nan	0.41152	0.13654	0.000150000000000	1.000000000000000	0.170859375000000	0
29000		-nan	-nan	0.41141	0.13639	0.000150000000000	1.000000000000000	0.170859375000000	0
29500		-nan	-nan	0.41142	0.13615	0.000150000000000	1.000000000000000	0.170859375000000	0
30000		-nan	-nan	0.41109	0.13594	0.000150000000000	1.000000000000000	0.170859375000000	0
30500		-nan	-nan	0.41152	0.13588	0.000150000000000	1.000000000000000	0.170859375000000	0
31000		-nan	-nan	0.41160	0.13585	0.000150000000000	1.000000000000000	0.170859375000000	0
31500		-nan	-nan	0.41096	0.13580	0.000150000000000	1.000000000000000	0.170859375000000	0
32000		-nan	-nan	0.41091	0.13575	0.000150000000000	1.000000000000000	0.170859375000000	0
32500		-nan	-nan	0.41045	0.13544	0.000150000000000	1.000000000000000	0.170859375000000	0
33000		-nan	-nan	0.41058	0.13553	0.000150000000000	1.000000000000000	0.170859375000000	0
33500		-nan	-nan	0.41007	0.13567	0.000150000000000	1.000000000000000	0.170859375000000	0
34000		-nan	-nan	0.40987	0.13567	0.000150000000000	1.000000000000000	0.170859375000000	0
34500		-nan	-nan	0.41032	0.13566	0.000150000000000	1.000000000000000	0.170859375000000	0
35000		-nan	-nan	0.41057	0.13560	0.000150000000000	1.000000000000000	0.170859375000000	0
35500		-nan	-nan	0.41059	0.13562	0.000150000000000	1.000000000000000	0.170859375000000	0
36000		-nan	-nan	0.41003	0.13545	0.000150000000000	1.000000000000000	0.170859375000000	0
36500		-nan	-nan	0.41024	0.13553	0.000150000000000	1.000000000000000	0.170859375000000	0
37000		-nan	-nan	0.41036	0.13550	0.000150000000000	1.000000000000000	0.170859375000000	0
37500		-nan	-nan	0.41015	0.13537	0.000150000000000	1.000000000000000	0.170859375000000	0
38000		-nan	-nan	0.41061	0.13538	0.000150000000000	1.000000000000000	0.170859375000000	0
38500		-nan	-nan	0.41066	0.13526	0.000150000000000	1.000000000000000	0.170859375000000	0
39000		-nan	-nan	0.41045	0.13528	0.000150000000000	1.000000000000000	0.170859375000000	0
39500		-nan	-nan	0.41022	0.13514	0.000150000000000	1.000000000000000	0.170859375000000	0
40000		-nan	-nan	0.40981	0.13510	0.000150000000000	1.000000000000000	0.170859375000000	0
40500		-nan	-nan	0.40954	0.13513	0.000150000000000	1.000000000000000	0.170859375000000	0
41000		-nan	-nan	0.40949	0.13508	0.000150000000000	1.000000000000000	0.170859375000000	0
41500		-nan	-nan	0.40911	0.13516	0.000150000000000	1.000000000000000	0.170859375000000	0
42000		-nan	-nan	0.40901	0.13509	0.000150000000000	1.000000000000000	0.170859375000000	0
42500		-nan	-nan	0.40918	0.13515	0.000150000000000	1.000000000000000	0.170859375000000	0
43000		-nan	-nan	0.40952	0.13521	0.000150000000000	1.000000000000000	0.170859375000000	0
43500		-nan	-nan	0.40892	0.13530	0.000150000000000	1.000000000000000	0.170859375000000	0
44000		-nan	-nan	0.40938	0.13519	0.000150000000000	1.000000000000000	0.170859375000000	0
44500		-nan	-nan	0.40939	0.13518	0.000150000000000	1.000000000000000	0.170859375000000	0
45000		-nan	-nan	0.40988	0.13511	0.000150000000000	1.000000000000000	0.170859375000000	0
45500		-nan	-nan	0.41002	0.13507	0.000150000000000	1.000000000000000	0.170859375000000	0
46000		-nan	-nan	0.40993	0.13500	0.000150000000000	1.000000000000000	0.170859375000000	0
46500		-nan	-nan	0.40995	0.13488	0.000150000000000	1.000000000000000	0.170859375000000	0
47000		-nan	-nan	0.40984	0.13482	0.000150000000000	1.000000000000000	0.170859375000000	0
47500		-nan	-nan	0.40989	0.13480	0.000150000000000	1.000000000000000	0.170859375000000	0
48000		-nan	-nan	0.41007	0.13485	0.000150000000000	1.000000000000000	0.170859375000000	0
48500		-nan	-nan	0.41000	0.13465	0.000150000000000	1.000000000000000	0.170859375000000	0
49000		-nan	-nan	0.40987	0.13448	0.000150000000000	1.000000000000000	0.170859375000000	0
49500		-nan	-nan	0.40967	0.13433	0.000150000000000	1.000000000000000	0.170859375000000	0
50000		-nan	-nan	0.40931	0.13433	0.000150000000000	1.000000000000000	0.170859375000000	0
50500		-nan	-nan	0.40919	0.13432	0.000150000000000	1.000000000000000	0.170859375000000	0
51000		-nan	-nan	0.40897	0.13413	0.000150000000000	1.000000000000000	0.170859375000000	0
51500		-nan	-nan	0.40937	0.13421	0.000150000000000	1.000000000000000	0.170859375000000	0
52000		-nan	-nan	0.40936	0.13422	0.000150000000000	1.000000000000000	0.170859375000000	0
52500		-nan	-nan	0.40953	0.13430	0.000150000000000	1.000000000000000	0.170859375000000	0
53000		-nan	-nan	0.40943	0.13421	0.000150000000000	1.000000000000000	0.170859375000000	0
53500		-nan	-nan	0.40970	0.13421	0.000150000000000	1.000000000000000	0.170859375000000	0
54000		-nan	-nan	0.40935	0.13431	0.000150000000000	1.000000000000000	0.170859375000000	0
54500		-nan	-nan	0.40945	0.13418	0.000150000000000	1.000000000000000	0.170859375000000	0
55000		-nan	-nan	0.40948	0.13418	0.000150000000000	1.000000000000000	0.170859375000000	0
55500		-nan	-nan	0.40925	0.13425	0.000150000000000	1.000000000000000	0.170859375000000	0
56000		-nan	-nan	0.40935	0.13408	0.000150000000000	1.000000000000000	0.170859375000000	0
56500		-nan	-nan	0.40900	0.13399	0.000150000000000	1.000000000000000	0.170859375000000	0
57000		-nan	-nan	0.40908	0.13390	0.000150000000000	1.000000000000000	0.170859375000000	0
57500		-nan	-nan	0.40894	0.13378	0.000150000000000	1.000000000000000	0.170859375000000	0
58000		-nan	-nan	0.40873	0.13386	0.000150000000000	1.000000000000000	0.170859375000000	0
58500		-nan	-nan	0.40884	0.13379	0.000150000000000	1.000000000000000	0.170859375000000	0
59000		-nan	-nan	0.40890	0.13391	0.000150000000000	1.000000000000000	0.170859375000000	0
59500		-nan	-nan	0.40909	0.13388	0.000150000000000	1.000000000000000	0.170859375000000	0
60000		-nan	-nan	0.40883	0.13395	0.000150000000000	1.000000000000000	0.170859375000000	0
60500		-nan	-nan	0.40872	0.13384	0.000150000000000	1.000000000000000	0.170859375000000	0
61000		-nan	-nan	0.40875	0.13371	0.000150000000000	1.000000000000000	0.170859375000000	0
61500		-nan	-nan	0.40891	0.13363	0.000150000000000	1.000000000000000	0.170859375000000	0
62000		-nan	-nan	0.40860	0.13356	0.000150000000000	1.000000000000000	0.170859375000000	0
62500		-nan	-nan	0.40866	0.13345	0.000150000000000	1.000000000000000	0.170859375000000	0
63000		-nan	-nan	0.40881	0.13342	0.000150000000000	1.000000000000000	0.170859375000000	0
63500		-nan	-nan	0.40887	0.13348	0.000150000000000	1.000000000000000	0.170859375000000	0
64000		-nan	-nan	0.40863	0.13335	0.000150000000000	1.000000000000000	0.170859375000000	0
64500		-nan	-nan	0.40851	0.13324	0.000150000000000	1.000000000000000	0.170859375000000	0
65000		-nan	-nan	0.40850	0.13310	0.000150000000000	1.000000000000000	0.170859375000000	0
65500		-nan	-nan	0.40863	0.13296	0.000150000000000	1.000000000000000	0.170859375000000	0
66000		-nan	-nan	0.40867	0.13285	0.000150000000000	1.000000000000000	0.170859375000000	0
66500		-nan	-nan	0.40844	0.13285	0.000150000000000	1.000000000000000	0.170859375000000	0
67000		-nan	-nan	0.40841	0.13300	0.000150000000000	1.000000000000000	0.170859375000000	0
67500		-nan	-nan	0.40847	0.13306	0.000150000000000	1.000000000000000	0.170859375000000	0
68000		-nan	-nan	0.40843	0.13313	0.000150000000000	1.000000000000000	0.170859375000000	0
68500		-nan	-nan	0.40866	0.13312	0.000150000000000	1.000000000000000	0.170859375000000	0
69000		-nan	-nan	0.40838	0.13310	0.000150000000000	1.000000000000000	0.170859375000000	0
69500		-nan	-nan	0.40868	0.13317	0.000150000000000	1.000000000000000	0.170859375000000	0
70000		-nan	-nan	0.40908	0.13316	0.000150000000000	1.000000000000000	0.170859375000000	0
70500		-nan	-nan	0.40893	0.13309	0.000150000000000	1.000000000000000	0.170859375000000	0
71000		-nan	-nan	0.40865	0.13313	0.000150000000000	1.000000000000000	0.170859375000000	0
71500		-nan	-nan	0.40854	0.13307	0.000150000000000	1.000000000000000	0.170859375000000	0
72000		-nan	-nan	0.40872	0.13292	0.000150000000000	1.000000000000000	0.170859375000000	0
72500		-nan	-nan	0.40859	0.13291	0.000150000000000	1.000000000000000	0.170859375000000	0
73000		-nan	-nan	0.40843	0.13285	0.000150000000000	1.000000000000000	0.170859375000000	0
73500		-nan	-nan	0.40864	0.13274	0.000150000000000	1.000000000000000	0.170859375000000	0
74000		-nan	-nan	0.40896	0.13268	0.000150000000000	1.000000000000000	0.170859375000000	0
74500		-nan	-nan	0.40885	0.13271	0.000150000000000	1.000000000000000	0.170859375000000	0
75000		-nan	-nan	0.40880	0.13278	0.000150000000000	1.000000000000000	0.170859375000000	0
75500		-nan	-nan	0.40889	0.13279	0.000150000000000	1.000000000000000	0.170859375000000	0
76000		-nan	-nan	0.40891	0.13278	0.000150000000000	1.000000000000000	0.170859375000000	0
76500		-nan	-nan	0.40899	0.13276	0.000150000000000	1.000000000000000	0.170859375000000	0
77000		-nan	-nan	0.40912	0.13264	0.000150000000000	1.000000000000000	0.170859375000000	0
77500		-nan	-nan	0.40901	0.13252	0.000150000000000	1.000000000000000	0.170859375000000	0
78000		-nan	-nan	0.40925	0.13249	0.000150000000000	1.000000000000000	0.170859375000000	0
78500		-nan	-nan	0.40921	0.13247	0.000150000000000	1.000000000000000	0.170859375000000	0
79000		-nan	-nan	0.40898	0.13245	0.000150000000000	1.000000000000000	0.170859375000000	0
79500		-nan	-nan	0.40886	0.13246	0.000150000000000	1.000000000000000	0.170859375000000	0
80000		-nan	-nan	0.40888	0.13243	0.000150000000000	1.000000000000000	0.170859375000000	0
80500		-nan	-nan	0.40866	0.13246	0.000150000000000	1.000000000000000	0.170859375000000	0
81000		-nan	-nan	0.40853	0.13239	0.000150000000000	1.000000000000000	0.170859375000000	0
81500		-nan	-nan	0.40859	0.13244	0.000150000000000	1.000000000000000	0.170859375000000	0
82000		-nan	-nan	0.40838	0.13242	0.000150000000000	1.000000000000000	0.170859375000000	0
82500		-nan	-nan	0.40839	0.13245	0.000150000000000	1.000000000000000	0.170859375000000	0
83000		-nan	-nan	0.40826	0.13244	0.000150000000000	1.000000000000000	0.170859375000000	0
83500		-nan	-nan	0.40792	0.13246	0.000150000000000	1.000000000000000	0.170859375000000	0
84000		-nan	-nan	0.40814	0.13245	0.000150000000000	1.000000000000000	0.170859375000000	0
84500		-nan	-nan	0.40831	0.13242	0.000150000000000	1.000000000000000	0.170859375000000	0
85000		-nan	-nan	0.40833	0.13242	0.000150000000000	1.000000000000000	0.170859375000000	0
85500		-nan	-nan	0.40826	0.13240	0.000150000000000	1.000000000000000	0.170859375000000	0
86000		-nan	-nan	0.40834	0.13244	0.000150000000000	1.000000000000000	0.170859375000000	0
86500		-nan	-nan	0.40847	0.13252	0.000150000000000	1.000000000000000	0.170859375000000	0
87000		-nan	-nan	0.40842	0.13245	0.000150000000000	1.000000000000000	0.170859375000000	0
87500		-nan	-nan	0.40867	0.13239	0.000150000000000	1.000000000000000	0.170859375000000	0
88000		-nan	-nan	0.40880	0.13245	0.000150000000000	1.000000000000000	0.170859375000000	0
88500		-nan	-nan	0.40881	0.13246	0.000150000000000	1.000000000000000	0.170859375000000	0
89000		-nan	-nan	0.40869	0.13245	0.000150000000000	1.000000000000000	0.170859375000000	0
89500		-nan	-nan	0.40850	0.13241	0.000150000000000	1.000000000000000	0.170859375000000	0
90000		-nan	-nan	0.40861	0.13246	0.000150000000000	1.000000000000000	0.170859375000000	0
90500		-nan	-nan	0.40864	0.13251	0.000150000000000	1.000000000000000	0.170859375000000	0
91000		-nan	-nan	0.40867	0.13249	0.000150000000000	1.000000000000000	0.170859375000000	0
91500		-nan	-nan	0.40884	0.13252	0.000150000000000	1.000000000000000	0.170859375000000	0
92000		-nan	-nan	0.40898	0.13250	0.000150000000000	1.000000000000000	0.170859375000000	0
92500		-nan	-nan	0.40913	0.13255	0.000150000000000	1.000000000000000	0.170859375000000	0
93000		-nan	-nan	0.40917	0.13253	0.000150000000000	1.000000000000000	0.170859375000000	0
93500		-nan	-nan	0.40911	0.13244	0.000150000000000	1.000000000000000	0.170859375000000	0
94000		-nan	-nan	0.40901	0.13242	0.000150000000000	1.000000000000000	0.170859375000000	0
94500		-nan	-nan	0.40888	0.13241	0.000150000000000	1.000000000000000	0.170859375000000	0
95000		-nan	-nan	0.40886	0.13234	0.000150000000000	1.000000000000000	0.170859375000000	0
95500		-nan	-nan	0.40891	0.13230	0.000150000000000	1.000000000000000	0.170859375000000	0
96000		-nan	-nan	0.40916	0.13226	0.000150000000000	1.000000000000000	0.170859375000000	0
96500		-nan	-nan	0.40928	0.13226	0.000150000000000	1.000000000000000	0.170859375000000	0
97000		-nan	-nan	0.40920	0.13226	0.000150000000000	1.000000000000000	0.170859375000000	0
97500		-nan	-nan	0.40909	0.13220	0.000150000000000	1.000000000000000	0.170859375000000	0
98000		-nan	-nan	0.40896	0.13218	0.000150000000000	1.000000000000000	0.170859375000000	0
98500		-nan	-nan	0.40868	0.13219	0.000150000000000	1.000000000000000	0.170859375000000	0
99000		-nan	-nan	0.40884	0.13218	0.000150000000000	1.000000000000000	0.170859375000000	0
99500		-nan	-nan	0.40898	0.13218	0.000150000000000	1.000000000000000	0.170859375000000	0
100000		-nan	-nan	0.40897	0.13213	0.000150000000000	1.000000000000000	0.170859375000000	0