step	post	like	prior	mu1	mu2	gamma	pi	Tinf_1	Tinf_2	Tinf_3	Tinf_4	Tinf_5	Tinf_6	Tinf_7	Tinf_8	Tinf_9	Tinf_10	Tinf_11	Tinf_12	Tinf_13	Tinf_14	Tinf_15	Tinf_16	Tinf_17	Tinf_18	Tinf_19	Tinf_20	Tinf_21	Tinf_22	Tinf_23	Tinf_24	Tinf_25	Tinf_26	Tinf_27	Tinf_28	Tinf_29	Tinf_30	Tinf_31	Tinf_32	Tinf_33	Tinf_34	Tinf_35	Tinf_36	Tinf_37	Tinf_38	Tinf_39	Tinf_40	alpha_1	alpha_2	alpha_3	alpha_4	alpha_5	alpha_6	alpha_7	alpha_8	alpha_9	alpha_10	alpha_11	alpha_12	alpha_13	alpha_14	alpha_15	alpha_16	alpha_17	alpha_18	alpha_19	alpha_20	alpha_21	alpha_22	alpha_23	alpha_24	alpha_25	alpha_26	alpha_27	alpha_28	alpha_29	alpha_30	alpha_31	alpha_32	alpha_33	alpha_34	alpha_35	alpha_36	alpha_37	alpha_38	alpha_39	alpha_40	kappa_1	kappa_2	kappa_3	kappa_4	kappa_5	kappa_6	kappa_7	kappa_8	kappa_9	kappa_10	kappa_11	kappa_12	kappa_13	kappa_14	kappa_15	kappa_16	kappa_17	kappa_18	kappa_19	kappa_20	kappa_21	kappa_22	kappa_23	kappa_24	kappa_25	kappa_26	kappa_27	kappa_28	kappa_29	kappa_30	kappa_31	kappa_32	kappa_33	kappa_34	kappa_35	kappa_36	kappa_37	kappa_38	kappa_39	kappa_40
1	-849.660390243858046	-848.198308159339149	-1.462082084518882	0.000010000000000	0.000010000000000	1.000000000000000	0.167626867678450	0	2	4	4	6	6	6	6	7	7	8	9	9	10	10	12	12	11	10	10	10	11	12	15	14	15	14	13	14	14	14	14	15	18	18	17	17	18	18	19	0	1	1	1	1	1	1	1	1	1	1	1	1	1	1	1	1	1	1	1	1	1	1	1	1	1	1	1	1	1	1	1	1	1	1	1	1	1	1	1	1	1	2	2	3	3	3	3	4	4	4	5	5	5	5	6	6	6	5	5	5	6	6	8	7	8	7	7	7	7	7	7	8	9	9	9	9	9	9	10
500	-271.060914725447958	-268.929889281860255	-2.131025443587680	0.000010014457891	0.000026921730827	2.688286387610848	0.307717008465410	-2	2	4	5	6	6	6	6	8	8	8	9	8	10	10	13	13	11	10	10	10	12	12	16	15	15	13	14	14	14	15	13	15	19	18	18	17	17	19	19	0	1	2	2	2	2	3	3	5	8	5	9	5	9	10	15	5	13	9	10	11	14	15	25	28	20	10	22	18	23	23	10	30	35	23	38	27	33	10	38	1	3	2	2	1	2	2	1	2	1	2	1	1	1	1	2	4	2	1	1	1	1	1	1	1	2	2	1	2	1	2	4	1	1	5	1	2	1	7	1
1000	-239.265509926926285	-237.086073246261833	-2.179436680664455	0.000010022710375	0.000028269175350	2.820512046483211	0.671839851716144	0	1	3	4	5	5	6	6	7	8	9	10	8	10	10	12	11	11	10	11	10	12	11	15	15	14	14	14	14	13	15	14	16	17	18	17	16	19	18	19	0	1	2	2	2	2	3	3	5	7	5	9	9	9	10	7	11	13	13	10	13	14	10	9	12	20	10	22	11	23	23	15	30	30	23	33	29	31	34	35	1	1	1	2	2	2	2	1	1	1	2	1	1	2	2	3	1	2	1	2	1	1	1	4	2	1	3	2	4	1	2	2	2	2	5	1	1	2	1	1
1500	-234.564788567753396	-232.848473263098469	-1.716315304654919	0.000010096618439	0.000016505371668	1.634742539683113	0.644392724390596	0	2	4	5	4	6	6	7	6	8	9	9	7	10	10	12	12	11	10	9	7	11	12	15	15	14	14	12	14	14	14	14	16	18	18	16	17	18	19	18	0	1	2	2	2	2	3	7	5	3	5	9	9	9	10	15	11	13	13	10	4	14	10	28	23	20	8	22	28	23	23	16	30	30	23	30	24	33	34	36	1	1	1	1	1	2	1	1	1	1	1	1	1	2	1	1	2	2	2	1	1	1	4	1	1	2	3	1	1	1	2	1	1	2	2	1	1	1	1	2
2000	-233.344503050381746	-231.227045013184636	-2.117458037197107	0.000010214913426	0.000027086286221	2.651641290812186	0.543444621640040	0	2	5	4	6	6	6	7	7	7	8	9	9	10	9	12	12	11	10	11	11	11	13	12	15	16	15	13	14	14	14	14	16	16	18	18	17	18	18	18	0	1	2	2	2	2	3	7	5	7	5	9	9	9	10	15	11	13	13	10	15	14	16	22	28	6	10	22	22	23	23	16	30	30	23	33	33	33	33	30	1	2	2	1	2	2	1	1	1	1	1	1	1	1	1	2	2	1	1	1	1	1	1	1	1	2	4	1	1	1	1	1	2	1	3	2	1	1	1	3
2500	-212.044588198208203	-210.051485122613514	-1.993103075594698	0.000010245634302	0.000023807481683	2.323670841857870	0.750119888440468	1	3	4	4	5	6	6	6	7	8	8	10	9	11	10	12	13	12	10	10	11	10	13	16	14	15	14	12	15	15	14	15	16	19	17	17	17	19	18	17	0	1	2	2	2	2	3	3	5	7	5	9	9	9	10	10	11	19	13	8	10	9	21	29	18	21	16	22	28	23	23	27	30	30	23	30	30	40	37	30	1	2	1	1	1	1	1	2	1	1	2	1	2	1	1	2	2	1	1	2	1	2	1	1	1	2	1	1	1	1	1	1	1	1	2	1	1	1	1	1
3000	-213.439609726515300	-211.359539489987469	-2.080070236527840	0.000010274012668	0.000026214792833	2.551563218738357	0.788874258946186	0	2	4	5	5	6	6	6	7	7	8	10	9	9	10	12	13	12	11	10	9	11	12	13	14	15	14	12	14	15	13	15	16	17	18	17	17	19	19	19	0	1	2	2	2	2	3	3	5	7	5	9	5	9	10	15	11	13	13	10	6	14	15	19	16	16	16	22	10	23	23	16	30	30	23	30	30	37	37	37	1	1	1	1	1	2	2	2	1	1	1	1	2	1	1	1	2	1	1	1	1	1	1	1	1	1	1	1	2	1	1	2	1	1	3	1	1	1	1	1
3500	-203.489004437567019	-201.477848590950174	-2.011155846616841	0.000010595363370	0.000025115637807	2.370436664655803	0.839283690616034	-1	2	5	4	6	6	6	6	7	7	8	9	8	10	10	12	12	12	10	11	10	11	12	15	14	13	15	12	14	13	14	13	15	17	18	16	17	18	17	19	0	1	2	2	2	2	3	3	5	3	5	5	9	9	10	10	11	13	13	15	11	14	15	32	17	15	32	22	16	23	23	15	30	33	23	30	33	36	30	37	1	1	2	1	2	1	1	1	1	1	1	2	1	1	2	2	2	2	1	1	1	1	1	1	1	1	1	1	1	1	1	2	1	1	3	1	1	1	2	1
4000	-207.920484304709277	-206.172688759045315	-1.747795545663948	0.000010751072557	0.000018396666474	1.711147085709875	0.655443631188462	0	2	4	4	6	6	6	6	7	7	8	10	8	9	9	13	11	11	10	11	11	11	12	15	15	15	13	13	14	14	13	14	15	18	19	16	17	16	18	19	0	1	2	2	2	2	3	3	5	3	5	9	9	9	10	15	11	13	13	15	11	14	10	16	30	20	20	22	15	23	23	27	30	25	29	30	32	32	25	33	1	1	1	1	2	2	1	1	1	2	1	2	1	1	1	2	2	1	2	1	1	1	2	1	1	2	1	1	2	1	1	1	1	1	1	1	1	1	2	2
4500	-242.066810391630469	-239.909444223809288	-2.157366167821188	0.000010968669245	0.000030272902670	2.759943069924906	0.847038595876056	0	2	4	4	6	6	7	6	7	8	9	10	9	10	11	12	12	11	11	11	10	11	13	15	15	16	13	14	14	14	15	14	16	18	17	17	18	16	17	17	0	1	2	2	2	2	3	3	5	7	5	9	9	9	21	21	11	13	13	21	10	21	16	28	29	15	10	22	15	23	23	27	30	33	23	30	35	27	33	33	1	1	1	1	2	2	1	1	1	1	2	2	1	1	1	1	3	1	1	1	1	1	1	1	1	2	2	2	2	1	1	1	2	1	3	2	1	1	1	1
5000	-221.248601062933261	-219.311992969414888	-1.936608093518378	0.000011899464158	0.000025929291286	2.179030159868210	0.501360962495060	-1	2	4	4	6	5	6	6	7	8	8	10	9	10	10	12	12	12	10	10	10	12	12	16	14	14	14	13	14	14	15	15	16	17	18	17	17	18	19	19	0	1	2	2	2	2	3	3	5	7	5	9	5	9	10	10	11	13	13	10	13	14	10	26	21	16	16	22	22	23	23	20	30	30	23	30	29	28	33	33	1	1	1	1	2	1	2	1	1	1	2	2	2	2	1	2	2	2	1	1	1	1	2	1	3	1	2	1	1	1	2	2	1	2	2	2	2	2	1	2
5500	-276.755034299993667	-275.116123056133290	-1.638911243860353	0.000017348644776	0.000025108706997	1.447300773133877	0.666400165569820	-1	2	4	3	4	4	6	6	6	8	9	8	9	10	10	12	12	10	11	10	10	11	12	16	15	15	12	13	14	13	14	14	16	18	18	16	16	17	18	20	0	1	2	2	2	2	3	3	5	7	5	9	9	9	10	10	11	13	13	10	12	14	10	29	28	16	15	22	16	23	23	27	30	30	23	30	19	37	25	37	1	2	1	1	1	1	1	1	1	1	2	1	2	2	2	2	2	1	2	1	1	1	2	1	1	2	1	1	1	1	2	1	2	2	3	2	2	1	1	2
6000	-219.181246509434573	-217.807248101723616	-1.373998407710948	0.000025547158730	0.000017829739433	0.697914770919927	0.557295902661499	1	2	4	5	6	6	6	6	7	8	8	9	8	11	10	12	12	10	10	10	11	12	12	15	15	14	13	13	15	13	14	15	15	18	17	17	17	18	19	19	0	1	2	2	2	1	2	3	5	7	5	5	9	12	10	2	11	13	13	7	12	21	15	23	16	16	15	22	27	15	23	16	30	33	23	30	28	36	34	35	1	1	1	1	2	3	3	2	1	1	1	2	1	1	1	4	2	1	1	2	1	1	1	1	2	1	1	1	2	2	1	2	1	1	2	2	3	1	1	1
6500	-199.438933013831530	-198.045455690566172	-1.393477323265364	0.000048967300067	0.000038399819041	0.784193104146634	0.892498351532161	1	3	4	5	6	5	7	6	7	8	8	10	9	8	9	12	13	12	11	10	10	12	12	16	15	16	13	14	14	14	13	15	16	18	18	17	17	17	18	19	0	1	2	2	2	2	3	3	5	8	5	9	9	9	10	10	11	13	13	10	14	21	15	27	30	29	16	22	18	23	23	15	30	36	33	31	28	27	30	33	1	1	1	1	1	1	1	1	1	1	1	1	1	1	1	2	2	1	1	1	1	1	1	1	1	1	1	1	1	2	1	3	1	1	1	2	1	1	2	1
7000	-213.063696721450299	-211.701060299508043	-1.362636421942261	0.000075099138844	0.000039694743894	0.528564568175872	0.551331281432377	0	2	4	4	6	5	7	6	7	7	8	9	9	10	9	12	12	11	11	11	10	11	10	16	15	16	13	14	14	14	14	14	16	18	18	17	17	18	19	19	0	1	2	2	2	2	8	3	5	3	5	9	9	9	10	15	11	13	13	10	9	14	15	25	31	30	16	14	19	10	20	20	32	33	25	33	31	13	30	33	1	1	1	1	1	1	1	1	1	1	1	1	2	2	2	2	2	1	1	2	2	1	1	1	1	1	1	2	3	3	2	2	2	1	1	1	1	4	2	1
7500	-200.128769288085067	-198.110646026785957	-2.018123261299110	0.000133845356332	0.000018192230455	0.135919773037486	0.757974419291607	0	2	3	4	5	6	6	7	7	7	8	9	9	9	11	12	12	12	11	10	9	11	12	15	15	15	15	12	14	15	15	13	16	18	16	14	17	18	18	17	0	1	2	2	2	2	3	7	5	3	5	9	9	9	10	8	11	13	13	10	7	14	21	28	23	21	16	22	20	36	32	10	36	33	32	15	29	33	33	36	1	1	1	1	1	2	1	1	1	2	1	1	1	1	2	3	2	1	1	2	1	1	2	1	1	3	1	1	2	1	1	2	1	1	1	1	1	1	1	1
8000	-203.598993289375244	-202.182335932930584	-1.416657356444674	0.000089743922432	0.000033675933071	0.375244720287228	0.785311521095062	0	2	3	4	6	7	5	6	8	8	8	8	9	11	10	12	12	11	11	10	10	10	12	14	14	13	14	13	13	14	15	14	16	18	18	16	16	17	18	18	0	1	2	2	2	7	3	3	5	8	5	5	9	13	7	10	11	13	5	10	5	12	21	14	17	21	16	22	21	23	23	21	30	30	31	30	26	33	37	37	1	1	1	1	2	1	1	1	2	1	1	1	1	1	2	2	2	1	2	1	2	1	1	1	1	1	1	2	2	1	1	2	1	1	1	1	1	1	1	1
8500	-197.214558497725278	-195.825980733500245	-1.388577764225030	0.000081752526030	0.000034699981652	0.424451492045520	0.778341803883200	1	2	4	4	5	5	6	6	7	7	7	9	9	9	11	10	12	11	10	11	10	11	13	15	12	14	12	13	15	14	13	13	16	16	18	16	17	18	18	20	0	1	2	2	2	2	3	3	5	7	5	9	5	9	16	10	11	9	9	10	11	14	15	32	19	15	10	22	30	27	20	16	30	16	29	30	33	34	34	39	1	1	1	1	1	2	1	1	1	1	1	1	2	1	1	2	2	2	1	2	2	1	1	1	1	2	2	1	1	1	1	1	1	3	1	1	1	2	2	1
9000	-246.044399213961384	-244.620371741892711	-1.424027472068669	0.000108280875778	0.000039560654422	0.365352183735372	0.578385536302454	0	2	5	4	7	5	6	7	7	8	9	9	9	11	10	13	12	11	11	10	10	9	12	16	14	15	14	14	13	14	14	14	16	16	17	18	16	16	19	20	0	1	4	1	2	2	4	3	4	7	5	5	9	13	10	7	11	9	13	10	5	5	10	31	20	31	10	12	14	23	10	8	16	23	23	31	16	28	37	31	1	1	1	4	2	1	2	2	2	1	1	1	1	1	1	4	2	3	1	1	1	1	1	1	3	1	4	2	1	2	3	4	1	2	2	3	1	1	3	2
9500	-204.386923270544656	-202.889139205790656	-1.497784064754007	0.000100475245217	0.000029761435535	0.296206647421640	0.769829150107767	0	2	4	3	6	6	5	6	8	8	9	9	10	10	11	11	12	11	10	10	10	11	13	16	14	15	14	14	15	14	14	15	16	19	18	16	18	18	17	19	0	1	2	2	3	2	3	7	5	7	5	9	9	9	20	10	11	5	9	10	8	5	15	28	12	20	21	22	21	23	10	23	30	39	23	30	11	39	30	33	1	1	1	1	1	1	1	1	1	1	1	1	2	1	1	1	2	3	2	1	2	2	1	1	2	2	1	1	2	1	3	1	1	1	2	1	3	1	1	1
10000	-214.164924768805122	-212.785662587306689	-1.379262181498424	0.000061458043379	0.000044515717574	0.724326957502629	0.541432942442237	-2	1	4	3	6	7	6	6	7	6	9	9	8	10	10	12	11	11	11	10	10	11	12	15	14	15	15	12	13	15	15	14	14	18	18	17	18	17	19	19	0	1	2	1	2	4	3	3	5	3	5	9	5	9	8	3	21	13	13	10	11	14	15	29	19	29	20	14	23	29	16	16	23	30	16	30	27	16	34	35	1	1	1	2	2	2	1	2	1	1	2	2	1	2	2	4	1	2	1	1	1	1	1	1	1	1	2	1	1	1	2	1	1	1	4	1	1	2	1	1
10500	-210.105084972664343	-208.632841158379392	-1.472243814284951	0.000106560581089	0.000033654992540	0.315829664182156	0.664530474591732	0	2	3	4	6	6	6	5	7	7	8	8	9	9	10	12	12	11	10	9	11	11	12	14	13	15	15	13	14	15	14	15	16	16	18	17	16	17	19	19	0	1	2	2	4	4	4	3	5	3	9	5	9	9	8	20	11	13	9	4	6	14	10	23	22	16	21	21	18	23	16	24	30	24	36	23	26	23	33	36	1	1	1	1	1	1	1	1	1	2	1	1	1	1	3	1	2	1	1	2	2	2	2	2	1	2	2	1	1	1	1	1	1	1	1	2	1	3	2	1
11000	-207.500281425531881	-206.133943957999946	-1.366337467531943	0.000076187851990	0.000049494783188	0.649641404702762	0.767880428401897	0	2	5	3	6	6	7	6	8	8	8	8	9	10	10	12	13	11	11	11	10	12	11	15	11	14	13	14	13	14	14	15	16	19	19	17	17	16	18	19	0	1	2	2	2	2	3	3	6	6	5	5	9	9	3	8	11	13	13	10	10	13	10	29	15	20	15	22	25	25	23	27	30	33	31	16	38	26	31	30	1	1	1	1	3	2	1	1	1	1	1	1	1	1	2	3	2	1	1	2	1	1	2	1	1	1	1	1	1	1	1	1	1	1	3	2	1	1	2	2
11500	-211.440837369845468	-210.064420883600917	-1.376416486244548	0.000107319104097	0.000049039351533	0.456948946279739	0.738196013597703	-1	2	4	5	7	5	6	6	8	8	8	9	10	10	10	11	12	12	9	9	10	11	13	14	15	14	13	13	14	11	14	13	15	17	17	17	18	18	18	19	0	1	2	2	6	2	3	3	5	3	5	5	9	9	3	6	11	13	9	7	20	14	16	18	32	21	16	22	28	10	15	8	16	33	33	31	25	25	31	36	1	2	1	2	1	1	2	1	1	2	1	1	1	1	2	2	2	1	1	2	1	1	1	1	1	2	1	1	1	1	2	4	2	1	1	1	2	1	2	1
12000	-201.442151033501773	-199.883787633005284	-1.558363400496483	0.000082232491768	0.000021356911291	0.259713780183528	0.783531544319716	1	3	5	4	6	5	6	6	7	8	8	9	8	10	10	10	12	11	10	11	11	11	12	15	14	15	15	13	14	14	14	15	15	19	17	16	16	18	19	19	0	1	2	2	2	2	3	3	5	3	5	9	9	9	10	7	11	13	13	10	19	14	15	17	11	31	15	22	16	23	16	15	30	35	23	30	26	27	35	36	1	1	1	1	1	1	1	1	1	1	1	1	1	2	1	3	1	1	1	2	1	1	1	1	2	1	2	2	2	2	2	1	1	1	2	2	1	1	1	2
12500	-217.718314428301483	-216.200603122956409	-1.517711305345086	0.000121264720033	0.000034305274399	0.282895753930055	0.728548507016640	0	2	4	4	6	5	7	5	6	6	8	9	9	10	9	11	12	11	10	9	10	12	11	15	13	15	13	14	14	13	15	12	15	15	19	17	15	17	18	17	0	1	2	2	2	2	8	3	2	6	5	5	5	9	7	7	11	13	13	10	7	13	15	18	22	15	22	22	32	16	15	10	30	16	38	37	30	26	37	33	1	1	1	1	1	2	1	1	2	1	1	1	1	2	1	2	2	1	1	2	2	2	1	2	1	2	1	1	1	1	2	3	1	2	1	1	1	1	2	1
13000	-218.444990457315214	-217.063379925904172	-1.381610531411041	0.000140896213707	0.000062221754905	0.441614102095120	0.807079775808175	1	2	4	4	5	6	6	7	7	7	8	8	10	9	10	11	13	12	11	9	10	11	13	16	14	15	12	12	12	14	14	14	15	17	18	15	17	19	19	20	0	1	2	2	2	3	3	3	5	7	9	6	9	9	20	21	29	12	9	2	7	14	29	26	28	23	21	12	21	23	10	27	16	23	33	16	33	37	37	34	1	1	1	1	1	1	1	1	1	1	1	1	1	1	1	1	1	2	2	2	1	1	1	1	1	1	1	1	1	1	3	1	1	2	1	3	1	1	1	1
13500	-244.120503613060038	-242.606169118220180	-1.514334494839844	0.000107809368150	0.000030730767801	0.285047286040579	0.716928366869070	0	2	4	4	7	6	6	6	7	7	8	9	10	10	9	12	12	11	10	11	11	11	12	15	13	15	14	14	15	14	14	12	13	15	16	18	17	18	17	18	0	1	2	2	4	2	3	3	3	3	9	9	5	5	10	7	9	14	12	6	6	14	10	28	15	16	5	14	31	16	16	10	15	33	21	33	20	37	30	35	1	1	1	1	1	2	1	1	1	1	1	1	2	2	1	3	2	1	1	2	2	1	2	1	1	2	3	1	1	1	1	1	2	1	3	4	3	1	1	1
14000	-205.532609625293020	-204.107410143285705	-1.425199482007324	0.000093526118829	0.000034030097393	0.363856619082878	0.602745158506076	0	3	4	5	6	7	6	7	8	8	9	9	8	10	10	12	12	10	11	10	10	9	11	15	14	15	12	13	15	14	14	14	15	19	16	18	17	19	16	19	0	1	2	2	4	2	3	3	5	7	5	5	5	22	10	10	11	13	9	10	10	5	21	17	20	20	10	22	30	16	16	10	30	33	16	30	16	7	29	25	1	1	1	2	1	2	1	1	1	1	1	1	1	1	1	2	1	1	1	1	1	1	1	1	2	3	2	2	1	1	1	2	1	2	2	2	2	5	1	3
14500	-188.886252187695277	-187.491275208623080	-1.394976979072208	0.000074227313578	0.000030507673787	0.411003339830527	0.745421171190519	0	2	4	5	6	5	7	6	7	8	8	9	9	9	9	12	11	11	10	10	10	11	11	15	15	15	14	13	15	14	13	14	16	17	16	18	17	18	19	18	0	1	2	2	2	2	8	3	5	7	5	5	5	9	10	10	11	13	5	10	7	14	15	28	19	16	16	22	30	23	15	16	23	29	23	31	27	35	38	33	1	2	1	1	2	1	1	1	1	1	1	2	1	1	1	2	2	1	2	1	2	1	1	1	2	1	1	1	1	2	2	1	2	1	2	2	2	1	1	1
15000	-224.813633451082097	-223.057986189266700	-1.755647261815397	0.000140835874454	0.000026425537098	0.187633564246814	0.599531114525314	0	2	4	4	6	7	7	6	8	8	8	9	10	10	10	13	10	11	10	10	9	11	12	14	13	15	13	14	15	14	14	13	16	18	18	17	16	18	19	19	0	1	2	2	3	2	1	3	5	8	5	7	9	5	10	10	11	19	9	10	6	5	15	22	17	23	15	9	32	27	16	10	30	20	27	37	28	9	34	23	1	1	1	1	1	2	3	1	1	1	1	1	1	2	2	3	1	1	1	1	1	2	1	2	1	1	2	4	1	1	1	2	1	3	1	1	1	5	1	2
15500	-196.349252108439089	-194.951758576057159	-1.397493532381917	0.000099968562622	0.000040604473817	0.406172428135419	0.719336532396926	0	2	5	4	5	7	7	6	7	8	8	9	9	11	10	12	11	11	11	10	9	11	12	15	14	15	12	13	14	15	14	14	16	18	18	17	18	19	18	19	0	1	2	2	4	2	8	3	5	8	5	9	9	9	7	10	11	13	13	10	7	9	21	16	22	27	20	22	19	23	23	20	15	24	33	16	33	36	30	33	1	1	2	1	1	2	1	1	1	1	1	1	1	3	2	2	1	1	1	1	1	2	1	2	1	1	2	1	1	1	1	2	3	1	1	2	1	1	1	2
16000	-221.766215227493632	-220.390900261613183	-1.375314965880453	0.000097561437989	0.000044936063819	0.460592471215098	0.581244884860333	-1	2	4	5	4	7	7	7	8	7	8	10	9	10	11	12	13	12	10	10	10	12	12	16	15	15	15	13	13	14	14	14	16	18	17	18	16	17	18	17	0	1	2	2	2	2	3	3	5	3	5	13	9	9	6	20	11	19	9	10	11	14	15	30	17	20	15	22	23	2	15	16	30	33	23	31	27	26	30	15	1	1	1	2	1	2	1	2	2	2	2	1	1	1	2	1	2	1	1	2	1	1	1	1	1	2	3	1	1	4	2	1	1	1	2	2	1	1	2	2
16500	-230.457132334174958	-228.704464860523018	-1.752667473651951	0.000101882081181	0.000019196947985	0.188423202222098	0.576357914717341	-1	2	3	5	6	6	6	6	7	7	9	9	8	11	9	12	13	11	10	10	11	12	12	14	14	14	13	14	14	14	15	14	15	17	18	18	17	18	19	19	0	1	2	2	3	2	3	2	5	8	5	9	5	9	10	15	11	13	5	7	13	5	20	13	19	23	15	14	22	27	32	16	15	30	33	30	17	14	33	30	1	1	1	1	1	2	2	2	1	1	2	1	1	2	1	2	1	1	2	1	1	3	1	3	2	1	2	3	1	1	1	2	3	2	2	2	2	4	3	2
17000	-236.510533644377887	-234.853743013509131	-1.656790630868755	0.000128940711558	0.000028082618990	0.217794819422487	0.588598578638123	0	2	5	4	6	7	7	6	8	8	9	10	10	11	11	13	13	10	11	9	11	11	11	15	13	16	12	14	15	15	14	14	15	19	18	17	17	17	19	18	0	1	2	2	2	2	3	2	6	7	9	9	5	13	6	20	11	5	13	7	8	5	8	23	15	6	10	18	28	31	16	23	27	40	24	30	16	26	21	33	1	1	2	1	2	2	1	2	1	1	1	1	2	1	3	3	2	2	1	1	3	3	2	1	1	4	1	2	1	1	1	1	1	1	2	1	2	1	4	1
17500	-205.742865457511044	-204.370257410980088	-1.372608046530943	0.000078505366459	0.000036922976752	0.470324239187861	0.624325080904682	0	2	4	4	6	6	6	6	7	8	8	10	9	10	10	12	12	11	10	11	9	11	12	16	15	15	14	13	15	14	15	13	16	19	19	18	17	18	16	18	0	1	1	2	3	2	3	3	5	3	5	9	9	9	8	15	11	13	13	10	11	14	3	32	16	15	32	22	23	23	16	20	30	39	33	33	28	30	30	31	1	1	1	1	1	1	1	1	1	2	1	1	1	1	2	1	3	1	1	3	1	1	5	1	1	2	1	1	1	1	2	1	2	1	2	1	2	2	1	2
18000	-214.763756304149894	-213.365431378906891	-1.398324925243004	0.000089228794393	0.000036104224302	0.404625261925545	0.602230112942144	1	2	4	4	5	6	6	6	8	8	9	10	9	10	11	12	13	11	9	10	11	11	12	16	14	14	13	14	14	15	14	14	14	17	19	17	17	18	17	20	0	1	2	2	1	2	3	3	5	6	6	5	5	9	8	10	9	13	5	10	5	14	10	12	12	20	15	14	17	33	10	23	23	30	37	30	30	11	24	30	1	1	1	1	2	2	1	1	1	1	2	2	2	1	2	2	2	1	2	1	3	1	2	3	1	2	1	2	1	1	3	1	1	1	1	1	1	5	1	3
18500	-215.369986604955585	-213.982234377733761	-1.387752227221835	0.000071816461890	0.000054688726594	0.761506834988740	0.557959263341043	1	2	4	4	4	6	7	7	6	7	9	10	8	8	8	12	12	11	11	10	11	9	13	15	14	15	11	13	14	14	15	14	15	18	19	17	17	18	19	19	0	1	2	2	2	2	3	3	5	6	5	5	9	9	10	15	11	13	13	15	15	14	15	20	23	27	10	14	17	16	23	27	23	30	34	30	33	21	34	33	1	1	1	1	1	2	2	2	2	1	2	3	1	1	1	3	1	2	1	1	1	1	2	2	1	2	2	2	1	1	1	1	1	3	1	1	1	4	1	2
19000	-200.648703463027289	-199.246876884364497	-1.401826578662803	0.000088662089587	0.000035318641272	0.398351104022619	0.752154988632382	0	2	4	4	7	6	6	6	6	7	8	9	9	9	10	12	12	11	11	11	11	11	13	15	13	15	15	12	13	15	14	14	15	17	19	18	17	18	17	19	0	1	2	2	9	2	3	3	2	7	9	9	5	9	6	8	11	13	13	7	8	12	10	23	21	16	16	22	21	10	15	21	25	24	23	33	26	33	24	24	1	1	1	1	1	2	1	1	2	1	1	1	1	1	3	2	2	1	1	2	2	1	2	1	1	1	1	1	1	3	1	1	1	1	2	2	1	1	1	2
19500	-219.670837123912122	-218.271310728420389	-1.399526395491740	0.000134219062069	0.000054013721980	0.402429588971176	0.710231044871358	-1	2	4	4	7	6	6	6	8	7	8	10	9	10	10	12	13	12	9	10	11	11	13	14	15	14	14	14	13	15	14	15	15	18	17	18	16	16	18	19	0	1	2	2	2	4	3	3	5	8	5	9	9	9	7	10	11	13	9	10	13	14	15	5	18	16	23	22	20	23	16	16	15	30	32	31	28	28	35	25	1	2	1	1	2	1	1	1	1	1	1	1	1	1	1	2	2	2	1	2	1	1	2	3	1	1	1	2	1	2	1	1	3	2	1	3	1	1	1	2
20000	-205.228820146204839	-203.506384378368551	-1.722435767836293	0.000154017899411	0.000030312156307	0.196809308679704	0.767706742497543	0	2	4	3	6	7	6	7	7	8	9	9	8	9	9	12	11	12	10	10	9	11	11	13	14	14	14	13	14	13	14	13	15	19	16	16	18	19	17	19	0	1	2	2	3	5	3	7	2	7	5	13	5	13	8	20	11	21	13	10	6	5	15	20	30	24	16	22	30	23	16	15	25	39	30	30	26	37	33	33	1	2	1	1	1	1	1	1	3	1	1	1	1	1	1	1	1	2	1	1	1	2	1	2	1	1	1	1	1	1	1	2	1	1	2	2	2	1	1	2
20500	-214.623746646660038	-213.164464401681300	-1.459282244978747	0.000092865045622	0.000030385914785	0.327205081105225	0.771316617725422	0	2	4	4	6	7	5	6	7	7	7	9	9	11	10	12	13	12	10	10	10	12	12	16	13	14	15	13	15	14	14	14	16	18	18	17	17	17	18	19	0	1	2	2	2	2	3	7	5	7	5	9	9	9	10	10	11	13	13	10	10	9	3	25	14	15	25	14	13	23	10	23	30	33	29	31	31	24	33	30	1	1	1	1	2	2	1	1	1	1	1	1	1	1	2	2	4	2	1	1	1	3	3	1	1	2	2	1	3	1	3	1	1	1	1	1	2	1	1	3
21000	-244.776654044673990	-243.415778545654149	-1.360875499019839	0.000125280485290	0.000070556044099	0.563184632752592	0.620080785187354	0	2	5	4	6	6	6	4	7	8	8	9	9	10	11	13	10	11	10	10	10	12	11	15	14	14	15	14	15	15	14	13	15	19	17	17	16	18	18	17	0	1	8	2	2	2	8	2	5	8	5	9	9	9	3	21	11	13	13	10	12	14	10	32	22	20	15	22	16	23	21	23	23	35	31	20	25	24	15	25	1	1	1	1	1	2	1	1	1	2	1	1	1	2	3	2	1	1	1	1	1	1	2	1	1	1	2	2	1	2	2	1	4	1	2	4	1	1	3	2
21500	-228.041905420103063	-226.678590175602807	-1.363315244500264	0.000085363626202	0.000044537428922	0.521737781107888	0.681905255655505	-1	3	3	5	5	7	6	5	7	7	8	9	8	9	11	12	12	11	11	10	10	11	13	14	13	15	14	13	14	14	14	14	15	18	19	16	16	18	18	19	0	1	1	2	3	2	8	2	5	8	5	9	5	9	10	10	11	21	13	10	11	9	16	9	20	16	16	9	16	20	16	15	30	36	31	30	27	37	29	23	1	2	1	1	1	2	1	1	2	1	3	1	2	1	2	2	2	1	2	1	1	2	1	3	1	2	1	4	1	2	1	2	1	1	1	1	2	1	1	2
22000	-215.700775409941627	-214.297206811475888	-1.403568598465726	0.000133596527465	0.000052819325500	0.395364509114329	0.673893686248462	0	3	4	5	6	6	6	5	7	8	9	9	9	10	10	12	13	12	10	10	10	12	13	15	15	14	14	13	14	15	14	12	14	17	18	16	17	19	18	19	0	1	2	2	2	3	8	3	5	8	5	9	9	9	7	8	11	9	13	7	9	21	6	16	14	15	20	22	13	16	20	15	16	30	31	30	25	34	24	30	1	2	1	1	2	1	1	1	1	2	2	1	2	1	2	3	2	3	1	2	1	1	3	1	2	2	1	1	2	1	2	1	1	1	2	1	1	1	1	2
22500	-188.257705063392876	-186.895737679670304	-1.361967383722581	0.000068815614568	0.000036942667339	0.536835536099160	0.729552324331623	0	2	4	4	5	5	5	7	6	7	8	9	9	10	11	12	12	11	11	9	10	12	13	16	13	16	13	13	14	14	14	14	16	18	16	17	17	18	18	19	0	1	2	2	2	2	3	7	5	7	5	9	9	9	10	3	11	13	13	7	11	14	15	22	16	15	15	22	20	15	23	27	30	35	23	33	32	35	33	33	1	1	1	1	2	1	1	1	1	1	2	1	2	2	2	3	2	1	1	2	1	1	1	1	1	2	1	1	2	2	1	1	1	1	2	1	2	1	1	2
23000	-201.559407636909128	-199.963137543089118	-1.596270093819998	0.000128321348413	0.000031009157721	0.241652368095018	0.669287125440689	0	2	4	4	6	5	6	5	8	8	8	10	9	11	10	11	12	10	10	10	10	12	12	15	15	15	13	14	15	13	13	14	15	19	18	17	16	17	19	20	0	1	2	2	3	2	8	3	5	8	5	9	9	9	10	10	11	13	13	8	11	14	10	27	22	15	10	14	32	16	15	16	30	36	37	30	32	24	24	36	1	1	2	1	1	1	1	1	1	2	1	1	1	2	1	2	2	1	1	3	1	1	2	1	2	3	2	1	1	1	2	2	2	1	1	2	1	1	2	1
23500	-202.723766698302597	-201.358288367473193	-1.365478330829403	0.000132154357211	0.000066751291303	0.505100949463695	0.879319392129707	0	3	4	4	5	5	6	5	7	7	7	9	9	10	11	12	11	11	11	10	11	12	12	15	14	15	15	14	14	14	13	13	15	18	18	17	16	19	17	16	0	1	2	2	2	2	8	3	5	8	5	9	9	9	10	21	11	12	13	10	20	17	15	28	22	15	16	22	31	3	23	15	23	33	29	33	25	34	26	23	1	1	1	1	1	1	1	1	1	1	1	1	1	1	2	1	2	1	1	1	1	1	1	1	1	2	1	1	1	3	1	1	1	2	1	1	1	1	1	3
24000	-250.471887550205622	-249.064429733408303	-1.407457816797314	0.000126497167630	0.000049205535780	0.388985276917327	0.615067157489395	1	2	4	4	6	7	6	5	7	8	9	9	10	9	9	11	11	12	10	10	9	11	11	13	13	15	15	12	14	15	15	13	15	16	18	16	16	17	18	18	0	1	2	2	1	4	8	3	5	5	9	5	9	5	10	10	11	13	9	21	9	14	21	11	6	20	32	22	28	23	16	7	23	33	37	21	18	21	30	33	1	1	1	1	3	1	1	1	1	1	1	1	2	2	1	2	1	1	1	1	1	1	1	2	3	1	1	1	1	2	2	3	2	1	1	3	2	3	2	1
24500	-213.235946568375908	-211.824797012709496	-1.411149555666413	0.000097903066416	0.000037522480533	0.383261545392172	0.666618665019835	0	2	4	4	6	6	7	6	7	7	8	10	8	9	11	12	12	11	11	11	10	11	12	15	13	15	14	13	14	14	14	15	15	18	17	18	17	19	16	20	0	1	2	2	2	2	3	3	5	8	5	5	9	9	7	8	11	13	13	10	11	14	7	17	22	15	10	22	16	15	23	20	5	29	29	30	33	37	33	34	1	1	1	1	2	1	2	1	1	1	1	2	1	1	2	2	2	2	2	2	1	1	1	1	1	1	2	1	1	1	1	3	2	3	2	2	1	1	1	1
25000	-213.398450467240792	-211.902297885112802	-1.496152582128000	0.000150349874076	0.000044709029287	0.297366589508123	0.707095613890235	0	2	3	4	6	6	7	6	7	8	9	9	8	10	10	12	13	12	11	10	9	12	10	16	14	14	13	14	14	15	14	14	16	18	18	18	17	17	19	18	0	1	2	2	2	2	3	3	5	6	6	9	5	9	10	15	11	13	13	21	10	14	10	28	11	20	16	19	22	26	23	16	30	25	24	30	9	33	30	33	1	1	1	1	2	2	2	1	1	1	1	1	1	1	1	1	2	2	2	1	1	1	1	1	2	2	1	1	1	1	2	1	1	2	1	1	4	1	2	1
25500	-215.489411090175309	-213.987121216284493	-1.502289873890803	0.000075710312464	0.000022187781756	0.293061553095911	0.566352778445592	1	3	4	4	6	5	5	6	7	7	8	9	8	11	11	12	12	12	11	10	10	11	11	16	15	14	15	12	13	15	14	14	16	18	17	17	17	18	18	19	0	1	2	2	2	2	3	3	5	7	5	9	9	9	8	10	11	21	13	10	12	21	3	27	18	20	26	21	19	23	23	23	31	33	20	33	17	24	30	26	1	1	1	1	2	1	1	1	1	1	1	1	1	2	3	2	2	1	2	2	1	1	3	1	2	2	1	1	1	2	2	1	1	2	2	1	1	1	2	1
26000	-205.540160083965048	-204.013344616276214	-1.526815467688843	0.000128260614613	0.000035564831866	0.277285680980415	0.656575407927908	0	3	4	4	5	5	7	6	7	8	9	9	7	9	10	12	13	11	10	11	10	11	12	15	13	15	15	12	14	14	14	14	15	19	18	17	17	19	18	17	0	1	2	2	2	2	8	3	5	8	9	9	5	9	7	10	21	13	14	15	7	12	21	31	18	16	32	12	17	23	16	20	15	36	26	33	30	36	30	30	1	2	1	1	1	1	1	1	1	1	1	2	1	2	2	2	2	2	1	1	2	1	2	1	1	2	1	2	1	1	1	1	3	1	1	1	2	1	2	2
26500	-214.095947170892941	-212.488527780117067	-1.607419390775877	0.000080541826926	0.000019076300238	0.236849609278816	0.705618113330617	0	2	4	5	6	6	7	5	8	7	8	10	9	10	9	12	13	11	10	9	10	12	12	14	14	14	13	12	13	15	14	15	16	18	18	17	16	19	17	17	0	1	2	2	3	8	2	2	5	3	5	13	5	9	8	15	11	13	5	7	5	21	21	15	27	20	16	14	15	16	23	29	30	30	37	24	26	28	33	30	1	1	2	1	1	1	1	2	1	2	1	1	1	1	2	2	2	1	2	1	2	1	1	2	1	2	1	1	2	1	2	1	1	1	1	1	1	3	1	1
27000	-192.559267821853041	-191.171036769267999	-1.388231052585040	0.000073957787809	0.000031449481860	0.425235567363548	0.801930717047243	0	2	4	5	6	6	6	7	7	8	9	9	9	10	10	11	12	12	11	11	10	11	13	15	14	15	13	14	13	14	15	12	15	18	17	17	17	18	19	20	0	1	2	2	4	2	3	3	5	7	5	5	9	13	10	10	11	13	13	15	11	21	16	29	21	20	15	22	32	23	16	10	30	37	23	30	33	37	37	30	1	1	1	2	1	1	1	2	1	1	1	1	1	1	2	2	1	1	1	1	1	1	1	1	1	1	1	2	1	1	1	3	1	1	2	2	1	1	1	2
27500	-219.104864446523749	-217.704978843388830	-1.399885603134932	0.000134006550910	0.000053841429342	0.401782069430643	0.722863308240265	0	2	5	5	4	6	6	6	7	8	8	9	8	9	11	12	12	10	10	10	10	12	13	15	14	15	14	12	14	14	14	12	15	17	18	17	17	19	19	19	0	1	2	1	2	3	2	3	5	7	9	13	9	5	10	10	11	13	13	10	11	18	10	25	11	23	16	12	28	15	8	10	23	15	30	30	24	33	31	31	1	1	1	2	1	1	2	1	2	1	1	1	1	2	2	2	2	1	1	1	1	1	3	1	3	1	1	2	1	2	3	1	1	2	1	1	1	2	3	3
28000	-234.782756353566413	-233.416709987315301	-1.366046366251112	0.000112173624831	0.000072616946346	0.647362037694308	0.715238000503342	0	2	3	5	5	4	6	7	8	8	8	9	9	11	10	12	11	12	10	10	11	11	11	15	14	15	14	13	14	14	15	15	16	18	18	18	17	18	18	20	0	1	2	1	3	2	3	7	5	8	5	5	9	9	10	10	12	13	13	8	13	11	15	27	21	16	5	14	16	23	23	3	24	27	23	33	24	26	30	33	1	1	1	3	2	1	2	1	1	1	1	2	1	2	2	2	2	1	1	1	1	2	1	1	2	2	3	1	1	1	3	6	1	2	3	1	1	1	2	2
28500	-211.003968510278924	-209.545502395039279	-1.458466115239643	0.000084421258130	0.000027686776592	0.327959772277580	0.677374837329105	-1	3	4	4	5	5	6	6	7	8	9	9	9	10	10	13	12	11	11	10	10	11	13	15	13	16	14	12	14	14	15	14	16	16	17	18	16	17	18	17	0	1	2	2	2	3	3	3	5	7	5	9	9	13	10	10	11	13	13	10	6	9	15	23	28	23	15	22	16	16	27	16	30	25	24	33	24	29	34	24	1	2	1	1	1	1	1	1	1	1	2	1	1	1	1	2	2	1	1	2	2	2	2	1	1	2	1	1	1	1	1	1	1	2	1	1	1	2	1	1
29000	-229.807027022907619	-228.260934255338782	-1.546092767568830	0.000118145267216	0.000031454250257	0.266233688396339	0.524814418725048	1	3	4	4	6	6	7	6	8	8	8	10	9	9	10	12	12	12	10	9	10	10	13	12	15	15	15	13	14	15	14	14	15	17	18	16	15	18	18	18	0	1	2	2	2	4	3	3	5	7	5	9	9	5	7	15	11	13	9	7	20	9	10	20	12	31	10	14	10	15	7	7	7	36	23	25	32	19	33	36	1	2	1	1	2	1	2	2	1	1	1	1	1	2	2	1	2	2	1	1	1	1	2	1	3	1	3	2	4	3	3	4	3	1	2	1	1	4	2	1
29500	-215.434149871258995	-214.041405750632492	-1.392744120626495	0.000067686338420	0.000028123106436	0.415491620504144	0.660121468152731	-1	3	5	5	5	6	7	6	7	8	8	9	9	9	10	13	12	11	10	11	11	12	11	15	14	13	14	14	15	14	14	15	15	19	18	18	17	18	19	19	0	1	2	2	2	2	3	3	5	8	5	5	9	9	8	7	9	13	13	15	13	9	7	21	22	15	15	22	21	16	16	16	30	36	15	32	33	37	33	37	1	1	1	1	1	2	1	1	2	1	2	2	1	1	2	3	2	1	1	1	1	2	2	3	1	1	2	1	1	1	1	1	1	1	2	1	2	1	2	1
30000	-189.148138874890208	-187.700676412979703	-1.447462461910495	0.000092586743700	0.000031353893106	0.338643436988204	0.678684689702524	0	2	4	4	6	6	6	6	7	8	8	9	9	9	10	13	13	12	10	11	10	12	12	15	15	15	13	12	14	15	14	14	15	19	17	17	17	18	17	18	0	1	2	2	2	4	3	4	5	6	5	9	5	9	10	10	11	12	9	15	10	14	10	16	16	16	20	14	16	23	20	15	31	39	25	33	33	39	25	25	1	1	1	1	2	1	1	1	1	1	1	2	2	1	1	2	2	1	1	1	1	2	2	1	1	1	1	2	1	1	2	2	1	1	1	1	1	1	1	1
30500	-197.476822596891964	-196.115860563604826	-1.360962033287127	0.000063202452225	0.000035293239465	0.558415666203161	0.733151852700606	0	2	5	4	6	6	7	7	8	8	9	10	10	11	11	12	12	11	9	11	10	12	12	16	14	14	14	13	15	15	14	14	13	17	18	17	17	19	19	19	0	1	2	2	2	1	3	3	5	3	5	5	19	21	3	10	11	13	9	8	9	5	15	27	17	20	16	14	32	33	23	16	23	30	23	30	29	36	34	30	1	1	2	1	2	3	2	1	1	2	2	2	1	1	2	2	1	1	1	2	1	2	1	1	1	2	1	1	1	1	1	1	1	1	4	1	1	1	1	3
31000	-209.634149973507562	-208.037312087159989	-1.596837886347573	0.000118460105909	0.000028596590201	0.241402706690347	0.630088163258645	0	2	4	4	7	6	6	7	8	8	9	10	9	9	10	13	12	12	11	11	10	11	12	16	14	14	14	14	13	15	14	12	15	19	19	17	17	18	17	19	0	1	2	2	2	4	3	3	2	8	9	13	5	9	8	10	11	13	13	7	5	14	10	13	23	23	23	12	20	15	20	20	23	39	31	30	24	39	33	36	1	1	1	1	2	1	2	1	2	1	1	1	1	1	1	2	2	2	1	2	1	2	2	3	1	1	1	2	1	2	1	1	2	1	4	1	1	1	1	1
31500	-194.528656904256991	-193.139036854068763	-1.389620050188234	0.000065238272855	0.000027539159926	0.422131959054329	0.650632224066179	0	2	4	4	6	6	5	6	8	7	8	9	8	10	10	10	11	10	11	11	10	12	11	15	13	15	14	13	15	14	14	14	14	17	17	16	18	18	18	19	0	1	2	2	2	4	3	3	5	7	5	5	5	5	10	10	11	9	14	10	11	14	16	21	15	16	15	14	28	25	15	15	23	33	23	33	35	35	33	36	1	1	1	1	2	1	1	1	1	1	1	2	1	2	2	1	2	1	1	2	1	1	1	3	2	2	2	2	1	1	2	2	2	2	2	1	1	1	2	2
32000	-233.535092719055086	-231.959676221054991	-1.575416498000104	0.000099406312675	0.000024973827874	0.251229798212017	0.629224885736428	-1	2	5	4	6	6	7	7	8	8	9	9	9	10	11	13	13	12	11	10	8	10	12	15	12	15	14	12	14	12	14	13	16	18	17	17	16	17	19	19	0	1	2	1	2	3	3	2	5	7	5	5	5	12	8	10	21	14	12	10	8	9	21	11	12	16	20	19	10	8	23	15	15	36	23	27	24	17	34	30	1	1	2	3	2	1	1	2	1	1	2	2	2	1	2	2	3	1	2	1	1	1	1	3	1	1	2	1	3	2	1	1	2	1	2	1	1	2	1	4
32500	-181.100101306977962	-179.589614922808721	-1.510486384169247	0.000098629473496	0.000028360755601	0.287548484193032	0.774041152284697	0	2	4	4	7	6	7	6	8	8	9	10	9	10	11	12	12	11	10	11	9	11	12	15	14	15	13	12	15	14	14	14	15	17	17	17	17	19	19	19	0	1	2	2	2	2	8	3	5	8	5	5	5	21	7	10	11	13	9	10	9	14	15	25	27	27	15	13	15	23	23	16	30	30	25	15	29	36	34	33	1	1	1	1	2	2	1	1	1	1	1	1	1	1	1	2	2	1	1	1	1	1	1	1	1	1	1	2	2	1	1	1	1	2	1	2	1	1	1	2
33000	-201.255871010818879	-199.421343928077164	-1.834527082741708	0.000118794960023	0.000020049906080	0.168777413419021	0.695925591641582	0	2	5	3	6	5	7	4	8	7	8	9	8	11	11	11	11	10	10	10	10	11	12	14	15	14	13	13	15	14	15	13	16	19	17	16	16	17	18	19	0	1	8	2	6	2	3	2	5	8	5	5	5	5	10	10	11	13	13	3	10	18	20	15	18	23	23	14	28	23	24	16	30	38	23	30	32	33	30	38	1	1	1	1	1	2	1	1	1	1	1	1	1	3	2	1	2	1	1	3	2	1	1	1	2	1	1	1	1	1	1	1	1	1	2	1	2	1	2	2
33500	-205.995723723937914	-204.431527467270712	-1.564196256667198	0.000102524706610	0.000026322210630	0.256740170256010	0.780865980259493	0	2	5	4	6	6	6	7	7	8	8	10	9	11	11	11	12	12	10	10	10	12	12	16	15	15	13	14	15	14	14	14	15	19	18	17	17	17	17	19	0	1	2	2	2	4	4	7	5	3	5	5	9	9	10	3	21	13	9	8	7	14	10	12	27	21	16	22	21	16	20	27	30	33	31	33	26	33	33	33	1	1	2	1	2	1	1	1	1	2	1	2	1	2	1	3	1	2	2	1	1	1	2	2	1	2	1	1	2	2	2	1	1	2	2	1	1	1	1	2
34000	-204.446434774261292	-203.079989807522395	-1.366444966738900	0.000074925296923	0.000037395558514	0.499104575488414	0.635770082168708	1	3	4	4	6	6	7	6	8	8	8	9	10	10	9	13	12	12	11	11	10	11	12	15	15	14	13	14	14	15	15	15	16	19	18	17	16	19	19	19	0	1	2	2	2	2	3	3	5	3	5	5	12	9	3	20	11	13	12	7	11	9	7	27	26	10	10	22	10	23	10	27	23	30	33	30	30	28	33	33	1	1	1	1	2	2	1	1	2	2	1	2	1	1	2	1	2	2	1	2	1	1	3	1	1	3	2	1	3	1	4	1	2	2	1	1	1	2	1	1
34500	-194.230098467327167	-192.803824060673008	-1.426274406654165	0.000083026180223	0.000030097171489	0.362502181941066	0.687241029366173	1	3	4	4	5	6	6	6	8	7	9	10	9	10	9	11	12	11	10	10	11	12	13	15	14	15	14	14	14	15	15	13	14	19	19	17	16	19	18	19	0	1	2	2	2	2	3	3	5	8	5	13	5	9	8	10	11	13	13	10	11	14	15	32	21	16	16	22	20	33	29	15	15	30	36	30	29	39	33	30	1	1	1	1	1	1	1	1	2	1	1	1	1	1	2	2	2	1	1	2	1	1	2	1	1	2	1	1	2	1	1	2	2	2	1	1	1	1	2	4
35000	-201.454629521421907	-200.089361198064807	-1.365268323357106	0.000118657385982	0.000060099284912	0.506494260046802	0.786995298033649	1	3	4	4	6	7	6	6	8	8	8	9	9	10	10	11	13	12	10	10	10	11	12	15	15	15	13	13	13	13	14	15	16	17	18	15	17	17	17	19	0	1	2	2	4	8	3	3	5	8	5	9	5	9	10	15	11	13	13	10	10	14	15	19	29	27	15	22	9	23	29	27	30	24	33	16	25	25	33	36	1	1	1	1	1	1	1	1	1	1	1	1	1	1	1	1	2	2	1	1	1	1	1	1	1	1	1	2	3	1	1	1	2	1	1	2	1	1	1	2
35500	-222.421256886579727	-220.701043160594992	-1.720213725984732	0.000135807870308	0.000026815828168	0.197454154218780	0.778934802381188	0	2	5	5	6	7	6	7	7	8	8	9	9	10	9	11	12	8	10	11	11	11	11	16	14	16	14	12	13	14	14	15	15	18	16	17	18	19	19	19	0	1	2	2	4	2	3	7	5	8	5	18	18	9	8	8	11	9	13	3	15	9	15	31	14	29	15	22	14	21	23	16	30	33	10	25	35	24	34	36	1	1	1	1	1	2	1	1	1	1	2	1	1	2	1	3	2	1	1	3	1	2	1	1	1	1	2	1	1	1	1	2	1	2	5	2	1	2	1	1
36000	-223.100478740237747	-221.684700029137787	-1.415778711099959	0.000090285020821	0.000033990962245	0.376485068462393	0.613364857106438	-1	1	5	3	7	6	6	4	8	7	8	8	9	11	10	12	11	11	10	11	9	12	12	16	13	16	14	13	14	14	15	15	16	17	16	16	18	18	18	20	0	1	2	2	6	2	8	4	5	3	5	5	5	9	10	3	11	13	21	10	5	14	15	30	22	16	15	14	16	7	16	20	27	27	23	31	35	25	30	35	1	1	2	1	1	2	1	1	1	1	1	1	1	1	2	3	2	1	1	1	1	1	1	1	1	3	2	1	2	4	2	1	1	1	2	1	1	2	1	3
36500	-229.277053894948267	-227.620721501946122	-1.656332393002139	0.000113732074789	0.000024788712412	0.217957093084554	0.656639708849720	1	2	5	4	5	6	7	4	7	8	8	10	8	10	11	10	12	11	10	10	10	9	12	13	13	14	15	14	13	15	14	14	16	17	15	17	18	18	18	19	0	1	8	2	2	2	6	2	5	3	5	13	9	22	16	7	11	13	13	7	2	9	20	14	16	7	10	17	20	29	16	10	30	21	21	30	33	33	33	34	1	1	1	1	2	1	1	1	2	2	1	1	1	1	1	2	2	2	1	2	3	2	1	1	1	4	3	1	2	1	2	3	1	3	2	1	1	1	1	1
37000	-214.449710639848433	-212.958209567547243	-1.491501072301199	0.000127549227359	0.000038358918686	0.300738150130408	0.600699234442858	0	2	4	4	7	5	7	6	8	8	9	10	9	10	10	13	12	11	10	9	11	12	13	16	15	15	14	12	14	12	15	12	16	17	18	17	16	18	19	18	0	1	2	2	6	2	6	3	5	8	6	9	5	9	10	15	9	13	13	8	5	14	10	1	17	10	15	9	32	10	16	7	27	24	37	25	26	37	34	33	1	1	1	1	1	2	1	1	1	1	2	1	1	1	1	2	3	2	1	2	2	1	2	6	1	3	2	2	1	2	1	2	1	1	1	1	1	1	1	1
37500	-195.013294676569899	-193.537995710978493	-1.475298965591394	0.000089336846843	0.000027989410225	0.313301971297137	0.928744346461959	0	2	4	5	6	7	6	6	7	8	8	9	8	9	11	12	13	12	11	11	10	11	12	12	14	13	15	13	14	14	14	13	15	16	18	16	17	18	18	19	0	1	2	2	2	2	3	3	5	8	5	9	9	9	10	10	19	22	13	10	13	14	21	20	15	20	32	22	22	16	23	15	30	25	37	16	36	29	34	36	1	1	1	1	1	2	1	1	1	1	1	1	1	1	2	2	2	1	2	1	1	1	1	1	1	1	1	1	1	1	1	1	1	1	1	1	1	1	1	1
38000	-211.562704754166674	-210.000783232005375	-1.561921522161310	0.000090706770386	0.000023392426574	0.257890634557990	0.686953584036997	0	2	4	4	6	6	7	7	7	7	9	10	9	9	11	13	12	10	11	8	11	10	12	15	15	14	14	11	14	15	15	14	15	19	17	17	17	17	18	19	0	1	2	2	3	2	6	2	2	6	5	9	9	9	8	8	11	13	13	8	22	14	10	12	15	20	15	22	19	23	16	15	23	39	33	30	18	16	33	36	1	1	2	1	1	2	1	2	2	1	1	1	1	1	2	2	1	1	1	1	1	1	3	3	2	3	1	1	1	1	1	1	2	1	1	1	2	2	2	1
38500	-233.132693240968166	-231.769290536055166	-1.363402704913003	0.000084379348189	0.000043956241347	0.520936014450707	0.774825447736893	1	3	4	2	5	6	7	7	7	8	8	9	8	10	10	13	12	12	10	10	11	10	12	16	13	13	14	12	14	15	14	14	16	16	18	18	17	17	18	17	0	1	2	1	2	2	3	3	5	7	5	9	9	12	3	15	11	21	9	7	22	9	10	18	9	15	20	22	21	15	23	15	23	30	31	34	25	27	25	30	1	1	1	1	1	2	2	1	1	1	1	2	1	1	2	2	2	1	1	2	1	1	2	1	2	1	2	1	1	3	1	2	2	1	2	1	2	2	3	1
39000	-230.411909665074347	-228.976010672329977	-1.435898992744363	0.000095048689891	0.000033366435514	0.351045717221055	0.637894935637788	0	2	4	4	6	7	7	6	7	7	9	8	9	10	11	12	13	10	11	10	11	12	13	15	15	15	14	13	15	14	14	13	16	17	15	16	18	19	18	19	0	1	2	2	2	2	3	3	5	3	5	5	9	9	10	10	12	13	9	10	13	9	15	32	16	16	32	18	28	23	23	15	29	33	15	30	30	39	33	30	1	1	1	1	1	2	1	2	1	2	2	2	2	2	1	3	3	1	2	1	1	3	1	1	1	2	1	2	1	1	1	1	1	1	3	1	2	1	1	3
39500	-212.369692893705434	-210.973846772939851	-1.395846120765592	0.000096781365345	0.000039613471378	0.409308870943301	0.588257154304369	0	2	4	4	6	7	6	6	7	7	8	10	9	10	11	11	10	11	11	10	11	12	12	16	14	14	14	14	14	14	15	13	15	16	16	16	16	17	17	20	0	1	2	2	2	4	3	3	5	3	5	5	5	9	7	10	11	13	5	7	7	14	10	30	19	16	20	12	18	23	10	15	23	30	33	33	29	25	31	23	1	1	1	1	1	1	1	1	1	1	1	2	1	2	3	2	1	1	2	2	2	1	3	1	1	1	1	2	1	1	3	1	2	1	1	1	1	1	1	4
40000	-179.519723847838037	-178.130579576942011	-1.389144270896021	0.000077490012594	0.000032792525388	0.423183895447595	0.859896311851209	-1	2	5	4	5	6	4	6	7	8	9	9	8	11	10	11	12	11	10	11	10	12	12	16	14	13	14	13	14	14	14	13	15	18	18	17	15	17	18	19	0	1	7	2	2	2	2	7	5	8	5	9	9	9	10	15	11	13	13	15	13	14	15	31	22	20	32	14	22	16	23	16	23	30	38	33	26	27	30	36	1	1	1	1	2	1	1	1	1	1	2	1	1	2	1	1	2	2	1	1	1	1	1	1	1	1	1	1	1	1	1	1	2	1	1	1	1	1	2	1
40500	-205.915765490033976	-204.423017206738564	-1.492748283295402	0.000107142417748	0.000032123929904	0.299824575354063	0.725243212033724	-1	3	4	5	5	6	6	6	7	8	8	8	9	10	11	12	12	11	10	11	10	12	12	15	14	16	15	13	14	13	15	13	14	18	18	16	16	18	19	19	0	1	2	2	2	2	3	3	5	7	5	9	9	9	10	8	11	21	13	10	11	9	15	32	15	27	20	22	13	10	25	15	23	33	23	23	27	37	36	34	1	1	1	1	1	1	1	1	2	1	2	1	1	2	2	2	2	1	1	2	1	2	1	1	1	1	1	1	2	2	1	1	1	2	4	2	1	1	1	1
41000	-182.094151203748112	-180.516106975231423	-1.578044228516684	0.000085636046979	0.000021407052418	0.249977120305958	0.784959298182055	1	3	4	5	6	5	6	6	7	7	8	9	9	11	10	13	12	12	11	9	11	10	11	14	15	15	12	13	12	14	13	14	16	17	18	17	17	17	18	19	0	1	2	2	2	2	3	3	5	8	9	9	9	9	10	27	11	13	13	10	10	9	15	17	31	15	15	14	19	23	23	15	30	33	25	30	28	26	34	36	1	1	1	1	2	1	1	1	1	1	1	1	1	2	2	1	2	2	1	1	1	1	1	1	1	2	1	1	1	1	1	1	1	1	1	2	2	1	1	1
41500	-183.350037032716472	-181.891854212840911	-1.458182819875570	0.000084757114869	0.000027819224876	0.328222886294051	0.774836336199256	0	1	4	4	6	6	6	6	7	7	8	9	9	9	11	12	12	11	10	10	10	12	12	14	14	14	15	13	13	13	14	13	16	19	19	17	17	16	19	20	0	1	2	2	2	3	3	3	5	8	5	9	9	9	10	7	11	21	9	10	13	21	15	32	23	16	15	22	15	15	16	15	25	36	29	30	29	24	33	33	1	1	1	1	2	1	1	1	1	1	1	1	1	1	2	3	2	1	2	2	1	1	1	1	1	1	2	1	1	1	1	1	1	1	2	2	2	1	1	2
42000	-212.032354336875187	-210.285116745185405	-1.747237591689776	0.000119161598829	0.000022626225768	0.189878501046746	0.589418629497263	0	2	4	4	6	6	6	6	8	8	8	8	9	11	10	12	13	11	11	11	10	11	10	16	14	15	14	14	15	14	14	14	16	18	18	17	17	17	18	19	0	1	2	2	2	2	3	3	5	8	5	5	5	21	10	15	11	9	9	6	5	13	8	29	18	32	7	14	17	20	15	16	27	27	30	33	26	26	38	33	1	1	1	1	1	2	2	1	1	1	2	1	2	1	1	2	3	2	1	2	2	1	2	1	1	1	4	2	1	2	2	1	1	3	2	1	1	1	1	1
42500	-213.985764485491728	-212.476320434921718	-1.509444050570017	0.000110481291521	0.000031844608957	0.288235306794239	0.596933107585519	0	3	5	5	6	6	7	6	7	8	9	9	9	10	10	12	13	11	10	10	10	11	13	15	15	14	13	13	13	14	14	12	15	16	16	15	17	17	18	18	0	1	2	2	2	2	3	2	5	7	9	9	5	9	10	15	21	13	9	10	11	13	16	26	17	20	8	13	15	32	27	10	30	33	23	30	16	27	37	36	1	2	1	1	2	2	1	1	1	1	1	1	2	2	1	2	2	1	2	1	1	2	1	1	1	2	4	2	1	1	1	2	1	1	2	1	2	2	1	3
43000	-182.813941161075149	-181.304500222924787	-1.509440938150371	0.000115403291704	0.000033263540565	0.288237363713641	0.811051399219167	0	2	4	4	6	7	6	6	7	8	8	9	9	9	9	10	12	11	9	11	7	10	12	14	15	15	14	13	14	15	14	15	14	18	17	17	17	17	18	19	0	1	2	2	2	2	3	3	5	7	5	9	9	9	10	21	11	13	9	15	3	14	16	18	33	20	16	22	28	33	23	27	23	27	27	30	29	25	25	36	1	1	1	1	2	2	1	2	1	1	1	1	1	1	1	2	2	1	1	1	1	1	1	2	1	2	2	1	1	1	1	1	1	2	1	1	1	1	2	1
43500	-228.884840833328155	-227.336355946756015	-1.548484886572143	0.000115577904433	0.000030620429376	0.264933245902254	0.795118161048398	0	2	3	4	6	7	6	6	8	7	8	10	9	10	9	11	12	11	11	10	10	12	11	15	13	15	15	12	14	14	13	14	15	17	17	17	17	17	18	18	0	1	2	2	2	2	3	3	5	3	5	13	5	13	7	10	21	21	13	3	9	14	10	19	18	23	25	21	16	16	10	16	30	30	25	30	21	27	30	27	1	1	1	1	2	2	2	2	1	2	1	1	2	1	1	2	2	1	1	3	1	1	2	1	1	2	1	1	1	1	3	1	1	1	2	2	4	1	2	2
44000	-238.759279981407190	-237.064281472532429	-1.694998508874755	0.000144362731443	0.000029604718738	0.205071755306282	0.656072314658478	0	2	3	4	7	7	7	6	6	8	9	8	10	11	10	11	13	11	9	11	10	11	13	15	13	15	15	11	15	15	15	14	14	17	18	17	17	17	19	20	0	1	2	2	9	2	3	3	2	8	6	5	8	7	7	15	22	19	9	21	8	9	16	32	16	32	16	19	10	23	25	21	16	30	38	30	32	26	37	24	1	1	1	1	1	2	2	1	2	1	1	1	2	2	2	1	1	1	2	1	1	2	1	1	2	1	2	1	3	1	2	1	1	1	1	1	1	2	1	3
44500	-224.894027683143236	-223.510959254790066	-1.383068428353178	0.000109774463729	0.000048053793213	0.437750197822456	0.650206519468489	0	2	4	4	6	6	6	6	5	6	8	9	9	10	9	12	12	11	10	11	10	11	12	16	14	14	15	13	14	13	14	12	15	18	17	18	17	19	18	19	0	1	2	2	9	2	3	2	2	3	5	5	9	9	8	10	11	14	9	8	5	6	10	32	10	16	16	22	19	15	32	7	31	33	27	27	33	37	30	35	1	1	1	1	1	3	1	2	2	1	1	1	2	3	1	2	2	1	3	3	2	2	3	2	4	1	2	1	3	2	1	3	1	1	1	1	1	1	3	1
45000	-228.500158146560011	-227.042965284447291	-1.457192862112729	0.000117972305275	0.000038830231494	0.329147009571798	0.591378061726473	0	3	4	5	6	6	6	5	7	7	8	8	9	9	10	12	11	12	11	11	11	11	12	16	14	14	12	14	12	14	13	15	15	17	18	17	17	19	18	20	0	1	2	2	2	2	3	3	5	7	5	9	9	12	7	8	11	13	13	10	12	9	10	26	23	15	10	22	21	20	27	8	29	33	27	24	26	28	24	30	1	1	1	1	2	1	1	1	1	1	1	1	1	1	2	3	2	2	1	2	1	2	1	1	1	2	2	2	1	2	1	4	2	1	3	1	2	3	2	4
45500	-236.219922692497391	-234.747595652880193	-1.472327039617208	0.000100260781718	0.000031658352479	0.315760080231274	0.766630869843865	0	2	5	4	6	7	5	3	7	7	8	9	8	9	11	9	11	12	10	11	10	10	12	16	15	13	14	13	14	14	13	15	15	18	19	17	18	18	18	18	0	1	8	2	2	8	8	2	5	7	9	9	9	9	3	7	11	21	13	21	13	14	16	29	28	20	10	17	12	23	20	15	30	36	27	30	36	25	25	30	1	1	1	1	2	3	1	1	1	2	1	1	1	1	3	1	2	1	1	1	1	1	2	1	1	1	3	1	3	1	1	2	1	1	2	1	1	1	1	1
46000	-204.993491394241289	-203.631283177068923	-1.362208217172380	0.000052241940301	0.000027877170168	0.533616669048925	0.804188811834050	0	2	5	5	7	6	7	6	8	7	9	10	9	10	9	12	12	12	10	10	11	12	12	12	15	15	15	13	13	14	15	14	16	17	15	17	18	17	18	19	0	1	2	2	2	2	8	3	5	8	5	9	9	9	10	15	11	19	13	3	13	14	20	19	24	16	16	22	16	16	23	8	30	30	23	33	36	33	30	37	1	1	1	1	1	2	1	1	1	1	1	1	1	1	2	1	1	1	1	3	1	1	1	1	1	2	2	1	1	2	1	4	1	1	2	1	1	1	2	1
46500	-203.085262478269129	-201.477277264865023	-1.607985213404116	0.000100641184625	0.000023812844056	0.236611325122487	0.650449981363292	0	2	4	4	6	6	5	7	7	7	9	10	9	10	10	13	12	11	11	10	10	11	12	15	15	16	14	13	14	15	15	13	14	18	18	18	16	18	18	19	0	1	2	2	2	2	3	3	5	3	5	9	9	11	3	8	11	9	13	10	13	14	15	11	27	27	15	22	16	29	15	10	23	20	37	29	27	37	33	33	1	1	1	1	2	2	1	1	1	2	1	1	1	1	3	3	2	2	1	1	1	1	1	3	1	1	2	1	1	1	2	2	1	3	1	2	1	1	2	2
47000	-200.796843457335427	-199.435565136456205	-1.361278320879211	0.000088573850599	0.000048617999464	0.548897887297560	0.723029795767960	0	3	4	5	6	6	7	6	7	8	9	9	8	9	10	12	12	11	10	10	10	11	13	15	14	15	15	13	14	15	14	13	15	19	18	17	17	18	19	18	0	1	2	2	2	2	8	3	5	8	5	9	9	9	10	10	11	13	13	10	12	14	16	32	20	20	29	21	32	23	32	10	23	38	30	24	22	25	23	23	1	1	1	1	1	1	1	1	1	1	1	1	1	1	2	1	2	1	1	1	1	1	1	1	1	2	1	1	1	2	1	2	1	1	1	1	2	1	3	3
47500	-239.039441331423660	-237.559013433478128	-1.480427897945520	0.000149293703120	0.000046158229457	0.309177336296839	0.614680767809221	0	2	4	5	6	6	6	6	7	8	8	10	8	10	10	13	12	10	11	10	11	10	12	15	14	15	13	14	13	15	14	13	13	18	18	17	17	16	19	19	0	1	2	2	2	2	2	3	5	7	7	13	9	9	10	10	11	9	14	10	7	11	15	27	12	20	3	22	14	25	23	20	21	27	15	30	28	28	36	30	1	1	2	2	1	2	2	1	1	2	1	1	1	2	1	1	2	2	1	1	2	1	1	1	2	3	6	2	1	1	1	1	1	4	4	2	1	1	1	2
48000	-189.103973702800943	-187.731346879892385	-1.372626822908568	0.000103164285905	0.000048513247265	0.470252344007025	0.799533658820234	1	3	5	5	7	5	7	7	7	7	9	9	9	10	11	12	12	12	10	9	10	11	13	16	14	15	14	13	14	15	13	15	15	17	19	18	17	17	19	20	0	1	2	2	2	2	4	3	4	3	5	9	5	9	20	10	11	19	13	10	7	14	15	26	31	23	15	22	17	16	15	15	16	30	38	33	30	26	37	33	1	1	1	1	1	1	1	1	1	1	1	1	1	1	1	2	2	1	1	1	1	1	1	1	1	1	1	1	1	2	1	1	2	1	1	1	1	1	2	2
48500	-209.803524971050393	-208.118491582219235	-1.685033388831166	0.000106597448461	0.000022198316310	0.208244349469781	0.679967869176888	0	2	4	3	5	7	6	5	7	8	9	8	9	9	10	12	13	11	10	10	11	11	12	15	15	16	14	13	14	15	14	14	15	18	19	17	17	17	17	20	0	1	2	2	2	2	1	4	7	3	5	9	9	9	10	15	11	13	13	10	13	14	10	16	17	10	23	22	21	6	10	15	32	33	23	24	24	17	30	33	1	1	1	1	1	2	3	1	1	2	2	1	1	1	1	1	1	1	1	1	1	1	2	2	1	3	1	1	2	4	2	2	1	1	3	1	1	2	1	3
49000	-221.825484111477010	-220.218563419848806	-1.606920691628215	0.000104579535493	0.000024791630105	0.237060051834556	0.678170437102327	0	2	4	4	5	5	5	7	7	8	7	9	8	10	9	11	12	12	10	11	9	11	11	15	14	15	13	13	15	14	14	14	16	19	17	16	18	19	18	19	0	1	2	2	4	2	3	3	5	8	5	9	9	12	8	15	11	13	13	10	11	14	10	17	20	25	16	22	17	10	23	27	23	31	25	30	24	35	30	29	1	1	1	2	1	1	1	1	1	1	1	1	1	1	2	2	2	1	1	2	1	1	2	2	2	1	1	1	1	2	2	1	3	3	2	1	1	1	2	2
49500	-205.327195074838613	-203.952592991182939	-1.374602083655674	0.000044229668334	0.000031010800188	0.701131194425215	0.725584378722242	0	2	3	4	5	5	7	7	7	8	9	9	10	11	11	13	12	12	11	10	11	10	10	16	15	16	14	13	15	15	14	14	16	17	18	17	17	17	18	20	0	1	2	2	2	2	3	3	5	8	5	9	9	22	10	15	11	22	13	10	11	9	8	27	28	20	16	14	21	23	23	16	23	30	38	30	19	33	33	35	1	1	1	1	2	1	2	2	1	1	2	1	1	1	2	1	2	1	1	1	1	2	2	1	1	3	1	2	1	2	2	1	2	1	1	1	2	1	1	1
50000	-223.406826305545991	-221.872802948515016	-1.534023357030976	0.000136357643179	0.000037229548140	0.273028685974522	0.655462185429483	0	2	4	4	5	7	7	5	7	7	9	9	9	11	11	11	12	12	10	9	10	11	12	15	12	15	13	13	14	15	14	14	15	18	18	18	17	17	17	19	0	1	2	2	2	3	8	3	5	3	9	9	9	9	8	20	21	9	9	8	9	13	10	19	12	16	3	12	21	15	15	15	15	30	31	33	32	28	27	26	1	1	1	1	2	1	1	1	1	2	1	1	1	1	3	1	1	2	2	2	1	1	2	2	1	2	5	2	2	2	1	2	2	2	1	1	2	2	2	3
50500	-202.691540462177215	-201.270705115382356	-1.420835346794852	0.000099843633604	0.000036895176516	0.369529585252566	0.776788882807228	1	3	4	5	5	4	6	7	7	8	8	10	9	8	10	12	12	12	11	11	10	11	12	15	15	14	13	13	14	14	14	15	15	18	17	17	15	19	18	18	0	1	2	2	2	2	3	3	5	8	5	9	5	5	10	15	21	19	12	10	9	14	20	22	19	20	10	22	28	27	15	27	30	33	23	30	28	40	30	30	1	1	1	1	1	1	1	1	2	1	1	2	2	2	1	1	1	1	1	2	2	2	1	1	2	2	2	1	1	1	2	1	1	2	2	1	1	1	2	1
51000	-212.983789718968580	-211.388454812746204	-1.595334906222384	0.000131252367618	0.000031771577683	0.242064796695177	0.749279792436970	1	3	4	4	6	5	6	6	7	8	9	10	9	11	10	11	12	12	11	11	10	12	12	16	14	15	14	13	15	14	13	13	16	19	18	15	17	18	18	18	0	1	2	2	2	2	3	3	5	3	5	5	9	13	10	15	11	13	12	8	13	14	10	36	16	23	20	12	32	20	15	7	32	37	24	16	27	31	30	37	1	1	1	1	1	1	1	1	1	2	1	2	1	1	2	1	2	1	1	3	1	1	2	1	1	1	2	1	1	2	2	4	1	1	1	1	2	2	2	1
51500	-218.475680073786606	-216.656314024172701	-1.819366049613901	0.000090354518616	0.000015552093049	0.172123024807492	0.711578731974125	0	1	4	2	6	6	6	6	8	7	9	10	10	10	10	13	12	12	9	11	10	12	11	14	15	16	14	13	14	15	14	15	14	17	17	16	15	18	18	17	0	1	2	2	3	3	3	3	2	3	9	9	9	5	10	10	11	13	9	10	9	21	8	17	28	16	15	21	20	20	16	10	23	16	32	30	33	25	34	37	1	1	2	1	1	1	1	1	2	1	1	1	1	2	2	3	2	1	1	2	1	1	1	1	1	1	2	1	1	2	1	4	1	2	1	1	1	2	1	1
52000	-218.384971713124997	-216.737704837971705	-1.647266875153302	0.000115692189097	0.000025593317099	0.221219058078014	0.619740875334873	0	2	4	4	6	6	7	6	8	7	8	9	8	10	10	12	11	11	10	9	9	11	11	13	14	15	14	14	15	14	14	14	16	17	18	18	16	19	19	19	0	1	2	2	2	2	3	3	5	8	5	6	5	9	8	7	11	13	13	7	6	14	10	18	22	32	15	22	27	15	7	15	10	30	15	27	23	33	36	31	1	1	1	1	2	2	2	1	1	1	1	2	1	1	2	4	2	2	1	1	2	1	1	1	1	1	2	2	1	2	4	2	5	2	3	3	2	1	1	2
52500	-222.636209202554625	-221.260112870948035	-1.376096331606584	0.000109623670146	0.000050206688521	0.457991312043541	0.639869687313494	0	2	4	4	5	6	6	7	7	8	9	9	10	11	10	12	12	11	9	10	11	9	12	15	14	14	14	13	14	14	14	13	15	16	17	18	15	18	19	17	0	1	2	2	1	2	3	3	5	6	5	9	5	9	7	10	14	5	9	8	13	9	15	16	13	20	32	22	16	15	16	15	16	31	15	30	17	31	40	33	1	1	1	1	3	2	1	1	1	1	2	1	2	2	2	2	1	2	2	1	1	1	1	1	1	2	1	3	1	2	1	1	2	1	4	2	2	2	2	1
53000	-201.647730952885667	-200.230633025384947	-1.417097927500709	0.000108589605412	0.000040680705087	0.374627985178887	0.741236795036794	0	2	4	4	5	5	6	6	7	7	8	9	10	9	10	13	13	8	10	10	11	10	11	16	15	16	13	13	14	14	15	14	15	17	18	17	16	19	18	19	0	1	2	2	2	2	3	3	5	8	5	9	18	9	7	23	11	9	18	3	13	14	10	25	27	23	10	22	16	27	23	3	30	37	37	33	32	16	34	30	1	1	1	1	1	2	1	1	1	1	2	1	1	1	1	1	2	1	1	3	1	1	2	1	1	2	2	1	1	1	2	3	1	1	1	2	1	3	1	2
53500	-206.888314794232343	-205.162924829325220	-1.725389964907113	0.000095323090723	0.000018679349924	0.195958290721096	0.627668987967195	0	2	4	5	5	7	5	7	6	7	8	10	9	10	9	11	12	8	10	11	10	12	12	15	13	15	15	13	14	14	15	15	16	18	16	17	17	16	17	19	0	1	2	2	2	2	3	7	5	7	5	9	18	13	3	15	11	9	18	8	4	12	10	25	21	20	23	14	25	21	23	25	30	36	23	30	26	28	24	30	1	1	1	2	1	2	1	1	1	1	1	3	1	1	2	1	2	1	1	2	2	1	2	1	1	2	1	2	1	2	1	1	1	1	2	2	1	1	1	2
54000	-190.705840627787694	-189.117495835180620	-1.588344792607081	0.000103449625009	0.000025365503786	0.245196672141874	0.858032254425515	0	2	3	4	6	6	5	4	7	6	8	10	9	10	11	12	11	11	10	10	9	11	13	15	14	15	15	13	15	15	14	14	16	17	18	18	18	17	19	20	0	1	2	2	2	8	3	3	5	8	5	9	9	9	21	20	11	13	13	8	10	14	15	23	15	15	23	22	25	20	23	15	25	30	24	33	34	24	37	33	1	1	1	1	2	1	1	1	1	1	1	1	1	1	1	1	2	1	1	2	2	1	1	1	2	1	1	2	1	2	1	1	1	1	2	1	1	1	1	1
54500	-192.857905222480355	-191.269120434338191	-1.588784788142158	0.000101758762146	0.000024930584394	0.244996930667311	0.872607778119034	0	3	4	5	7	7	6	6	8	8	9	9	9	10	9	11	12	12	10	10	10	11	12	16	15	15	14	14	13	13	14	14	14	19	19	17	16	19	19	17	0	1	2	2	2	3	2	3	5	8	5	9	5	9	10	15	11	13	13	15	10	14	10	23	29	29	23	14	21	21	23	16	21	36	24	29	27	40	33	33	1	1	1	1	1	1	2	1	1	1	1	1	1	1	1	1	1	2	1	1	1	1	2	1	1	1	1	2	1	2	1	1	2	1	1	2	1	1	2	1
55000	-204.104414855252514	-202.621911822865115	-1.482503032387385	0.000115613006134	0.000035556651926	0.307548891900352	0.643810080411343	0	3	5	4	6	6	7	6	7	7	8	9	8	10	9	12	13	11	11	10	9	12	13	14	14	16	14	13	14	14	15	14	16	17	17	17	18	18	18	20	0	1	2	2	2	2	8	3	5	3	5	5	9	5	7	3	11	13	5	7	5	14	16	16	10	15	20	22	17	23	23	10	30	26	27	30	26	26	36	37	1	2	1	1	2	1	1	1	1	2	1	1	1	1	1	3	2	2	2	1	1	1	1	1	3	2	2	1	1	1	1	3	1	1	1	2	1	1	1	1
55500	-200.751314896569681	-199.334853962643848	-1.416460933925824	0.000076719941341	0.000028809933417	0.375520795676134	0.877373206566635	-1	3	4	4	5	5	5	6	7	7	9	10	9	10	10	12	13	12	11	9	11	11	13	15	13	15	14	13	13	14	14	12	15	17	18	16	17	18	19	20	0	1	2	2	2	2	3	3	5	7	5	13	9	9	10	8	11	22	13	10	11	13	20	17	12	23	21	14	32	16	16	15	30	30	27	30	36	25	34	37	1	2	1	1	1	1	1	1	1	1	1	1	2	1	2	3	2	1	1	1	1	1	2	1	1	1	1	1	1	1	1	1	1	1	2	1	1	2	1	2
56000	-199.225696180188663	-197.861782847560534	-1.363913332628131	0.000070810681552	0.000036575656581	0.516527390774810	0.744659191890370	0	2	4	5	6	6	6	6	8	8	9	8	10	11	10	12	12	11	11	10	10	11	11	16	14	14	14	13	13	14	13	14	13	19	17	17	15	18	17	20	0	1	2	2	4	2	3	3	5	3	5	5	9	9	10	10	11	13	13	10	9	21	10	33	16	15	10	22	16	23	23	8	23	36	23	33	23	36	24	38	1	1	1	2	1	1	1	1	1	1	1	2	1	2	1	2	2	1	1	1	1	1	1	2	1	2	3	1	1	2	1	4	2	1	3	2	2	1	1	1
56500	-193.987544627385859	-192.395558437801469	-1.591986189584403	0.000097516257074	0.000023750497395	0.243554235031614	0.632886374353680	1	2	5	4	6	6	7	6	8	7	9	10	9	10	11	12	12	11	11	9	10	10	12	14	14	13	13	13	14	14	14	15	16	18	17	18	17	18	19	19	0	1	2	2	2	2	3	3	5	3	5	9	5	5	7	20	11	13	13	3	7	9	20	19	11	20	16	14	28	23	16	27	30	30	15	30	26	33	35	36	1	1	1	1	2	3	1	1	1	1	1	1	1	2	1	2	2	1	1	2	1	1	1	2	2	2	1	1	1	1	1	1	1	2	3	3	2	1	1	1
57000	-182.957365579440847	-181.522393294099203	-1.434972285341634	0.000082542004165	0.000029063043256	0.352100043479880	0.882202355711900	0	2	5	5	6	6	6	7	8	8	8	10	9	10	10	11	11	12	11	10	10	10	12	15	13	15	13	12	14	14	14	14	16	19	18	17	17	16	18	19	0	1	2	2	4	3	3	7	5	7	5	5	9	9	10	10	11	13	13	10	13	9	15	30	16	23	16	12	23	16	23	16	30	39	33	30	24	25	33	24	1	1	2	2	1	1	1	1	1	1	1	3	1	1	2	2	2	2	1	1	1	1	1	1	1	1	1	1	1	1	1	1	1	1	1	1	1	1	1	1
57500	-208.328540603314536	-206.923946109594084	-1.404594493720446	0.000094281974079	0.000037113567187	0.393644358318818	0.736854283192517	0	3	4	4	6	6	6	7	7	7	8	9	9	11	11	12	12	11	10	9	10	11	10	16	14	15	13	14	15	14	14	15	16	17	18	17	17	19	18	19	0	1	2	2	2	4	3	7	5	7	5	9	9	13	6	3	11	13	9	10	11	5	10	31	16	20	23	22	31	16	8	27	25	33	24	29	14	24	24	34	1	2	1	1	1	1	1	1	1	1	1	2	2	1	3	3	2	1	2	1	1	3	1	1	1	3	1	1	1	1	3	2	1	1	1	1	2	1	1	1
58000	-215.874693114915772	-214.400293439395938	-1.474399675519843	0.000095644159962	0.000030036126387	0.314040359587325	0.564625295209157	-1	2	4	4	5	6	6	5	7	7	8	10	9	11	10	12	13	10	11	11	10	12	11	15	14	15	14	14	13	14	14	14	16	18	17	17	17	18	18	19	0	1	2	2	2	2	3	3	5	8	9	9	9	18	10	21	18	9	13	3	10	9	10	16	13	32	3	18	20	23	16	20	30	29	15	27	31	33	35	33	1	1	1	1	2	2	1	1	1	1	1	2	2	1	2	2	1	2	1	3	1	3	2	2	2	1	5	2	1	2	1	2	1	2	3	1	1	2	1	2
58500	-220.224405187469017	-218.652155548249823	-1.572249639219205	0.000112439711922	0.000028420054129	0.252758154951496	0.648242310452473	0	2	4	4	6	7	6	7	8	6	8	9	9	11	10	12	12	10	10	10	11	12	12	16	14	16	14	13	15	14	15	15	15	19	18	16	17	17	19	20	0	1	2	2	4	2	3	7	5	3	5	9	5	5	3	7	11	13	9	6	11	12	20	19	20	23	16	14	30	10	15	27	23	31	20	23	22	25	38	34	1	1	1	1	1	2	1	1	2	1	1	1	1	2	3	3	2	1	1	1	1	2	1	3	2	3	1	1	1	4	3	1	2	2	4	2	2	1	1	1
59000	-235.303108155773259	-233.933345927930986	-1.369762227842279	0.000091208188818	0.000043973698923	0.482124461551463	0.646117909667324	0	1	4	4	6	6	7	6	7	8	8	10	8	8	10	12	12	12	10	10	10	10	12	15	14	15	14	13	13	14	14	14	16	18	19	17	16	17	19	18	0	1	2	2	4	4	2	2	5	7	5	14	9	5	3	10	11	13	13	3	14	9	10	28	16	16	16	22	19	3	16	16	16	25	33	33	32	29	16	29	1	1	1	1	1	1	3	2	1	1	1	1	1	2	3	1	2	2	1	3	1	2	2	1	1	1	1	1	2	4	1	1	2	1	1	1	1	2	4	3
59500	-196.416103563268592	-195.043551285268052	-1.372552278000542	0.000102731471879	0.000048339079989	0.470538181770817	0.768448951280494	0	2	3	4	6	6	6	5	7	8	9	9	9	10	11	12	11	11	11	10	10	11	12	15	13	15	15	13	14	14	14	15	15	19	16	17	16	16	18	19	0	1	2	2	2	2	3	3	5	8	5	9	9	9	7	20	11	13	13	7	10	14	20	16	14	20	20	19	28	16	23	16	30	33	23	30	25	32	35	35	1	1	1	1	1	2	1	1	1	2	1	1	1	2	3	1	2	1	1	2	1	1	1	1	2	2	2	1	1	1	1	1	1	2	2	1	1	1	1	2
60000	-224.630785835686140	-223.164838917987083	-1.465946917699061	0.000106244003934	0.000034127491547	0.321218047917966	0.831613716346940	0	3	4	4	5	7	6	6	7	7	8	9	9	10	10	12	10	11	11	10	11	11	12	16	14	16	14	12	15	14	14	14	15	18	16	16	17	19	18	19	0	1	2	2	2	3	3	3	5	3	5	9	9	12	8	10	11	13	12	6	12	14	15	27	12	23	21	22	22	10	16	16	30	36	25	32	25	36	24	35	1	1	1	1	1	1	1	1	1	1	2	2	1	1	2	2	1	1	1	1	1	1	2	1	1	3	2	1	1	2	1	2	1	1	1	2	1	2	1	2
60500	-207.950450054797500	-206.529757620409754	-1.420692434387739	0.000099786509760	0.000036893098909	0.369720305854053	0.749253905996466	1	3	3	4	6	6	4	7	8	7	8	9	9	10	10	12	11	11	10	11	10	12	13	16	14	15	14	13	15	13	15	14	16	17	19	17	18	19	16	20	0	1	1	2	1	2	3	3	5	7	5	5	9	9	8	21	11	13	13	15	8	14	15	14	21	20	16	22	28	8	16	20	25	33	23	33	27	34	30	33	1	1	1	1	3	1	1	2	1	2	1	2	1	1	1	2	2	1	1	1	1	1	1	2	2	2	1	1	1	2	1	2	1	1	3	1	1	2	2	2
61000	-222.538105749965695	-221.160281222947532	-1.377824527018157	0.000070800142858	0.000032038030351	0.452513639905379	0.630461725352091	0	2	5	4	5	5	6	4	7	8	7	8	8	11	10	12	12	11	8	10	11	11	12	14	14	15	14	12	12	13	14	15	15	17	16	18	17	18	19	19	0	1	8	2	2	2	3	2	5	3	5	9	9	9	3	8	11	13	9	10	13	12	15	28	18	29	23	14	18	23	16	23	30	33	31	35	29	24	33	33	1	1	1	1	1	2	1	2	1	2	1	1	1	2	2	5	3	2	1	1	1	1	2	1	1	2	1	1	1	1	1	1	1	1	1	1	3	2	2	1
61500	-194.738901198833105	-193.128871996403319	-1.610029202429800	0.000091148880416	0.000021488785437	0.235754793030206	0.643925818666896	-1	2	4	4	5	6	6	6	7	8	9	9	8	9	11	12	12	11	10	10	8	11	12	15	14	15	13	13	14	14	14	12	15	18	16	17	17	18	19	18	0	1	2	2	2	2	3	3	5	7	21	13	9	9	21	10	11	13	13	10	6	14	10	29	32	16	16	22	28	16	15	20	30	33	23	15	25	18	36	30	1	1	1	1	2	2	1	2	1	1	1	1	1	1	3	2	2	1	1	1	1	1	2	1	1	1	1	1	1	1	1	1	1	1	2	3	1	4	1	2
62000	-233.909745089864032	-231.755905506903048	-2.153839582960972	0.000101822872914	0.000012019389914	0.118042140922685	0.626764009423070	0	2	4	4	6	5	6	6	5	8	9	9	8	11	10	11	12	11	8	10	11	10	11	16	14	14	12	14	13	15	14	14	15	17	19	17	18	19	19	18	0	1	2	2	2	2	3	3	2	7	9	5	5	5	10	8	11	22	9	10	20	9	10	31	12	20	10	22	15	16	16	27	25	23	16	16	18	36	34	33	1	1	1	1	2	2	1	1	1	1	2	1	1	2	1	3	1	1	2	1	1	3	2	1	2	3	2	2	1	2	1	1	1	2	4	3	3	1	2	2
62500	-214.383162721552338	-212.966784840260999	-1.416377881291353	0.000092280688029	0.000034664108675	0.375637735432101	0.603094679066649	-1	2	3	5	6	7	4	5	8	7	8	10	9	11	9	12	12	11	10	11	11	12	13	15	13	15	14	13	13	13	15	14	15	17	18	17	15	17	17	18	0	1	2	2	2	2	3	3	5	8	5	11	9	9	10	3	11	13	5	10	12	14	20	17	17	20	16	14	6	16	23	16	30	16	30	30	28	17	16	30	1	1	1	2	2	2	1	1	1	1	1	1	1	2	1	3	2	1	2	2	1	1	1	1	1	2	1	1	3	1	1	1	2	1	2	2	1	3	2	2
63000	-212.816110085064054	-211.142500087592026	-1.673609997472040	0.000108855482019	0.000023077775604	0.212003797844130	0.739194026003103	1	2	4	3	5	6	6	6	7	8	8	8	8	10	11	13	12	11	9	10	11	11	12	15	14	14	13	12	15	14	14	14	15	19	18	17	17	18	17	20	0	1	2	2	4	2	2	3	5	8	5	7	9	9	10	3	11	19	13	10	12	9	8	23	17	21	10	22	16	15	23	16	30	33	33	33	16	33	16	30	1	1	1	1	1	2	2	1	1	1	2	1	1	2	2	4	2	1	1	1	2	2	2	2	1	1	2	1	1	1	1	1	1	2	1	2	2	1	2	3
63500	-189.496735594321649	-188.103850173442311	-1.392885420879338	0.000103716605335	0.000043063296140	0.415201558140752	0.812710600579176	0	2	5	4	5	4	6	6	7	8	8	9	9	10	10	13	12	12	11	10	10	11	12	15	14	14	14	12	15	14	15	12	16	19	18	16	18	16	18	18	0	1	2	2	2	2	6	3	5	7	5	5	9	12	10	15	11	13	13	10	12	12	10	25	28	20	32	22	26	23	15	15	30	36	36	30	38	25	33	33	1	1	1	1	2	1	1	1	2	1	2	2	1	1	1	1	2	1	2	1	1	1	1	1	1	2	1	1	1	1	3	1	1	1	1	2	1	1	1	1
64000	-202.369569094593771	-200.646657908526720	-1.722911186067055	0.000148491032050	0.000029204009106	0.196671871036698	0.727306063616501	1	3	5	4	6	5	7	6	7	7	8	9	9	11	10	12	12	11	10	11	10	11	12	14	13	15	14	13	15	14	15	14	15	18	16	17	16	18	17	18	0	1	2	2	2	2	3	3	2	3	9	9	9	13	10	15	11	13	9	15	12	9	15	19	13	23	15	22	23	23	23	23	32	39	23	30	31	26	25	30	1	1	1	1	1	1	1	1	2	1	1	1	1	1	1	1	2	1	2	1	1	2	1	2	2	1	2	1	2	1	1	1	1	1	2	1	1	2	2	2
64500	-218.422441025270643	-217.048515097998177	-1.373925927272469	0.000114804559109	0.000053434070987	0.465435095970843	0.573669200691726	0	2	5	5	7	7	4	6	7	7	8	10	8	10	10	12	11	12	9	10	10	12	12	15	14	15	14	14	14	14	13	13	15	16	18	18	16	18	19	19	0	1	7	2	4	4	2	3	4	3	4	13	9	9	3	15	11	14	9	6	9	12	15	18	23	15	31	22	18	16	4	15	31	30	23	20	31	34	36	35	1	1	1	2	1	1	1	1	1	1	2	1	1	2	2	1	1	1	1	1	2	1	1	1	1	2	1	1	1	1	4	2	1	1	3	3	2	1	1	1
65000	-184.172232280222346	-182.811253956544050	-1.360978323678297	0.000071475117446	0.000041605271511	0.582094482644750	0.878753322953413	0	2	4	4	6	6	5	6	7	8	8	9	9	10	10	13	13	11	11	11	11	10	11	16	14	14	13	13	15	14	14	15	16	19	18	17	18	18	18	20	0	1	2	2	2	2	3	3	5	7	5	9	9	9	10	15	11	13	13	10	12	9	15	28	16	20	10	14	20	23	23	27	27	36	30	30	24	30	33	39	1	1	1	1	2	2	1	1	1	1	1	1	1	2	1	1	2	1	1	1	1	1	1	1	1	1	2	2	1	2	1	1	1	1	2	1	1	1	1	1
65500	-205.651176231425637	-203.915021548854810	-1.736154682570823	0.000107962524311	0.000020827763597	0.192916604438861	0.751394875668647	0	3	4	4	6	5	6	7	8	6	8	10	8	10	9	12	11	11	10	10	10	12	12	14	14	15	14	12	14	15	14	13	14	17	19	17	18	16	17	18	0	1	2	2	2	4	3	7	5	3	5	9	5	9	10	21	11	13	13	10	3	14	10	28	19	20	23	21	32	33	16	23	23	33	37	23	32	33	38	29	1	1	1	1	1	1	1	1	1	1	1	1	1	1	2	1	1	1	1	2	3	1	3	1	1	1	1	1	1	1	1	1	1	2	1	3	1	1	1	2
66000	-215.585621849052444	-214.202520602900336	-1.383101246152095	0.000097048854933	0.000042474895310	0.437665084655533	0.633323209728561	0	2	4	4	5	6	6	7	6	7	9	9	8	10	11	12	12	10	10	10	8	11	13	16	14	15	14	13	14	15	14	12	16	18	18	16	18	18	17	19	0	1	2	2	1	2	3	3	5	6	6	9	9	13	10	7	11	13	13	10	7	21	15	29	9	20	16	14	17	15	32	3	16	33	24	30	30	33	30	38	1	1	1	1	3	2	1	2	1	1	2	2	1	1	2	3	2	1	1	1	1	2	1	1	3	2	1	1	1	2	1	3	2	1	1	1	1	1	1	1
66500	-218.048069429908139	-216.631031563609014	-1.417037866299119	0.000100707673519	0.000037736359656	0.374711859957957	0.726010796569126	0	2	4	4	6	5	7	6	7	7	9	9	9	11	11	12	13	11	11	10	11	12	13	15	15	14	14	13	14	14	13	14	16	17	16	18	17	17	16	19	0	1	2	2	2	2	8	3	5	8	5	5	5	13	7	3	21	13	9	10	7	14	15	27	30	20	16	22	17	15	16	15	30	25	23	38	31	22	15	33	1	1	1	1	2	1	1	2	1	1	1	2	2	1	3	4	1	1	2	1	2	1	1	1	1	2	1	1	1	1	1	1	1	1	1	1	2	2	2	1
67000	-176.024210182312288	-174.661653491707682	-1.362556690604599	0.000088049385570	0.000046617936219	0.529452146849468	0.706555297211638	0	3	4	4	6	7	6	7	7	8	8	9	9	11	9	12	12	11	11	11	10	12	12	16	15	15	13	13	14	15	15	14	14	18	19	18	17	18	18	20	0	1	2	2	2	4	3	7	5	7	5	9	9	9	8	21	11	13	13	10	15	9	10	33	16	20	20	22	28	33	32	15	23	30	37	24	33	24	24	34	1	1	1	1	1	1	1	1	1	1	1	1	1	2	1	1	2	1	1	1	1	2	2	1	1	2	1	1	1	1	1	3	1	1	1	1	1	1	1	1
67500	-234.240088400962804	-232.718516040718214	-1.521572360244602	0.000139807934153	0.000039213806626	0.280483413643110	0.693379908977748	1	2	4	4	6	6	7	7	6	8	8	8	9	8	9	12	12	10	9	11	10	11	11	15	13	15	14	12	13	15	14	13	15	18	17	17	15	16	19	20	0	1	2	2	2	2	3	2	1	8	5	5	12	5	10	8	11	19	9	10	12	13	10	29	19	23	10	22	23	23	16	20	23	27	25	30	19	10	33	33	1	1	1	1	2	1	1	2	2	1	1	1	1	1	1	3	2	1	2	1	1	1	2	1	1	2	2	1	1	2	1	1	2	2	1	1	3	5	2	2
68000	-194.247979857191353	-192.697097432229072	-1.550882424962286	0.000065286861914	0.000017212519516	0.263644460947464	0.569753493573416	0	2	4	5	6	6	6	6	8	8	9	8	9	10	11	11	12	11	11	10	10	12	12	16	14	14	14	13	14	15	14	13	14	17	17	17	17	19	18	19	0	1	2	2	2	4	3	3	5	7	5	5	5	5	3	21	11	13	13	10	7	14	16	30	32	20	32	22	13	33	16	16	23	30	23	30	15	36	24	33	1	1	1	1	2	1	1	2	2	1	1	1	2	2	3	1	2	1	1	1	2	1	1	1	1	1	1	1	2	1	1	1	1	1	2	1	3	1	2	3
68500	-214.769257649782361	-213.173652575456543	-1.595605074325810	0.000089692677256	0.000021700739000	0.241945492803578	0.528682484175453	0	2	4	4	6	6	5	6	8	7	8	9	9	10	9	11	12	12	10	11	9	11	12	15	15	13	15	14	15	14	14	15	15	18	18	17	17	18	19	19	0	1	2	1	2	2	1	3	5	6	5	5	5	9	10	7	11	21	13	21	4	14	16	28	30	15	8	22	15	23	23	20	30	27	36	29	29	27	33	36	1	1	1	3	2	2	3	1	1	1	1	1	2	1	1	3	2	2	1	2	3	1	1	1	1	2	3	1	2	1	1	2	1	2	1	1	2	2	2	1
69000	-266.100867311006255	-264.558732835127671	-1.542134475878598	0.000152763708951	0.000041004586106	0.268418372321327	0.566998821479627	0	2	5	4	7	6	6	6	6	8	8	9	9	9	9	12	12	11	11	9	10	11	13	16	14	15	15	13	14	14	12	15	13	19	18	18	17	17	18	19	0	1	2	2	9	4	3	2	3	3	4	9	9	9	10	10	5	5	14	6	13	12	7	22	31	20	23	14	12	31	15	16	15	29	24	33	27	31	29	23	1	1	2	1	1	1	1	2	1	1	4	1	2	1	1	2	3	1	1	2	1	1	2	2	1	2	1	3	2	1	3	3	2	1	1	3	1	2	2	3
69500	-213.966876636613563	-212.605726323002159	-1.361150313611413	0.000107078554485	0.000059117534091	0.552094995825286	0.720411130471583	1	2	4	5	5	5	6	7	6	7	7	9	8	9	10	12	13	11	10	11	9	11	13	15	13	15	13	11	14	14	15	14	15	19	18	17	16	18	18	20	0	1	2	2	2	2	3	3	5	4	4	9	9	9	3	20	18	21	13	15	11	9	15	19	28	27	10	9	12	23	16	16	23	31	33	30	16	24	23	39	1	1	1	2	1	2	1	2	1	1	1	1	1	1	2	1	1	1	1	1	1	2	2	2	1	1	3	3	2	1	2	1	1	2	2	1	2	2	2	1
70000	-212.043396119972158	-210.465499722290929	-1.577896397681227	0.000154658149244	0.000038671841191	0.250047225962318	0.751936888140457	-1	3	4	4	5	6	6	7	7	8	8	9	9	8	9	12	12	12	9	11	11	11	12	15	14	15	13	13	15	15	13	13	15	19	18	18	17	19	17	19	0	1	2	1	2	2	3	3	5	7	5	9	5	5	10	15	11	21	9	15	12	14	15	31	23	31	10	14	28	27	10	10	27	36	27	33	18	39	33	29	1	1	1	3	1	1	1	1	1	1	2	1	2	2	1	1	2	1	1	1	1	2	1	1	1	1	2	3	1	1	2	1	1	1	2	2	2	1	1	2
70500	-190.207898724246547	-188.797006228040914	-1.410892496205636	0.000084385314384	0.000032374463637	0.383650447629874	0.718300388999902	0	2	5	4	6	6	7	4	7	7	8	9	9	10	10	10	13	11	11	11	9	11	13	15	15	14	14	13	15	13	15	14	15	19	18	17	17	18	18	19	0	1	8	2	8	2	3	2	5	8	5	9	9	12	3	3	11	13	13	7	10	14	16	17	32	20	15	22	17	16	23	15	30	38	23	30	29	36	36	33	1	1	1	1	1	2	2	2	1	1	2	1	1	1	2	2	2	1	1	2	1	1	1	1	1	1	2	1	1	1	2	2	1	1	2	2	1	1	1	2
71000	-211.879070929946209	-210.442589259690550	-1.436481670255660	0.000075018931893	0.000026285713528	0.350387733665443	0.733167466387882	0	2	4	4	5	5	6	6	7	7	8	9	9	10	10	11	12	12	10	9	10	11	12	16	12	15	15	14	14	14	13	14	15	16	17	17	17	18	17	20	0	1	2	2	2	2	5	3	5	6	5	5	5	12	10	7	5	13	13	10	5	12	15	26	21	16	16	22	17	16	15	16	16	30	26	33	16	29	34	33	1	1	1	1	3	1	1	1	1	1	1	2	2	1	1	3	4	2	1	1	3	1	1	1	1	2	2	1	1	2	1	2	2	1	1	1	3	2	1	2
71500	-232.843533207617980	-231.482254070033491	-1.361279137584487	0.000092951400062	0.000051019084428	0.548879138929732	0.672467574766954	0	2	4	4	5	6	7	6	7	8	7	10	8	9	9	10	11	10	10	11	10	10	11	15	12	16	11	12	14	14	14	13	16	18	19	15	16	18	17	20	0	1	2	2	2	4	8	3	5	8	5	9	9	9	8	7	11	13	13	10	10	14	8	22	12	32	10	22	16	23	16	15	30	30	26	16	24	36	31	33	1	1	1	1	1	1	1	1	1	1	1	2	1	1	2	2	2	1	1	2	1	1	3	3	2	2	1	2	3	2	2	1	2	3	2	1	1	1	2	2
72000	-222.483928184809031	-220.935334609757774	-1.548593575051268	0.000111118772666	0.000029432530119	0.264874506917004	0.775457630795942	0	2	4	5	7	7	5	7	6	8	7	8	8	9	11	13	10	11	9	11	9	10	11	15	13	15	15	13	12	15	13	14	15	18	18	17	17	19	18	20	0	1	2	2	9	2	3	3	4	7	9	9	9	5	10	10	11	21	13	10	3	14	10	15	18	16	16	22	23	21	23	29	23	36	16	24	24	27	30	30	1	1	1	2	1	2	1	1	1	1	1	1	2	1	2	2	1	1	1	2	2	1	2	2	2	1	1	1	1	4	2	1	2	1	2	1	1	2	2	2
72500	-221.456867073893250	-219.842455553248556	-1.614411520644705	0.000097119952366	0.000022720287323	0.233940470207730	0.775066991807735	-1	2	4	4	7	6	6	6	6	8	9	9	7	10	11	12	13	11	11	10	11	12	12	15	13	15	13	14	14	14	14	14	15	18	17	17	16	18	18	17	0	1	2	2	9	4	3	3	4	3	9	9	9	13	3	8	14	9	13	10	12	21	15	15	19	21	16	21	27	16	16	27	23	40	23	33	29	26	33	30	1	1	1	1	1	1	1	1	1	2	2	1	1	2	4	3	2	2	2	1	1	1	1	2	1	1	1	1	1	2	2	1	1	1	2	1	1	2	2	2
73000	-205.201017606537789	-203.836193568335347	-1.364824038202450	0.000079153750131	0.000050429839671	0.637112449970632	0.770616023351018	1	2	4	3	5	7	5	6	7	8	6	9	9	9	11	13	12	10	11	10	11	12	12	15	14	15	14	13	12	15	15	14	14	18	16	17	18	18	19	19	0	1	2	2	2	2	3	3	5	3	5	9	9	9	8	20	12	13	13	8	14	14	15	25	28	32	15	22	12	23	20	15	23	30	23	30	36	28	37	34	1	1	1	1	1	2	1	1	1	2	1	1	1	1	2	2	2	1	1	2	1	1	1	1	1	1	2	1	2	1	3	1	2	1	2	1	1	2	1	1
73500	-211.293239155839416	-209.862953971319286	-1.430285184520128	0.000107988284743	0.000038615209239	0.357587022808033	0.707672342135786	0	3	4	5	6	6	6	7	7	6	9	9	9	10	10	13	12	11	11	9	10	10	12	15	13	16	14	12	15	14	15	13	15	18	18	17	16	17	19	20	0	1	2	2	2	4	3	6	5	3	5	5	9	9	10	15	5	9	14	3	12	9	15	13	23	27	16	22	19	20	16	15	23	30	36	33	19	30	30	33	1	2	1	2	1	1	1	1	1	1	2	1	1	2	2	1	3	3	1	2	1	1	1	2	1	1	1	1	1	2	1	2	1	1	1	1	2	1	2	2
74000	-213.790621330139970	-212.429389124310347	-1.361232205829609	0.000091401293418	0.000050269520022	0.549986965635922	0.652402824956819	0	2	4	4	5	6	6	7	8	8	9	9	10	10	10	10	11	12	10	10	11	11	10	16	15	13	14	13	14	13	14	14	15	18	18	18	16	18	18	19	0	1	2	2	2	2	3	7	5	7	5	5	9	11	10	10	11	13	9	7	16	14	10	27	28	16	16	14	23	15	21	20	30	30	15	33	30	24	31	33	1	1	2	1	1	1	1	1	2	1	2	2	1	1	2	2	1	1	1	2	1	1	1	1	1	2	2	2	2	1	2	3	1	3	3	2	2	1	1	2
74500	-219.770136888965339	-218.244751603882293	-1.525385285083045	0.000109878039555	0.000030562493975	0.278149247099438	0.539727559313316	1	2	4	3	7	5	5	6	8	7	9	10	9	10	10	11	12	11	10	11	11	11	12	16	14	16	14	14	15	15	14	15	14	18	17	17	16	16	19	19	0	1	2	2	2	3	3	3	5	7	5	5	9	9	10	7	11	19	13	7	11	5	8	28	23	27	10	22	33	33	10	23	23	16	30	30	29	13	23	35	1	1	2	1	2	1	1	1	1	1	1	1	1	1	2	3	2	1	1	2	1	2	2	1	1	1	3	3	1	1	4	1	1	4	1	1	1	3	2	1
75000	-220.526131314819196	-218.798457726103948	-1.727673588715241	0.000118030455702	0.000023051975361	0.195305315256026	0.765288508238354	1	2	4	4	5	6	5	6	7	7	9	8	9	9	10	13	12	11	11	11	8	11	13	15	15	15	15	14	13	14	14	12	15	17	18	17	17	17	19	16	0	1	2	2	4	7	3	7	6	8	5	5	9	9	3	20	11	13	12	21	8	14	15	28	17	15	16	22	32	15	16	15	29	30	38	15	18	27	16	33	1	1	1	1	1	1	1	1	1	1	1	2	1	1	3	1	1	1	2	1	1	1	1	1	1	2	1	2	1	1	1	1	1	1	1	2	3	1	2	1
75500	-188.905595584454034	-187.533702079269744	-1.371893505184294	0.000076476476520	0.000036181984633	0.473112599846020	0.641423578919220	0	2	4	4	6	6	7	7	7	8	8	8	9	9	8	13	12	11	10	11	10	11	12	15	12	15	14	13	15	14	14	14	15	18	19	16	16	18	18	20	0	1	2	2	2	2	3	3	5	6	5	9	9	9	8	10	11	14	13	7	10	14	10	28	12	16	16	13	22	23	23	23	30	36	37	30	26	31	33	39	1	1	1	1	2	2	2	2	1	1	1	1	1	1	1	2	2	1	1	2	1	1	2	1	2	1	1	1	2	1	1	1	1	1	2	1	1	2	2	1
76000	-201.365089734226416	-199.936859368103512	-1.428230366122908	0.000069296162814	0.000024952060170	0.360078526089243	0.812577001623415	0	2	5	4	5	6	6	7	7	7	8	9	8	10	10	11	12	11	11	11	11	12	13	16	14	15	15	13	15	14	15	13	16	18	18	18	17	17	18	18	0	1	2	2	2	2	3	3	5	3	5	9	9	9	7	10	11	13	13	10	14	14	20	29	32	25	25	22	22	15	23	16	30	30	37	33	23	29	33	29	1	1	1	1	1	2	1	1	1	1	2	1	1	1	2	2	2	1	2	2	1	1	1	1	1	1	1	1	1	2	1	1	1	1	1	1	2	1	1	1
76500	-219.232632558516542	-217.668488806174764	-1.564143752341779	0.000086044223375	0.000022093282184	0.256766594166140	0.647943657338064	0	3	4	4	6	5	6	7	7	7	8	10	8	8	10	13	12	10	10	11	9	12	13	14	15	16	13	13	14	14	15	15	16	17	17	17	17	18	18	19	0	1	1	2	2	1	4	7	5	7	5	21	9	9	8	21	11	13	9	21	10	14	8	27	30	20	15	22	12	15	15	24	15	30	30	30	18	26	34	36	1	2	3	1	1	2	1	1	1	1	1	1	1	1	1	2	2	1	1	1	2	2	3	1	1	3	1	1	2	2	2	1	3	1	1	2	3	1	1	1
77000	-224.337359410299740	-222.895956001824118	-1.441403408475628	0.000136433035871	0.000047066039134	0.344975385425622	0.534972593750539	1	3	4	4	6	5	7	6	7	8	7	9	9	11	10	13	11	11	10	10	10	10	12	16	15	15	14	14	15	14	15	13	15	19	18	17	17	18	18	18	0	1	2	2	2	2	3	3	2	8	5	5	9	9	3	7	11	13	5	10	12	5	20	26	19	3	32	19	16	32	27	10	30	16	33	30	27	6	30	30	1	1	1	1	1	1	2	1	2	1	1	1	1	2	3	2	3	1	2	1	1	2	1	1	2	5	1	2	1	1	1	2	1	4	2	1	2	4	2	2
77500	-207.231455642745885	-205.833530603087070	-1.397925039658813	0.000096284562493	0.000039030538079	0.405366520540070	0.609222428507755	0	2	5	4	5	6	6	6	7	8	7	9	9	10	10	12	12	11	11	10	11	11	13	15	14	15	13	12	14	15	14	14	16	18	18	18	17	19	19	19	0	1	4	1	2	2	3	3	5	3	5	11	9	9	10	10	11	13	12	10	13	14	16	32	9	20	15	22	23	16	23	27	25	37	24	24	19	37	33	30	1	1	1	3	1	2	1	1	1	1	1	1	1	1	1	2	2	1	1	1	1	1	1	1	3	2	1	1	1	1	1	1	1	1	1	2	3	1	2	1
78000	-197.784223136488436	-196.309335665193316	-1.474887471295121	0.000105102569798	0.000032964292603	0.313639263687876	0.691439583386416	1	2	5	3	6	6	7	6	7	8	8	8	9	11	10	12	13	12	11	10	11	11	13	15	14	14	13	13	14	14	12	14	15	19	18	17	17	18	19	19	0	1	2	2	2	3	3	3	5	3	5	9	9	9	10	10	14	13	13	10	13	13	31	19	31	20	15	22	18	16	15	27	30	33	33	33	25	25	37	16	1	1	1	1	2	1	1	1	1	2	1	1	1	2	1	2	1	2	1	2	1	1	1	3	1	2	1	1	1	1	1	1	1	2	1	1	1	2	2	3
78500	-184.285007343653405	-182.674450980971869	-1.610556362681535	0.000084188957300	0.000019829442618	0.235534959145126	0.776698870830251	0	2	4	4	5	7	6	6	7	8	9	10	8	10	10	12	12	12	11	11	10	12	12	15	15	15	15	14	15	13	14	14	15	17	17	18	17	18	18	19	0	1	2	2	4	4	3	3	5	8	5	9	9	9	10	10	11	13	14	10	13	21	15	30	18	20	23	22	22	23	23	23	30	16	24	34	27	37	34	33	1	1	1	1	1	1	1	1	1	1	2	1	1	2	1	2	1	2	1	1	1	1	1	1	1	2	1	2	1	1	1	1	1	2	1	1	1	1	1	1
79000	-214.883479551037624	-213.522643311772043	-1.360836239265589	0.000076843252259	0.000043626483605	0.567733435570428	0.674929928639507	1	2	4	5	5	5	6	7	7	8	9	9	8	10	10	11	12	12	10	9	10	11	13	15	15	15	13	13	14	14	14	14	15	18	19	18	17	15	17	20	0	1	2	2	2	1	1	3	5	7	9	13	5	9	7	7	11	19	13	7	4	14	21	30	23	16	8	22	18	23	27	16	30	38	31	33	27	30	24	33	1	1	1	1	1	1	2	2	1	1	1	1	1	1	2	3	2	1	2	3	3	1	1	1	1	2	3	1	1	1	1	2	1	1	3	2	2	1	1	3
79500	-206.800630042913497	-205.334038710947425	-1.466591331966065	0.000072178077538	0.000023144267273	0.320655080638777	0.759320858958149	0	2	3	4	6	7	5	6	8	8	8	10	9	11	11	12	12	11	11	11	10	12	13	16	13	15	14	13	13	15	13	14	14	18	17	17	17	17	19	19	0	1	2	2	2	2	3	7	5	7	5	5	5	5	10	8	11	13	13	7	13	21	10	15	15	25	15	9	20	23	15	16	15	36	15	30	20	19	34	30	1	1	1	1	2	1	1	1	2	1	1	1	2	2	2	3	2	1	1	3	1	1	2	3	1	1	1	2	1	1	1	1	2	1	3	1	3	2	1	2
80000	-199.402784271325459	-197.985755863129640	-1.417028408195818	0.000099129756901	0.000037146405479	0.374725073886072	0.670724439557775	0	3	5	4	6	6	6	6	8	8	8	7	8	10	10	12	12	11	11	11	10	12	12	15	14	15	14	13	14	14	14	14	15	18	18	16	16	18	18	18	0	1	2	2	4	4	3	3	5	8	5	2	12	9	10	10	11	13	13	10	12	21	15	23	13	20	18	22	22	23	16	15	31	30	24	30	25	33	33	27	1	2	1	1	1	1	1	1	1	1	1	2	1	1	1	2	2	2	1	1	2	1	1	1	2	2	2	1	1	1	1	2	1	1	1	1	1	1	2	2
80500	-227.866256345599936	-226.418750707824188	-1.447505637775759	0.000102907998332	0.000034844600620	0.338599537306458	0.621777538526559	0	2	5	4	5	6	3	6	7	7	7	9	9	11	9	12	12	12	10	8	10	10	12	16	15	14	14	13	15	13	15	14	14	18	19	17	16	17	18	19	0	1	7	2	2	2	2	7	5	7	5	5	5	9	8	8	11	14	5	3	11	12	10	26	19	16	23	19	14	7	16	16	16	37	37	23	26	18	30	23	1	1	1	1	2	2	1	1	1	2	1	2	3	2	1	3	2	1	2	1	1	1	3	1	3	1	1	2	2	4	1	2	1	1	1	2	1	2	2	3
81000	-227.197045101898766	-225.796860718773473	-1.400184383125302	0.000099270282282	0.000039831856583	0.401246532874360	0.627672833333588	0	2	3	4	4	6	6	6	8	7	9	10	8	11	8	11	13	12	11	10	9	12	12	15	14	15	13	13	15	13	14	15	16	18	18	17	17	17	19	20	0	1	2	2	2	1	3	3	5	2	5	9	5	11	7	15	22	19	11	8	13	9	10	16	23	30	16	14	18	10	23	15	23	31	33	25	32	32	36	35	1	1	1	1	1	3	1	2	1	3	3	2	2	1	1	2	1	1	1	2	1	3	3	2	1	1	2	1	2	2	1	3	2	2	1	2	1	1	1	1
81500	-188.644485440271893	-187.234510212261483	-1.409975228010421	0.000110582802580	0.000042579867038	0.385049628375967	0.821740988526057	1	3	5	5	6	6	7	6	7	8	8	9	9	10	10	11	12	11	11	9	11	11	12	16	13	15	15	14	13	13	15	13	15	17	18	16	18	18	18	18	0	1	2	2	2	2	8	3	5	3	5	9	9	13	10	10	11	13	13	10	12	14	10	27	22	7	32	22	19	16	15	10	30	33	31	30	24	32	34	24	1	1	1	1	1	2	1	1	1	1	1	1	1	1	1	2	2	1	1	1	1	1	2	1	1	3	1	2	1	1	2	1	1	1	2	2	1	2	1	1
82000	-206.141415634578237	-204.771503208116542	-1.369912426461698	0.000096690193231	0.000046551536277	0.481450442090745	0.799904061473203	0	2	4	3	5	6	6	6	7	8	9	10	9	10	11	12	12	12	11	11	8	11	13	15	15	16	14	14	14	14	15	13	16	18	18	17	17	18	19	20	0	1	2	2	2	2	3	3	5	7	5	21	9	11	10	10	11	14	13	6	5	11	16	16	27	20	16	22	7	23	23	16	30	27	30	15	24	24	34	38	1	1	1	1	1	2	1	1	1	1	2	1	1	1	2	2	2	1	1	1	2	1	1	1	1	2	2	1	4	1	1	1	2	2	2	2	1	1	1	1
82500	-209.272845658494901	-207.855150074044559	-1.417695584450332	0.000063169693911	0.000023612629916	0.373796807520233	0.633210715502336	1	3	4	4	6	5	7	6	7	7	8	9	9	10	10	12	12	11	11	10	10	12	12	14	14	15	14	13	14	14	15	15	16	19	17	17	17	17	18	19	0	1	2	2	2	2	3	3	5	3	5	9	9	9	10	7	11	13	13	3	11	11	10	9	22	23	20	22	23	23	16	16	29	36	23	30	14	26	30	33	1	1	1	1	2	1	1	1	1	1	2	1	1	1	2	4	1	1	1	5	1	2	2	3	1	2	2	1	1	1	2	1	1	2	3	2	3	1	2	2
83000	-196.000083345821110	-194.438598927493103	-1.561484418328014	0.000108222687093	0.000027933686683	0.258113039261920	0.826796434819410	0	3	4	4	5	7	6	7	7	7	8	9	9	8	10	12	13	12	10	10	11	11	12	15	13	15	14	13	13	14	14	15	16	18	19	18	18	17	17	18	0	1	2	2	2	2	3	3	5	7	5	9	9	9	10	10	11	13	13	10	13	14	15	25	22	6	16	21	19	16	16	27	30	39	38	30	28	27	30	33	1	1	1	1	1	2	1	1	1	1	2	1	1	1	1	2	2	2	1	1	1	1	2	1	1	2	1	1	1	2	1	1	1	1	1	2	3	1	2	1
83500	-193.477154676225922	-192.031550077367257	-1.445604598858672	0.000094900119576	0.000032318082125	0.340548381492414	0.651599309345541	0	2	4	4	6	6	7	6	7	6	9	10	9	11	10	12	12	10	11	9	10	12	13	15	13	14	13	12	15	14	13	12	15	17	18	17	16	18	19	19	0	1	2	2	2	2	8	3	5	3	5	5	9	9	10	10	11	13	13	7	8	13	15	23	19	15	16	14	30	23	15	20	30	30	33	33	31	34	34	36	1	1	1	1	2	2	1	1	1	1	2	2	1	2	2	2	1	1	1	1	3	1	2	1	1	2	1	1	1	1	2	2	1	2	2	1	1	1	1	1
84000	-206.102945390144100	-204.676557996829672	-1.426387393314430	0.000066593553805	0.000024130890451	0.362360755244396	0.722177319700472	0	3	4	4	6	6	7	6	7	8	8	9	8	11	11	12	12	12	10	10	11	9	13	13	14	13	14	11	15	15	12	15	15	17	17	16	18	18	18	17	0	1	2	1	2	2	8	3	5	8	5	5	9	22	10	8	11	12	13	3	8	9	16	16	24	20	21	22	26	15	21	27	21	29	23	30	36	23	34	33	1	2	1	2	2	1	1	1	1	1	1	2	1	1	2	3	2	1	1	2	2	1	1	1	1	2	1	1	1	3	1	1	2	1	2	1	1	2	1	1
84500	-213.953402061164127	-212.585726239725091	-1.367675821439023	0.000107398629675	0.000052868387778	0.492263150266563	0.744439477706442	0	2	4	4	6	7	6	6	7	8	8	8	10	9	8	12	12	12	11	10	10	11	12	16	12	16	14	13	14	15	14	15	16	18	18	18	17	15	18	19	0	1	2	2	2	3	3	3	5	7	5	9	11	9	3	20	11	21	13	6	12	14	10	20	13	38	16	22	17	23	7	27	10	30	24	33	17	25	24	36	1	1	1	1	1	2	1	2	1	1	1	1	1	1	2	1	2	2	1	1	1	1	2	2	1	1	1	1	1	2	3	1	4	2	1	1	2	2	1	1
85000	-222.071318831539884	-220.597716898215481	-1.473601933324400	0.000107680911576	0.000033887105797	0.314699284218165	0.709263052511919	1	2	4	4	6	6	6	7	8	8	9	9	10	10	10	12	12	8	10	11	11	11	12	14	14	15	14	12	13	13	14	14	15	19	17	17	17	18	18	18	0	1	2	2	2	2	3	3	5	3	5	9	18	18	7	8	11	5	18	8	13	12	15	19	23	29	20	14	20	20	16	15	30	29	29	33	33	21	24	25	1	1	1	1	1	1	1	1	2	2	2	1	1	1	2	2	1	1	1	2	1	1	1	1	1	1	1	1	1	2	1	2	1	2	2	1	1	4	2	2
85500	-208.821885846578226	-207.461010848481607	-1.360874998096624	0.000072426880883	0.000041748264506	0.576419472952408	0.613230833185740	1	2	4	4	5	7	6	6	8	8	8	8	10	10	8	12	12	10	11	10	10	11	13	16	14	16	14	13	14	13	15	15	16	18	18	18	17	18	18	20	0	1	2	2	1	1	3	3	5	8	5	5	5	12	7	10	13	9	18	8	11	14	15	16	23	20	16	22	17	16	27	27	30	33	31	25	32	26	37	33	1	1	1	1	1	3	1	1	1	1	2	2	2	1	1	2	1	1	1	2	2	1	2	2	1	2	1	1	1	1	1	1	2	1	2	2	1	1	1	3
86000	-196.916255783796259	-195.384944192266971	-1.531311591529274	0.000093732190927	0.000025739981557	0.274611969513232	0.630911191759324	1	2	4	4	6	5	6	7	7	8	8	9	9	10	10	12	13	12	11	10	11	11	12	14	14	14	15	13	13	14	14	14	15	17	15	18	17	18	19	20	0	1	2	2	2	2	3	7	5	7	5	9	9	9	7	10	11	13	13	10	14	12	10	16	14	29	16	22	15	29	29	20	30	33	24	27	24	25	30	36	1	1	1	1	2	1	1	1	1	1	1	1	1	2	3	2	2	1	1	1	1	1	2	1	1	1	2	1	2	1	1	2	1	1	1	2	1	2	3	1
86500	-225.158155447104662	-223.694285906112100	-1.463869540992561	0.000130792293059	0.000042252650312	0.323051529441688	0.649096820748803	0	3	5	3	5	6	6	6	7	7	8	9	9	9	11	12	11	11	11	9	10	11	13	16	13	15	14	14	14	15	15	15	15	18	17	17	17	17	19	20	0	1	2	1	2	4	3	3	5	7	5	9	9	9	8	8	11	13	13	7	20	14	21	27	14	25	7	22	16	20	15	29	25	24	33	25	23	29	36	16	1	1	1	1	2	1	1	1	1	1	2	1	1	2	2	3	1	1	1	1	1	1	2	1	3	1	5	1	1	4	2	1	1	2	1	2	2	1	1	3
87000	-211.851893027244586	-210.276632825745565	-1.575260201499019	0.000100392289979	0.000025229058958	0.251304746239839	0.728207593352759	0	2	4	4	6	6	6	7	7	8	8	9	9	10	10	11	12	9	11	10	8	11	13	15	14	15	13	13	15	14	14	14	15	16	17	17	16	18	18	20	0	1	2	1	2	2	3	7	5	7	5	9	9	9	10	10	11	21	13	8	5	14	16	20	20	23	10	22	28	23	23	16	15	15	30	34	29	37	32	30	1	2	1	2	2	2	1	1	1	1	1	1	1	2	1	2	2	1	1	1	1	1	1	2	2	1	2	1	1	1	1	2	3	3	3	1	1	1	3	2
87500	-225.419700343794631	-223.946025100999805	-1.473675242794835	0.000143543009894	0.000045164168340	0.314638576781320	0.812746256450305	0	2	4	5	5	4	6	7	7	8	8	9	9	10	10	13	13	10	11	10	11	12	12	14	14	16	12	13	14	15	14	14	15	18	17	16	17	15	19	18	0	1	2	2	2	2	3	3	5	7	5	9	9	9	6	20	21	11	5	10	15	9	15	19	22	29	10	22	23	16	23	27	15	36	36	29	38	13	24	38	1	1	1	1	1	1	1	2	1	1	1	1	1	2	2	1	1	1	2	1	1	2	1	1	1	1	1	1	1	1	1	1	3	1	1	2	1	2	2	2
88000	-203.932802948299297	-202.190706218028083	-1.742096730271212	0.000140495939140	0.000026873536940	0.191276253992735	0.806591359678624	1	2	4	4	7	6	6	7	7	7	9	9	9	9	10	10	12	11	10	10	10	11	12	15	13	14	14	13	15	14	13	14	15	17	17	17	17	19	18	19	0	1	2	2	6	3	3	7	2	3	5	9	9	9	8	10	11	9	13	7	12	13	16	30	23	10	23	22	18	23	16	15	30	29	32	33	17	37	24	30	1	1	1	1	1	1	1	1	2	1	2	1	1	1	2	2	1	3	1	1	1	1	1	1	1	3	1	1	3	1	1	2	1	1	1	1	2	1	1	2
88500	-219.204998155072133	-217.683034247282592	-1.521963907789543	0.000087473084709	0.000024513592734	0.280241548769126	0.685414401236145	0	2	5	4	6	6	7	6	8	8	9	8	9	10	11	12	12	11	11	10	10	12	13	16	14	16	12	14	14	12	14	15	14	18	17	17	18	18	17	17	0	1	2	2	2	2	3	3	5	8	5	5	5	5	7	10	11	13	13	10	12	14	15	13	16	33	6	22	30	7	27	33	30	40	23	33	40	36	15	29	1	1	1	1	2	2	1	1	1	1	2	1	2	2	2	2	1	2	1	1	1	1	1	3	1	1	2	1	2	2	1	1	2	1	2	1	1	1	4	2
89000	-209.672692594196661	-208.164613657325134	-1.508078936871527	0.000152803148546	0.000044181650460	0.289140969151883	0.714142079458587	0	2	4	5	6	5	6	6	6	7	9	10	9	9	10	12	13	11	10	10	10	11	11	16	14	15	13	13	14	14	14	15	15	18	17	16	17	18	17	19	0	1	2	2	3	2	3	3	3	3	4	9	9	9	10	20	11	13	9	10	13	14	20	28	16	15	16	22	16	23	16	27	3	39	30	30	36	26	30	39	1	1	1	1	2	1	1	1	1	1	2	2	2	1	1	1	2	1	2	2	1	1	1	1	1	2	1	1	1	1	1	1	6	1	1	1	1	1	2	1
89500	-218.325403471905673	-216.892672642419257	-1.432730829486406	0.000074797568069	0.000026530032107	0.354691105503318	0.567658540917923	-1	2	5	4	6	4	7	6	8	7	9	9	9	10	10	12	12	12	10	10	10	12	10	14	14	13	15	14	14	15	13	13	15	19	18	17	16	17	17	19	0	1	2	2	2	2	8	3	5	8	5	5	5	9	3	7	11	13	13	7	13	14	10	14	20	16	20	14	21	29	15	16	23	36	15	33	30	13	33	30	1	2	2	1	2	1	1	1	1	1	2	2	1	1	3	2	2	1	1	2	1	1	2	2	2	1	3	3	2	1	1	1	2	1	5	1	1	4	1	2
90000	-267.659633325207778	-266.091149983968251	-1.568483341239512	0.000086920874446	0.000022130319775	0.254603050367274	0.714289254088124	0	2	4	4	6	7	7	6	7	8	9	9	9	11	11	12	12	12	10	10	10	12	12	16	14	16	14	14	13	14	14	14	16	19	18	18	14	18	18	20	0	1	2	2	2	2	3	3	5	7	5	9	9	21	10	8	13	9	13	10	12	21	20	30	16	25	16	14	14	29	23	8	29	39	29	33	18	28	29	35	1	1	1	1	2	2	1	2	1	1	2	1	1	1	1	3	2	3	1	2	1	1	1	1	1	1	1	2	1	1	1	3	2	1	5	1	1	1	2	1
90500	-214.055031499515593	-212.547508842279143	-1.507522657236445	0.000100397562497	0.000029066303752	0.289512046198323	0.605778194416803	0	2	5	5	6	6	7	6	7	8	9	10	9	10	10	13	11	9	10	11	10	9	12	16	14	16	14	13	14	14	15	15	15	18	18	17	17	18	17	20	0	1	2	2	2	2	3	3	5	8	5	9	5	9	10	7	14	9	9	7	10	5	15	16	20	20	8	12	8	23	16	16	23	39	27	16	32	14	33	33	1	1	1	1	1	1	1	1	1	1	2	2	2	3	1	3	1	1	1	2	1	1	1	2	1	2	4	1	3	1	1	1	2	1	3	2	1	4	1	2
91000	-217.773982474642509	-216.131104634103991	-1.642877840538520	0.000138014936404	0.000030754508176	0.222834636436563	0.645934312158296	1	3	4	5	6	6	5	6	8	8	8	10	9	9	10	12	11	12	11	10	11	12	11	15	15	15	13	13	15	14	13	13	16	17	18	17	18	18	17	19	0	1	2	2	2	2	3	7	5	7	5	5	9	9	3	10	11	13	13	10	8	14	10	32	13	21	20	22	12	23	10	8	16	24	16	24	26	32	30	30	1	1	1	1	1	2	1	1	1	1	2	2	1	1	3	2	1	2	1	1	2	1	1	1	2	2	2	1	2	1	3	5	2	1	3	1	2	2	1	2
91500	-193.120884436123248	-191.253824495261114	-1.867059940862140	0.000128482744613	0.000020812086159	0.161983511650629	0.759460361937562	0	2	4	3	5	6	6	6	7	8	8	9	7	10	10	12	13	12	10	10	10	11	12	15	14	15	14	12	14	14	14	15	15	16	16	17	17	18	18	19	0	1	2	2	2	2	3	3	5	7	9	5	5	9	8	10	11	14	13	10	7	9	15	27	16	20	16	14	14	23	15	8	15	30	23	33	35	35	34	37	1	1	1	1	2	2	1	1	1	1	1	2	1	2	3	2	2	1	1	1	2	3	1	1	1	2	1	1	2	1	2	3	2	1	2	1	1	1	1	1
92000	-204.637161558314148	-202.914312120159110	-1.722849438155046	0.000119233369854	0.000023451977068	0.196689711084980	0.469596225082659	1	2	4	3	7	6	6	7	8	8	8	10	9	10	10	12	12	11	10	10	10	12	12	14	14	16	13	13	14	14	15	14	16	18	16	17	15	17	19	19	0	1	2	1	6	2	3	3	5	7	5	5	5	9	10	10	11	13	13	10	6	14	15	17	19	32	10	22	12	21	16	16	16	36	23	33	27	21	34	8	1	1	1	1	1	2	1	1	1	1	1	2	1	1	1	2	1	1	1	1	2	1	1	1	2	1	3	1	2	2	2	2	2	1	2	1	1	4	1	6
92500	-200.590130149364342	-198.936774029092021	-1.653356120272307	0.000097623530551	0.000021381223202	0.219017106651882	0.751311776512460	-1	2	4	4	6	5	7	6	7	7	9	10	9	11	10	13	12	11	10	10	9	12	12	15	14	14	13	13	15	12	15	15	14	19	17	18	17	18	17	19	0	1	2	2	2	2	8	3	5	8	5	5	9	13	10	7	11	13	13	7	5	12	15	22	30	7	15	22	30	20	16	27	30	36	23	29	28	32	33	36	1	1	1	1	2	2	1	1	1	1	2	2	1	1	1	3	3	1	1	1	2	1	1	1	1	3	1	1	1	1	1	1	1	1	2	1	3	2	1	1
93000	-194.353863960026018	-192.782093067112214	-1.571770892913806	0.000076602293363	0.000019379691381	0.252991007579275	0.653178290573137	1	3	5	5	6	5	6	7	7	7	8	9	9	9	10	12	12	12	11	10	11	11	13	14	13	15	12	13	13	14	14	14	15	19	17	16	18	18	18	20	0	1	2	2	2	2	3	3	5	3	5	9	5	9	10	10	11	14	13	7	13	12	15	28	8	20	20	22	19	15	23	15	30	33	23	30	36	36	33	35	1	1	1	1	2	2	1	1	1	1	1	2	1	1	2	2	2	1	1	2	1	1	2	1	2	2	1	1	1	2	1	2	1	2	2	1	1	1	2	2
93500	-196.901226975178105	-195.512470526504643	-1.388756448673466	0.000072940788779	0.000030930532571	0.424049877839718	0.706845575721589	0	2	4	4	5	6	6	6	7	6	8	9	10	11	11	12	12	9	11	10	11	12	12	15	14	15	13	13	14	14	14	14	15	16	19	17	17	18	19	19	0	1	2	2	2	4	3	3	5	3	5	9	18	9	10	10	11	9	18	8	7	14	15	27	16	21	15	14	22	23	15	15	30	16	16	30	30	36	34	33	1	1	1	1	2	2	1	1	1	1	1	1	1	2	2	3	2	1	2	1	2	1	1	1	1	2	2	1	1	1	1	2	1	3	4	1	2	1	1	3
94000	-239.447866478769214	-237.860638425969768	-1.587228052799435	0.000106402307434	0.000026143603706	0.245705232686042	0.557257954554650	-1	1	4	3	6	6	5	6	7	7	9	10	10	10	10	11	12	12	11	9	10	11	12	14	15	14	12	13	15	14	15	14	16	17	19	17	17	19	18	19	0	1	2	2	3	2	3	7	5	7	5	3	5	9	10	3	13	19	12	3	11	13	21	22	17	27	3	12	12	16	27	15	27	16	32	23	26	34	30	34	1	1	2	1	1	2	1	1	1	1	2	3	2	2	1	5	1	1	1	2	1	1	1	1	1	1	4	2	2	2	2	1	2	2	3	3	2	1	3	1
94500	-197.886709042397854	-196.441631850235183	-1.445077192162662	0.000126038275606	0.000042991014980	0.341094915596186	0.722564420174939	0	2	3	4	6	6	6	5	8	8	9	8	9	9	10	12	12	11	11	10	11	11	12	15	14	16	14	13	13	15	14	14	15	18	16	18	17	18	18	20	0	1	2	2	2	2	3	3	5	7	6	6	9	9	10	15	11	13	13	10	8	14	21	22	21	15	21	22	12	21	23	15	16	30	23	35	27	35	33	36	1	1	1	1	2	2	1	1	1	1	2	1	1	1	1	1	2	2	1	1	2	1	1	2	1	3	2	1	2	1	1	2	2	1	2	1	1	1	1	1
95000	-189.788119346906797	-188.362124582315545	-1.425994764591255	0.000096333644618	0.000034954949740	0.362852977049174	0.706043529536078	0	3	5	5	6	6	7	7	7	7	8	9	8	10	11	12	13	12	10	11	10	10	13	15	14	15	14	13	14	14	14	14	16	16	18	17	16	17	17	20	0	1	2	2	2	2	3	3	5	3	5	9	5	12	10	10	11	13	13	10	13	9	15	17	19	16	15	22	16	15	16	15	29	30	36	23	24	30	34	33	1	2	1	1	2	1	1	1	1	1	1	1	1	1	2	2	2	2	1	1	1	1	1	1	1	1	1	1	1	2	2	2	1	1	1	2	1	1	1	2
95500	-211.829580850234692	-210.421107879107581	-1.408472971127123	0.000106749382288	0.000041352672178	0.387380903675819	0.700918405063857	-1	1	4	4	5	4	6	7	7	7	8	9	9	10	9	12	12	8	10	10	11	12	12	15	14	15	12	13	14	14	14	14	15	18	15	17	17	16	18	19	0	1	2	2	2	2	3	3	5	4	5	6	18	18	10	15	11	9	18	10	5	14	15	22	27	27	8	21	16	16	27	27	30	33	31	33	17	35	21	33	1	1	1	2	2	2	1	2	1	1	1	2	1	1	1	3	1	1	1	1	3	1	2	1	1	1	2	1	1	1	1	1	1	1	1	1	3	1	3	2
96000	-223.702112812432489	-222.305914297828110	-1.396198514604374	0.000078794438196	0.000032197756862	0.408629817015425	0.676908019521545	0	2	5	4	5	6	7	7	8	8	8	9	10	10	11	10	12	11	11	9	10	11	12	14	13	15	14	14	14	15	14	14	14	18	17	18	17	18	16	19	0	1	2	2	2	2	3	3	5	3	6	9	9	9	16	10	11	9	13	7	10	9	20	13	20	25	7	22	10	20	23	21	10	39	31	33	26	11	30	35	1	1	2	1	2	2	1	1	2	2	1	1	1	1	1	1	2	1	1	1	1	2	2	1	3	1	3	1	3	3	2	2	3	1	2	2	1	5	1	1
96500	-235.168733669748605	-233.750757590706712	-1.417976079041888	0.000112694878086	0.000042081265423	0.373408855290246	0.456352510777522	0	1	5	3	5	5	6	7	7	7	8	10	10	11	8	12	13	9	11	9	11	12	10	15	15	16	14	14	14	14	13	14	14	18	18	16	16	19	19	20	0	1	2	2	2	2	2	1	5	6	5	9	18	9	7	10	11	9	18	7	20	18	8	3	22	32	8	22	12	21	8	15	16	16	30	23	27	20	33	34	1	1	2	1	2	2	2	3	1	1	1	1	1	2	1	3	2	1	1	2	1	1	1	5	2	1	3	1	2	2	3	3	2	3	2	2	1	5	2	1
97000	-209.402245836346822	-208.038473696748554	-1.363772139598273	0.000057589417223	0.000029814250283	0.517703628909173	0.613159904237223	0	2	4	4	6	6	6	7	7	8	8	9	9	10	11	11	12	11	11	10	9	11	13	14	14	14	15	13	15	15	15	12	16	19	17	17	17	19	18	19	0	1	2	2	2	2	3	3	5	8	5	9	9	9	7	10	11	13	13	8	7	14	20	32	22	20	32	22	13	15	20	10	30	23	16	33	26	30	35	37	1	1	1	1	2	2	1	2	1	1	1	1	1	1	2	1	2	1	1	2	1	1	2	1	1	2	1	2	2	3	2	2	1	4	4	1	2	3	1	1
97500	-233.603640677884329	-232.025008279870121	-1.578632398014214	0.000122253826705	0.000030526612264	0.249698623646273	0.635141112881101	0	3	4	4	5	7	6	6	7	8	8	10	10	10	10	11	12	12	9	10	9	11	12	16	13	13	14	14	15	13	15	14	15	18	18	17	17	18	18	17	0	1	2	2	2	2	3	2	5	7	5	5	11	9	3	3	11	19	9	21	5	11	15	29	13	21	23	12	25	16	16	8	30	33	37	29	33	13	33	33	1	1	1	1	1	2	1	1	1	1	1	2	1	2	2	3	2	3	1	1	2	2	1	1	1	2	1	1	2	1	2	3	2	2	1	1	1	4	2	1
98000	-222.672073988747229	-221.187937238288725	-1.484136750458498	0.000081087108243	0.000024835567310	0.306282562644210	0.657971196377604	0	2	5	4	6	6	7	7	7	8	9	9	9	9	9	13	12	11	10	11	10	11	12	14	15	15	12	11	14	14	14	15	16	17	18	17	17	19	17	19	0	1	2	2	4	2	3	3	5	3	5	5	9	9	10	3	11	13	13	15	11	14	15	18	5	27	15	14	12	27	20	16	30	16	10	30	22	37	31	39	1	1	1	2	1	2	2	1	1	1	2	2	1	1	1	5	2	1	1	1	1	1	1	2	3	2	2	1	2	1	1	1	1	3	3	2	3	1	1	1
98500	-227.130224160623897	-225.220002461631822	-1.910221698992071	0.000099550342373	0.000015300417049	0.153695273010652	0.525244603559350	0	2	4	4	6	7	6	6	8	7	9	10	10	11	10	12	12	12	10	10	10	11	13	15	13	15	14	13	14	14	15	13	16	19	18	17	16	18	18	18	0	1	2	2	4	2	3	3	5	8	5	9	9	21	3	8	11	13	7	10	10	9	16	17	15	27	10	22	17	15	25	16	16	33	23	30	26	14	33	36	1	1	1	1	1	2	1	1	1	1	1	1	1	1	4	3	2	1	2	2	1	1	1	1	2	1	4	2	2	3	1	1	1	2	2	2	1	2	1	1
99000	-216.733507197280943	-215.099790597507479	-1.633716599773456	0.000124666425749	0.000028210360329	0.226286750095509	0.655990250021206	0	2	4	5	6	4	7	7	7	7	9	9	10	9	10	13	12	11	11	9	10	11	11	12	13	15	15	14	14	14	15	14	16	18	18	17	17	18	18	17	0	1	2	2	4	2	3	3	5	3	4	9	9	5	7	15	11	13	13	8	9	14	15	20	22	16	16	22	23	23	25	21	29	30	37	30	16	40	33	30	1	1	1	2	1	1	2	2	1	2	2	1	1	1	2	2	2	1	1	1	1	1	1	1	1	1	1	1	1	1	1	2	1	1	1	2	2	1	1	1
99500	-204.454808111906459	-203.004113780004730	-1.450694331901734	0.000098421336038	0.000033010758955	0.335402467433636	0.741738662740880	-1	3	5	5	6	7	6	4	7	8	8	10	8	9	10	13	13	11	10	10	10	11	12	16	13	16	14	13	15	14	15	14	16	18	18	18	17	18	17	19	0	1	8	1	2	4	3	1	5	7	2	9	5	13	10	15	21	21	9	10	13	9	15	32	5	25	15	22	32	23	25	16	30	33	23	33	17	24	33	38	1	2	1	2	1	1	1	1	1	1	2	1	1	1	1	2	1	1	1	1	1	3	1	1	3	1	2	1	1	1	1	1	1	1	2	1	1	1	1	1
100000	-219.641213458544570	-218.170571108834167	-1.470642349710392	0.000134880845404	0.000042781067444	0.317176744521638	0.584723658000196	0	2	4	4	6	6	6	6	7	7	8	9	9	11	10	9	11	11	10	11	8	11	12	13	14	14	13	13	13	14	14	15	16	18	18	18	17	18	19	19	0	1	2	2	3	4	3	3	5	7	5	9	5	19	7	10	11	9	5	3	9	19	16	19	18	10	16	22	20	24	20	31	24	23	33	33	32	18	30	30	1	1	2	1	1	1	1	1	1	1	1	1	2	1	3	1	2	2	2	3	1	1	1	2	2	3	2	1	1	1	1	1	1	3	1	1	1	3	2	2