step	p_accept_mu1	p_accept_gamma	p_accept_pi	p_accept_Tinf	sigma_mu1	sigma_gamma	sigma_pi	n_like_zero
1		1.00000	1.00000	1.00000	1.00000	0.000100000000000	1.000000000000000	0.010000000000000	0
500		1.00000	0.54108	1.00000	0.36395	0.000100000000000	1.000000000000000	0.010000000000000	0
1000		0.99800	0.58200	0.90800	0.34146	0.000150000000000	1.000000000000000	0.015000000000000	0
1500		0.99600	0.57600	0.77800	0.32460	0.000225000000000	1.000000000000000	0.022500000000000	0
2000		1.00000	0.61400	0.53600	0.31251	0.000337500000000	1.000000000000000	0.033750000000000	0
2500		0.99800	0.55000	0.33000	0.30462	0.000506250000000	1.000000000000000	0.050625000000000	0
3000		0.99800	0.56000	0.46100	0.30191	0.000759375000000	1.000000000000000	0.050625000000000	0
3500		0.99600	0.57800	0.46933	0.29829	0.001139062500000	1.000000000000000	0.050625000000000	0
4000		0.99400	0.58800	0.47250	0.29597	0.001708593750000	1.000000000000000	0.050625000000000	0
4500		0.99200	0.58800	0.46000	0.29399	0.002562890625000	1.000000000000000	0.050625000000000	0
5000		0.99000	0.54800	0.47833	0.29393	0.003844335937500	1.000000000000000	0.050625000000000	0
5500		0.98000	0.59600	0.49257	0.29313	0.005766503906250	1.000000000000000	0.050625000000000	0
6000		0.96000	0.58000	0.49500	0.29204	0.008649755859375	1.000000000000000	0.050625000000000	0
6500		0.95800	0.64000	0.48644	0.29059	0.012974633789063	1.000000000000000	0.050625000000000	0
7000		0.95400	0.58400	0.47500	0.28942	0.019461950683594	1.000000000000000	0.050625000000000	0
7500		0.95400	0.66400	0.47073	0.28934	0.029192926025391	1.000000000000000	0.050625000000000	0
8000		0.97400	0.66000	0.47333	0.28922	0.043789389038086	1.000000000000000	0.050625000000000	0
8500		0.99000	0.69600	0.47662	0.28891	0.065684083557129	1.000000000000000	0.050625000000000	0
9000		0.96600	0.67000	0.48329	0.28866	0.098526125335693	1.000000000000000	0.050625000000000	0
9500		0.94600	0.65800	0.48653	0.28838	0.147789188003540	1.000000000000000	0.050625000000000	0
10000		0.93000	0.70000	0.48950	0.28830	0.221683782005310	1.000000000000000	0.050625000000000	0
10500		0.91600	0.69000	0.48141	0.28741	0.332525673007965	1.000000000000000	0.050625000000000	0
11000		0.85200	0.71800	0.48378	0.28696	0.498788509511948	1.000000000000000	0.050625000000000	0
11500		0.82400	0.70600	0.48442	0.28652	0.748182764267921	1.000000000000000	0.050625000000000	0
12000		0.74400	0.71400	0.48230	0.28620	1.000000000000000	1.000000000000000	0.050625000000000	0
12500		0.74200	0.70600	0.48229	0.28589	1.000000000000000	1.000000000000000	0.050625000000000	0
13000		0.74400	0.69533	0.47445	0.28540	1.000000000000000	1.000000000000000	0.050625000000000	0
13500		0.73800	0.68750	0.47539	0.28518	1.000000000000000	1.000000000000000	0.050625000000000	0
14000		0.74120	0.69200	0.47258	0.28502	1.000000000000000	1.000000000000000	0.050625000000000	0
14500		0.73933	0.68833	0.47312	0.28486	1.000000000000000	1.000000000000000	0.050625000000000	0
15000		0.73714	0.69314	0.46762	0.28462	1.000000000000000	1.000000000000000	0.050625000000000	0
15500		0.73400	0.69225	0.46689	0.28445	1.000000000000000	1.000000000000000	0.050625000000000	0
16000		0.73111	0.69200	0.46779	0.28430	1.000000000000000	1.000000000000000	0.050625000000000	0
16500		0.73580	0.69500	0.46883	0.28427	1.000000000000000	1.000000000000000	0.050625000000000	0
17000		0.73582	0.69473	0.47020	0.28428	1.000000000000000	1.000000000000000	0.050625000000000	0
17500		0.73700	0.69500	0.47123	0.28425	1.000000000000000	1.000000000000000	0.050625000000000	0
18000		0.73677	0.69631	0.47481	0.28429	1.000000000000000	1.000000000000000	0.050625000000000	0
18500		0.73586	0.69571	0.47418	0.28399	1.000000000000000	1.000000000000000	0.050625000000000	0
19000		0.73840	0.69613	0.47359	0.28411	1.000000000000000	1.000000000000000	0.050625000000000	0
19500		0.73813	0.69525	0.47543	0.28424	1.000000000000000	1.000000000000000	0.050625000000000	0
20000		0.73788	0.69482	0.47911	0.28437	1.000000000000000	1.000000000000000	0.050625000000000	0
20500		0.73867	0.69500	0.47827	0.28423	1.000000000000000	1.000000000000000	0.050625000000000	0
21000		0.73832	0.69568	0.48000	0.28433	1.000000000000000	1.000000000000000	0.050625000000000	0
21500		0.73780	0.69480	0.47964	0.28416	1.000000000000000	1.000000000000000	0.050625000000000	0
22000		0.73657	0.69457	0.47905	0.28400	1.000000000000000	1.000000000000000	0.050625000000000	0
22500		0.73564	0.69364	0.47620	0.28379	1.000000000000000	1.000000000000000	0.050625000000000	0
23000		0.73713	0.69296	0.47676	0.28361	1.000000000000000	1.000000000000000	0.050625000000000	0
23500		0.73742	0.69333	0.47521	0.28341	1.000000000000000	1.000000000000000	0.050625000000000	0
24000		0.73688	0.69376	0.47505	0.28350	1.000000000000000	1.000000000000000	0.050625000000000	0
24500		0.73800	0.69415	0.47778	0.28368	1.000000000000000	1.000000000000000	0.050625000000000	0
25000		0.73889	0.69267	0.47791	0.28352	1.000000000000000	1.000000000000000	0.050625000000000	0
25500		0.73814	0.69357	0.47677	0.28348	1.000000000000000	1.000000000000000	0.050625000000000	0
26000		0.73883	0.69359	0.47404	0.28339	1.000000000000000	1.000000000000000	0.050625000000000	0
26500		0.73793	0.69447	0.47249	0.28326	1.000000000000000	1.000000000000000	0.050625000000000	0
27000		0.73877	0.69406	0.47428	0.28317	1.000000000000000	1.000000000000000	0.050625000000000	0
27500		0.73787	0.69519	0.47435	0.28308	1.000000000000000	1.000000000000000	0.050625000000000	0
28000		0.73636	0.69533	0.47650	0.28320	1.000000000000000	1.000000000000000	0.050625000000000	0
28500		0.73547	0.69541	0.47811	0.28333	1.000000000000000	1.000000000000000	0.050625000000000	0
29000		0.73520	0.69531	0.47915	0.28336	1.000000000000000	1.000000000000000	0.050625000000000	0
29500		0.73667	0.69550	0.47927	0.28341	1.000000000000000	1.000000000000000	0.050625000000000	0
30000		0.73605	0.69600	0.47982	0.28355	1.000000000000000	1.000000000000000	0.050625000000000	0
30500		0.73568	0.69605	0.47944	0.28346	1.000000000000000	1.000000000000000	0.050625000000000	0
31000		0.73651	0.69610	0.48107	0.28354	1.000000000000000	1.000000000000000	0.050625000000000	0
31500		0.73610	0.69625	0.48278	0.28360	1.000000000000000	1.000000000000000	0.050625000000000	0
32000		0.73580	0.69644	0.48373	0.28366	1.000000000000000	1.000000000000000	0.050625000000000	0
32500		0.73638	0.69595	0.48610	0.28365	1.000000000000000	1.000000000000000	0.050625000000000	0
33000		0.73577	0.69614	0.48784	0.28387	1.000000000000000	1.000000000000000	0.050625000000000	0
33500		0.73550	0.69541	0.48705	0.28380	1.000000000000000	1.000000000000000	0.050625000000000	0
34000		0.73613	0.69538	0.48697	0.28383	1.000000000000000	1.000000000000000	0.050625000000000	0
34500		0.73591	0.69578	0.48862	0.28387	1.000000000000000	1.000000000000000	0.050625000000000	0
35000		0.73579	0.69511	0.48964	0.28392	1.000000000000000	1.000000000000000	0.050625000000000	0
35500		0.73575	0.69496	0.49090	0.28399	1.000000000000000	1.000000000000000	0.050625000000000	0
36000		0.73543	0.69510	0.49188	0.28408	1.000000000000000	1.000000000000000	0.050625000000000	0
36500		0.73564	0.69504	0.49278	0.28399	1.000000000000000	1.000000000000000	0.050625000000000	0
37000		0.73533	0.69498	0.49209	0.28401	1.000000000000000	1.000000000000000	0.050625000000000	0
37500		0.73554	0.69477	0.49161	0.28407	1.000000000000000	1.000000000000000	0.050625000000000	0
38000		0.73509	0.69411	0.49219	0.28397	1.000000000000000	1.000000000000000	0.050625000000000	0
38500		0.73400	0.69511	0.49162	0.28397	1.000000000000000	1.000000000000000	0.050625000000000	0
39000		0.73364	0.69495	0.49276	0.28405	1.000000000000000	1.000000000000000	0.050625000000000	0
39500		0.73311	0.69546	0.49485	0.28409	1.000000000000000	1.000000000000000	0.050625000000000	0
40000		0.73295	0.69575	0.49561	0.28417	1.000000000000000	1.000000000000000	0.050625000000000	0
40500		0.73348	0.69500	0.49499	0.28407	1.000000000000000	1.000000000000000	0.050625000000000	0
41000		0.73332	0.69512	0.49503	0.28394	1.000000000000000	1.000000000000000	0.050625000000000	0
41500		0.73317	0.69543	0.49524	0.28396	1.000000000000000	1.000000000000000	0.050625000000000	0
42000		0.73269	0.69541	0.49373	0.28396	1.000000000000000	1.000000000000000	0.050625000000000	0
42500		0.73310	0.69548	0.49323	0.28391	1.000000000000000	1.000000000000000	0.050625000000000	0
43000		0.73263	0.69527	0.49376	0.28389	1.000000000000000	1.000000000000000	0.050625000000000	0
43500		0.73247	0.69563	0.49422	0.28387	1.000000000000000	1.000000000000000	0.050625000000000	0
44000		0.73234	0.69585	0.49426	0.28389	1.000000000000000	1.000000000000000	0.050625000000000	0
44500		0.73152	0.69573	0.49381	0.28385	1.000000000000000	1.000000000000000	0.050625000000000	0
45000		0.73131	0.69546	0.49372	0.28385	1.000000000000000	1.000000000000000	0.050625000000000	0
45500		0.73112	0.69594	0.49193	0.28376	1.000000000000000	1.000000000000000	0.050625000000000	0
46000		0.73032	0.69609	0.49082	0.28365	1.000000000000000	1.000000000000000	0.050625000000000	0
46500		0.73029	0.69623	0.49182	0.28365	1.000000000000000	1.000000000000000	0.050625000000000	0
47000		0.73000	0.69608	0.49180	0.28360	1.000000000000000	1.000000000000000	0.050625000000000	0
47500		0.73014	0.69597	0.48998	0.28353	1.000000000000000	1.000000000000000	0.050625000000000	0
48000		0.72973	0.69562	0.48893	0.28340	1.000000000000000	1.000000000000000	0.050625000000000	0
48500		0.72927	0.69584	0.49084	0.28349	1.000000000000000	1.000000000000000	0.050625000000000	0
49000		0.72917	0.69571	0.49209	0.28361	1.000000000000000	1.000000000000000	0.050625000000000	0
49500		0.72895	0.69608	0.49192	0.28359	1.000000000000000	1.000000000000000	0.050625000000000	0
50000		0.72917	0.69561	0.49179	0.28355	1.000000000000000	1.000000000000000	0.050625000000000	0
50500		0.72941	0.69574	0.49144	0.28356	1.000000000000000	1.000000000000000	0.050625000000000	0
51000		0.72924	0.69529	0.49055	0.28358	1.000000000000000	1.000000000000000	0.050625000000000	0
51500		0.72955	0.69547	0.49061	0.28355	1.000000000000000	1.000000000000000	0.050625000000000	0
52000		0.72919	0.69543	0.49108	0.28343	1.000000000000000	1.000000000000000	0.050625000000000	0
52500		0.72971	0.69546	0.49083	0.28345	1.000000000000000	1.000000000000000	0.050625000000000	0
53000		0.72949	0.69535	0.49178	0.28346	1.000000000000000	1.000000000000000	0.050625000000000	0
53500		0.73002	0.69540	0.49070	0.28350	1.000000000000000	1.000000000000000	0.050625000000000	0
54000		0.73033	0.69532	0.49044	0.28348	1.000000000000000	1.000000000000000	0.050625000000000	0
54500		0.73028	0.69493	0.49059	0.28352	1.000000000000000	1.000000000000000	0.050625000000000	0
55000		0.72989	0.69453	0.49158	0.28358	1.000000000000000	1.000000000000000	0.050625000000000	0
55500		0.72975	0.69430	0.49198	0.28349	1.000000000000000	1.000000000000000	0.050625000000000	0
56000		0.72919	0.69402	0.49165	0.28346	1.000000000000000	1.000000000000000	0.050625000000000	0
56500		0.72931	0.69396	0.49154	0.28343	1.000000000000000	1.000000000000000	0.050625000000000	0
57000		0.72895	0.69433	0.49098	0.28338	1.000000000000000	1.000000000000000	0.050625000000000	0
57500		0.72878	0.69443	0.49052	0.28335	1.000000000000000	1.000000000000000	0.050625000000000	0
58000		0.72905	0.69428	0.49055	0.28329	1.000000000000000	1.000000000000000	0.050625000000000	0
58500		0.72943	0.69445	0.49159	0.28332	1.000000000000000	1.000000000000000	0.050625000000000	0
59000		0.72931	0.69438	0.49207	0.28331	1.000000000000000	1.000000000000000	0.050625000000000	0
59500		0.72908	0.69417	0.49224	0.28337	1.000000000000000	1.000000000000000	0.050625000000000	0
60000		0.72901	0.69449	0.49179	0.28330	1.000000000000000	1.000000000000000	0.050625000000000	0
60500		0.72894	0.69429	0.49128	0.28317	1.000000000000000	1.000000000000000	0.050625000000000	0
61000		0.72919	0.69448	0.49007	0.28317	1.000000000000000	1.000000000000000	0.050625000000000	0
61500		0.72918	0.69442	0.49094	0.28326	1.000000000000000	1.000000000000000	0.050625000000000	0
62000		0.72907	0.69448	0.49088	0.28321	1.000000000000000	1.000000000000000	0.050625000000000	0
62500		0.72927	0.69433	0.49026	0.28320	1.000000000000000	1.000000000000000	0.050625000000000	0
63000		0.72957	0.69431	0.48985	0.28309	1.000000000000000	1.000000000000000	0.050625000000000	0
63500		0.72946	0.69438	0.48894	0.28306	1.000000000000000	1.000000000000000	0.050625000000000	0
64000		0.72962	0.69450	0.48818	0.28309	1.000000000000000	1.000000000000000	0.050625000000000	0
64500		0.72938	0.69417	0.48837	0.28310	1.000000000000000	1.000000000000000	0.050625000000000	0
65000		0.72953	0.69406	0.48867	0.28307	1.000000000000000	1.000000000000000	0.050625000000000	0
65500		0.72930	0.69411	0.48803	0.28305	1.000000000000000	1.000000000000000	0.050625000000000	0
66000		0.72910	0.69426	0.48794	0.28307	1.000000000000000	1.000000000000000	0.050625000000000	0
66500		0.72918	0.69431	0.48744	0.28303	1.000000000000000	1.000000000000000	0.050625000000000	0
67000		0.72912	0.69422	0.48729	0.28303	1.000000000000000	1.000000000000000	0.050625000000000	0
67500		0.72900	0.69404	0.48722	0.28301	1.000000000000000	1.000000000000000	0.050625000000000	0
68000		0.72869	0.69430	0.48756	0.28303	1.000000000000000	1.000000000000000	0.050625000000000	0
68500		0.72861	0.69426	0.48734	0.28295	1.000000000000000	1.000000000000000	0.050625000000000	0
69000		0.72850	0.69428	0.48688	0.28290	1.000000000000000	1.000000000000000	0.050625000000000	0
69500		0.72821	0.69417	0.48683	0.28288	1.000000000000000	1.000000000000000	0.050625000000000	0
70000		0.72868	0.69455	0.48651	0.28287	1.000000000000000	1.000000000000000	0.050625000000000	0
70500		0.72859	0.69441	0.48631	0.28286	1.000000000000000	1.000000000000000	0.050625000000000	0
71000		0.72844	0.69447	0.48607	0.28282	1.000000000000000	1.000000000000000	0.050625000000000	0
71500		0.72830	0.69450	0.48501	0.28278	1.000000000000000	1.000000000000000	0.050625000000000	0
72000		0.72815	0.69476	0.48470	0.28275	1.000000000000000	1.000000000000000	0.050625000000000	0
72500		0.72831	0.69487	0.48431	0.28272	1.000000000000000	1.000000000000000	0.050625000000000	0
73000		0.72823	0.69491	0.48503	0.28274	1.000000000000000	1.000000000000000	0.050625000000000	0
73500		0.72840	0.69485	0.48545	0.28275	1.000000000000000	1.000000000000000	0.050625000000000	0
74000		0.72851	0.69504	0.48517	0.28277	1.000000000000000	1.000000000000000	0.050625000000000	0
74500		0.72889	0.69517	0.48439	0.28273	1.000000000000000	1.000000000000000	0.050625000000000	0
75000		0.72879	0.69524	0.48504	0.28276	1.000000000000000	1.000000000000000	0.050625000000000	0
75500		0.72880	0.69533	0.48531	0.28277	1.000000000000000	1.000000000000000	0.050625000000000	0
76000		0.72864	0.69533	0.48524	0.28277	1.000000000000000	1.000000000000000	0.050625000000000	0
76500		0.72855	0.69523	0.48544	0.28273	1.000000000000000	1.000000000000000	0.050625000000000	0
77000		0.72878	0.69522	0.48476	0.28270	1.000000000000000	1.000000000000000	0.050625000000000	0
77500		0.72858	0.69530	0.48450	0.28272	1.000000000000000	1.000000000000000	0.050625000000000	0
78000		0.72842	0.69523	0.48300	0.28262	1.000000000000000	1.000000000000000	0.050625000000000	0
78500		0.72816	0.69494	0.48227	0.28261	1.000000000000000	1.000000000000000	0.050625000000000	0
79000		0.72815	0.69468	0.48255	0.28263	1.000000000000000	1.000000000000000	0.050625000000000	0
79500		0.72825	0.69447	0.48272	0.28258	1.000000000000000	1.000000000000000	0.050625000000000	0
80000		0.72839	0.69444	0.48300	0.28258	1.000000000000000	1.000000000000000	0.050625000000000	0
80500		0.72843	0.69430	0.48313	0.28255	1.000000000000000	1.000000000000000	0.050625000000000	0
81000		0.72849	0.69445	0.48251	0.28253	1.000000000000000	1.000000000000000	0.050625000000000	0
81500		0.72824	0.69426	0.48258	0.28249	1.000000000000000	1.000000000000000	0.050625000000000	0
82000		0.72818	0.69414	0.48246	0.28250	1.000000000000000	1.000000000000000	0.050625000000000	0
82500		0.72839	0.69403	0.48270	0.28251	1.000000000000000	1.000000000000000	0.050625000000000	0
83000		0.72824	0.69420	0.48200	0.28250	1.000000000000000	1.000000000000000	0.050625000000000	0
83500		0.72804	0.69388	0.48222	0.28249	1.000000000000000	1.000000000000000	0.050625000000000	0
84000		0.72811	0.69381	0.48191	0.28247	1.000000000000000	1.000000000000000	0.050625000000000	0
84500		0.72811	0.69412	0.48233	0.28251	1.000000000000000	1.000000000000000	0.050625000000000	0
85000		0.72822	0.69411	0.48233	0.28246	1.000000000000000	1.000000000000000	0.050625000000000	0
85500		0.72832	0.69401	0.48228	0.28247	1.000000000000000	1.000000000000000	0.050625000000000	0
86000		0.72824	0.69409	0.48230	0.28244	1.000000000000000	1.000000000000000	0.050625000000000	0
86500		0.72815	0.69387	0.48206	0.28244	1.000000000000000	1.000000000000000	0.050625000000000	0
87000		0.72821	0.69404	0.48202	0.28241	1.000000000000000	1.000000000000000	0.050625000000000	0
87500		0.72809	0.69405	0.48195	0.28238	1.000000000000000	1.000000000000000	0.050625000000000	0
88000		0.72817	0.69401	0.48230	0.28235	1.000000000000000	1.000000000000000	0.050625000000000	0
88500		0.72822	0.69416	0.48209	0.28232	1.000000000000000	1.000000000000000	0.050625000000000	0
89000		0.72822	0.69426	0.48179	0.28230	1.000000000000000	1.000000000000000	0.050625000000000	0
89500		0.72821	0.69409	0.48211	0.28232	1.000000000000000	1.000000000000000	0.050625000000000	0
90000		0.72817	0.69419	0.48286	0.28238	1.000000000000000	1.000000000000000	0.050625000000000	0
90500		0.72791	0.69425	0.48318	0.28237	1.000000000000000	1.000000000000000	0.050625000000000	0
91000		0.72777	0.69426	0.48352	0.28239	1.000000000000000	1.000000000000000	0.050625000000000	0
91500		0.72786	0.69424	0.48297	0.28233	1.000000000000000	1.000000000000000	0.050625000000000	0
92000		0.72786	0.69424	0.48194	0.28231	1.000000000000000	1.000000000000000	0.050625000000000	0
92500		0.72795	0.69423	0.48257	0.28235	1.000000000000000	1.000000000000000	0.050625000000000	0
93000		0.72784	0.69411	0.48300	0.28237	1.000000000000000	1.000000000000000	0.050625000000000	0
93500		0.72806	0.69410	0.48345	0.28237	1.000000000000000	1.000000000000000	0.050625000000000	0
94000		0.72816	0.69396	0.48322	0.28231	1.000000000000000	1.000000000000000	0.050625000000000	0
94500		0.72825	0.69398	0.48324	0.28232	1.000000000000000	1.000000000000000	0.050625000000000	0
95000		0.72855	0.69422	0.48325	0.28230	1.000000000000000	1.000000000000000	0.050625000000000	0
95500		0.72845	0.69402	0.48340	0.28230	1.000000000000000	1.000000000000000	0.050625000000000	0
96000		0.72827	0.69420	0.48289	0.28226	1.000000000000000	1.000000000000000	0.050625000000000	0
96500		0.72835	0.69400	0.48330	0.28227	1.000000000000000	1.000000000000000	0.050625000000000	0
97000		0.72834	0.69392	0.48351	0.28227	1.000000000000000	1.000000000000000	0.050625000000000	0
97500		0.72856	0.69407	0.48349	0.28226	1.000000000000000	1.000000000000000	0.050625000000000	0
98000		0.72849	0.69423	0.48248	0.28223	1.000000000000000	1.000000000000000	0.050625000000000	0
98500		0.72878	0.69453	0.48260	0.28220	1.000000000000000	1.000000000000000	0.050625000000000	0
99000		0.72880	0.69449	0.48314	0.28219	1.000000000000000	1.000000000000000	0.050625000000000	0
99500		0.72905	0.69465	0.48360	0.28221	1.000000000000000	1.000000000000000	0.050625000000000	0
100000		0.72902	0.69450	0.48286	0.28217	1.000000000000000	1.000000000000000	0.050625000000000	0