step	p_accept_mu1	p_accept_gamma	p_accept_pi	p_accept_Tinf	sigma_mu1	sigma_gamma	sigma_pi	n_like_zero
1		1.00000	1.00000	1.00000	1.00000	0.000100000000000	1.000000000000000	0.010000000000000	0
500		1.00000	1.00000	1.00000	0.40702	0.000100000000000	1.000000000000000	0.010000000000000	0
1000		-nan	-nan	0.90400	0.38111	0.000150000000000	1.000000000000000	0.015000000000000	0
1500		-nan	-nan	0.82000	0.36155	0.000150000000000	1.000000000000000	0.022500000000000	0
2000		-nan	-nan	0.72400	0.35053	0.000150000000000	1.000000000000000	0.033750000000000	0
2500		-nan	-nan	0.51400	0.34021	0.000150000000000	1.000000000000000	0.050625000000000	0
3000		-nan	-nan	0.52200	0.33561	0.000150000000000	1.000000000000000	0.075937500000000	0
3500		-nan	-nan	0.39600	0.33289	0.000150000000000	1.000000000000000	0.113906250000000	0
4000		-nan	-nan	0.41800	0.33059	0.000150000000000	1.000000000000000	0.113906250000000	0
4500		-nan	-nan	0.42400	0.33058	0.000150000000000	1.000000000000000	0.113906250000000	0
5000		-nan	-nan	0.42050	0.32977	0.000150000000000	1.000000000000000	0.113906250000000	0
5500		-nan	-nan	0.41120	0.32797	0.000150000000000	1.000000000000000	0.113906250000000	0
6000		-nan	-nan	0.42000	0.32792	0.000150000000000	1.000000000000000	0.113906250000000	0
6500		-nan	-nan	0.42314	0.32769	0.000150000000000	1.000000000000000	0.113906250000000	0
7000		-nan	-nan	0.43050	0.32707	0.000150000000000	1.000000000000000	0.113906250000000	0
7500		-nan	-nan	0.42444	0.32585	0.000150000000000	1.000000000000000	0.113906250000000	0
8000		-nan	-nan	0.42340	0.32457	0.000150000000000	1.000000000000000	0.113906250000000	0
8500		-nan	-nan	0.41036	0.32408	0.000150000000000	1.000000000000000	0.113906250000000	0
9000		-nan	-nan	0.40483	0.32311	0.000150000000000	1.000000000000000	0.113906250000000	0
9500		-nan	-nan	0.40200	0.32239	0.000150000000000	1.000000000000000	0.113906250000000	0
10000		-nan	-nan	0.40329	0.32182	0.000150000000000	1.000000000000000	0.113906250000000	0
10500		-nan	-nan	0.40773	0.32166	0.000150000000000	1.000000000000000	0.113906250000000	0
11000		-nan	-nan	0.40313	0.32108	0.000150000000000	1.000000000000000	0.113906250000000	0
11500		-nan	-nan	0.39976	0.32069	0.000150000000000	1.000000000000000	0.113906250000000	0
12000		-nan	-nan	0.39789	0.32037	0.000150000000000	1.000000000000000	0.113906250000000	0
12500		-nan	-nan	0.39779	0.32024	0.000150000000000	1.000000000000000	0.113906250000000	0
13000		-nan	-nan	0.39990	0.32011	0.000150000000000	1.000000000000000	0.113906250000000	0
13500		-nan	-nan	0.40086	0.31972	0.000150000000000	1.000000000000000	0.113906250000000	0
14000		-nan	-nan	0.40000	0.31937	0.000150000000000	1.000000000000000	0.113906250000000	0
14500		-nan	-nan	0.40000	0.31914	0.000150000000000	1.000000000000000	0.113906250000000	0
15000		-nan	-nan	0.39925	0.31886	0.000150000000000	1.000000000000000	0.113906250000000	0
15500		-nan	-nan	0.39848	0.31852	0.000150000000000	1.000000000000000	0.113906250000000	0
16000		-nan	-nan	0.39692	0.31818	0.000150000000000	1.000000000000000	0.113906250000000	0
16500		-nan	-nan	0.39919	0.31816	0.000150000000000	1.000000000000000	0.113906250000000	0
17000		-nan	-nan	0.40050	0.31830	0.000150000000000	1.000000000000000	0.113906250000000	0
17500		-nan	-nan	0.39952	0.31806	0.000150000000000	1.000000000000000	0.113906250000000	0
18000		-nan	-nan	0.39887	0.31828	0.000150000000000	1.000000000000000	0.113906250000000	0
18500		-nan	-nan	0.40065	0.31787	0.000150000000000	1.000000000000000	0.113906250000000	0
19000		-nan	-nan	0.40013	0.31781	0.000150000000000	1.000000000000000	0.113906250000000	0
19500		-nan	-nan	0.39921	0.31759	0.000150000000000	1.000000000000000	0.113906250000000	0
20000		-nan	-nan	0.39994	0.31766	0.000150000000000	1.000000000000000	0.113906250000000	0
20500		-nan	-nan	0.39926	0.31747	0.000150000000000	1.000000000000000	0.113906250000000	0
21000		-nan	-nan	0.39983	0.31740	0.000150000000000	1.000000000000000	0.113906250000000	0
21500		-nan	-nan	0.40038	0.31746	0.000150000000000	1.000000000000000	0.113906250000000	0
22000		-nan	-nan	0.40258	0.31747	0.000150000000000	1.000000000000000	0.113906250000000	0
22500		-nan	-nan	0.40159	0.31733	0.000150000000000	1.000000000000000	0.113906250000000	0
23000		-nan	-nan	0.40385	0.31736	0.000150000000000	1.000000000000000	0.113906250000000	0
23500		-nan	-nan	0.40561	0.31732	0.000150000000000	1.000000000000000	0.113906250000000	0
24000		-nan	-nan	0.40481	0.31714	0.000150000000000	1.000000000000000	0.113906250000000	0
24500		-nan	-nan	0.40372	0.31699	0.000150000000000	1.000000000000000	0.113906250000000	0
25000		-nan	-nan	0.40305	0.31682	0.000150000000000	1.000000000000000	0.113906250000000	0
25500		-nan	-nan	0.40196	0.31670	0.000150000000000	1.000000000000000	0.113906250000000	0
26000		-nan	-nan	0.40200	0.31665	0.000150000000000	1.000000000000000	0.113906250000000	0
26500		-nan	-nan	0.40255	0.31651	0.000150000000000	1.000000000000000	0.113906250000000	0
27000		-nan	-nan	0.40396	0.31666	0.000150000000000	1.000000000000000	0.113906250000000	0
27500		-nan	-nan	0.40355	0.31647	0.000150000000000	1.000000000000000	0.113906250000000	0
28000		-nan	-nan	0.40356	0.31647	0.000150000000000	1.000000000000000	0.113906250000000	0
28500		-nan	-nan	0.40529	0.31670	0.000150000000000	1.000000000000000	0.113906250000000	0
29000		-nan	-nan	0.40504	0.31657	0.000150000000000	1.000000000000000	0.113906250000000	0
29500		-nan	-nan	0.40502	0.31637	0.000150000000000	1.000000000000000	0.113906250000000	0
30000		-nan	-nan	0.40470	0.31614	0.000150000000000	1.000000000000000	0.113906250000000	0
30500		-nan	-nan	0.40549	0.31625	0.000150000000000	1.000000000000000	0.113906250000000	0
31000		-nan	-nan	0.40557	0.31632	0.000150000000000	1.000000000000000	0.113906250000000	0
31500		-nan	-nan	0.40575	0.31632	0.000150000000000	1.000000000000000	0.113906250000000	0
32000		-nan	-nan	0.40479	0.31627	0.000150000000000	1.000000000000000	0.113906250000000	0
32500		-nan	-nan	0.40529	0.31636	0.000150000000000	1.000000000000000	0.113906250000000	0
33000		-nan	-nan	0.40610	0.31635	0.000150000000000	1.000000000000000	0.113906250000000	0
33500		-nan	-nan	0.40590	0.31632	0.000150000000000	1.000000000000000	0.113906250000000	0
34000		-nan	-nan	0.40516	0.31626	0.000150000000000	1.000000000000000	0.113906250000000	0
34500		-nan	-nan	0.40514	0.31623	0.000150000000000	1.000000000000000	0.113906250000000	0
35000		-nan	-nan	0.40459	0.31615	0.000150000000000	1.000000000000000	0.113906250000000	0
35500		-nan	-nan	0.40471	0.31613	0.000150000000000	1.000000000000000	0.113906250000000	0
36000		-nan	-nan	0.40497	0.31609	0.000150000000000	1.000000000000000	0.113906250000000	0
36500		-nan	-nan	0.40546	0.31609	0.000150000000000	1.000000000000000	0.113906250000000	0
37000		-nan	-nan	0.40515	0.31606	0.000150000000000	1.000000000000000	0.113906250000000	0
37500		-nan	-nan	0.40542	0.31602	0.000150000000000	1.000000000000000	0.113906250000000	0
38000		-nan	-nan	0.40580	0.31603	0.000150000000000	1.000000000000000	0.113906250000000	0
38500		-nan	-nan	0.40538	0.31591	0.000150000000000	1.000000000000000	0.113906250000000	0
39000		-nan	-nan	0.40558	0.31584	0.000150000000000	1.000000000000000	0.113906250000000	0
39500		-nan	-nan	0.40542	0.31584	0.000150000000000	1.000000000000000	0.113906250000000	0
40000		-nan	-nan	0.40597	0.31597	0.000150000000000	1.000000000000000	0.113906250000000	0
40500		-nan	-nan	0.40507	0.31591	0.000150000000000	1.000000000000000	0.113906250000000	0
41000		-nan	-nan	0.40521	0.31584	0.000150000000000	1.000000000000000	0.113906250000000	0
41500		-nan	-nan	0.40478	0.31581	0.000150000000000	1.000000000000000	0.113906250000000	0
42000		-nan	-nan	0.40562	0.31586	0.000150000000000	1.000000000000000	0.113906250000000	0
42500		-nan	-nan	0.40585	0.31593	0.000150000000000	1.000000000000000	0.113906250000000	0
43000		-nan	-nan	0.40600	0.31589	0.000150000000000	1.000000000000000	0.113906250000000	0
43500		-nan	-nan	0.40565	0.31580	0.000150000000000	1.000000000000000	0.113906250000000	0
44000		-nan	-nan	0.40610	0.31578	0.000150000000000	1.000000000000000	0.113906250000000	0
44500		-nan	-nan	0.40639	0.31580	0.000150000000000	1.000000000000000	0.113906250000000	0
45000		-nan	-nan	0.40660	0.31575	0.000150000000000	1.000000000000000	0.113906250000000	0
45500		-nan	-nan	0.40631	0.31580	0.000150000000000	1.000000000000000	0.113906250000000	0
46000		-nan	-nan	0.40549	0.31567	0.000150000000000	1.000000000000000	0.113906250000000	0
46500		-nan	-nan	0.40531	0.31567	0.000150000000000	1.000000000000000	0.113906250000000	0
47000		-nan	-nan	0.40530	0.31566	0.000150000000000	1.000000000000000	0.113906250000000	0
47500		-nan	-nan	0.40512	0.31568	0.000150000000000	1.000000000000000	0.113906250000000	0
48000		-nan	-nan	0.40513	0.31561	0.000150000000000	1.000000000000000	0.113906250000000	0
48500		-nan	-nan	0.40521	0.31567	0.000150000000000	1.000000000000000	0.113906250000000	0
49000		-nan	-nan	0.40546	0.31562	0.000150000000000	1.000000000000000	0.113906250000000	0
49500		-nan	-nan	0.40585	0.31561	0.000150000000000	1.000000000000000	0.113906250000000	0
50000		-nan	-nan	0.40617	0.31559	0.000150000000000	1.000000000000000	0.113906250000000	0
50500		-nan	-nan	0.40585	0.31558	0.000150000000000	1.000000000000000	0.113906250000000	0
51000		-nan	-nan	0.40604	0.31554	0.000150000000000	1.000000000000000	0.113906250000000	0
51500		-nan	-nan	0.40590	0.31553	0.000150000000000	1.000000000000000	0.113906250000000	0
52000		-nan	-nan	0.40639	0.31566	0.000150000000000	1.000000000000000	0.113906250000000	0
52500		-nan	-nan	0.40618	0.31561	0.000150000000000	1.000000000000000	0.113906250000000	0
53000		-nan	-nan	0.40636	0.31563	0.000150000000000	1.000000000000000	0.113906250000000	0
53500		-nan	-nan	0.40618	0.31564	0.000150000000000	1.000000000000000	0.113906250000000	0
54000		-nan	-nan	0.40557	0.31558	0.000150000000000	1.000000000000000	0.113906250000000	0
54500		-nan	-nan	0.40474	0.31554	0.000150000000000	1.000000000000000	0.113906250000000	0
55000		-nan	-nan	0.40506	0.31555	0.000150000000000	1.000000000000000	0.113906250000000	0
55500		-nan	-nan	0.40562	0.31559	0.000150000000000	1.000000000000000	0.113906250000000	0
56000		-nan	-nan	0.40564	0.31553	0.000150000000000	1.000000000000000	0.113906250000000	0
56500		-nan	-nan	0.40492	0.31545	0.000150000000000	1.000000000000000	0.113906250000000	0
57000		-nan	-nan	0.40465	0.31538	0.000150000000000	1.000000000000000	0.113906250000000	0
57500		-nan	-nan	0.40560	0.31547	0.000150000000000	1.000000000000000	0.113906250000000	0
58000		-nan	-nan	0.40564	0.31546	0.000150000000000	1.000000000000000	0.113906250000000	0
58500		-nan	-nan	0.40604	0.31544	0.000150000000000	1.000000000000000	0.113906250000000	0
59000		-nan	-nan	0.40507	0.31537	0.000150000000000	1.000000000000000	0.113906250000000	0
59500		-nan	-nan	0.40508	0.31526	0.000150000000000	1.000000000000000	0.113906250000000	0
60000		-nan	-nan	0.40511	0.31525	0.000150000000000	1.000000000000000	0.113906250000000	0
60500		-nan	-nan	0.40543	0.31531	0.000150000000000	1.000000000000000	0.113906250000000	0
61000		-nan	-nan	0.40553	0.31531	0.000150000000000	1.000000000000000	0.113906250000000	0
61500		-nan	-nan	0.40528	0.31527	0.000150000000000	1.000000000000000	0.113906250000000	0
62000		-nan	-nan	0.40546	0.31526	0.000150000000000	1.000000000000000	0.113906250000000	0
62500		-nan	-nan	0.40571	0.31522	0.000150000000000	1.000000000000000	0.113906250000000	0
63000		-nan	-nan	0.40623	0.31524	0.000150000000000	1.000000000000000	0.113906250000000	0
63500		-nan	-nan	0.40625	0.31524	0.000150000000000	1.000000000000000	0.113906250000000	0
64000		-nan	-nan	0.40600	0.31527	0.000150000000000	1.000000000000000	0.113906250000000	0
64500		-nan	-nan	0.40556	0.31515	0.000150000000000	1.000000000000000	0.113906250000000	0
65000		-nan	-nan	0.40511	0.31509	0.000150000000000	1.000000000000000	0.113906250000000	0
65500		-nan	-nan	0.40565	0.31505	0.000150000000000	1.000000000000000	0.113906250000000	0
66000		-nan	-nan	0.40590	0.31501	0.000150000000000	1.000000000000000	0.113906250000000	0
66500		-nan	-nan	0.40611	0.31503	0.000150000000000	1.000000000000000	0.113906250000000	0
67000		-nan	-nan	0.40667	0.31506	0.000150000000000	1.000000000000000	0.113906250000000	0
67500		-nan	-nan	0.40678	0.31500	0.000150000000000	1.000000000000000	0.113906250000000	0
68000		-nan	-nan	0.40648	0.31500	0.000150000000000	1.000000000000000	0.113906250000000	0
68500		-nan	-nan	0.40675	0.31498	0.000150000000000	1.000000000000000	0.113906250000000	0
69000		-nan	-nan	0.40658	0.31492	0.000150000000000	1.000000000000000	0.113906250000000	0
69500		-nan	-nan	0.40701	0.31490	0.000150000000000	1.000000000000000	0.113906250000000	0
70000		-nan	-nan	0.40731	0.31493	0.000150000000000	1.000000000000000	0.113906250000000	0
70500		-nan	-nan	0.40782	0.31497	0.000150000000000	1.000000000000000	0.113906250000000	0
71000		-nan	-nan	0.40776	0.31494	0.000150000000000	1.000000000000000	0.113906250000000	0
71500		-nan	-nan	0.40749	0.31495	0.000150000000000	1.000000000000000	0.113906250000000	0
72000		-nan	-nan	0.40749	0.31496	0.000150000000000	1.000000000000000	0.113906250000000	0
72500		-nan	-nan	0.40741	0.31498	0.000150000000000	1.000000000000000	0.113906250000000	0
73000		-nan	-nan	0.40694	0.31493	0.000150000000000	1.000000000000000	0.113906250000000	0
73500		-nan	-nan	0.40698	0.31487	0.000150000000000	1.000000000000000	0.113906250000000	0
74000		-nan	-nan	0.40723	0.31487	0.000150000000000	1.000000000000000	0.113906250000000	0
74500		-nan	-nan	0.40743	0.31490	0.000150000000000	1.000000000000000	0.113906250000000	0
75000		-nan	-nan	0.40744	0.31490	0.000150000000000	1.000000000000000	0.113906250000000	0
75500		-nan	-nan	0.40732	0.31491	0.000150000000000	1.000000000000000	0.113906250000000	0
76000		-nan	-nan	0.40688	0.31488	0.000150000000000	1.000000000000000	0.113906250000000	0
76500		-nan	-nan	0.40660	0.31483	0.000150000000000	1.000000000000000	0.113906250000000	0
77000		-nan	-nan	0.40691	0.31488	0.000150000000000	1.000000000000000	0.113906250000000	0
77500		-nan	-nan	0.40632	0.31484	0.000150000000000	1.000000000000000	0.113906250000000	0
78000		-nan	-nan	0.40605	0.31483	0.000150000000000	1.000000000000000	0.113906250000000	0
78500		-nan	-nan	0.40616	0.31484	0.000150000000000	1.000000000000000	0.113906250000000	0
79000		-nan	-nan	0.40596	0.31481	0.000150000000000	1.000000000000000	0.113906250000000	0
79500		-nan	-nan	0.40603	0.31481	0.000150000000000	1.000000000000000	0.113906250000000	0
80000		-nan	-nan	0.40553	0.31474	0.000150000000000	1.000000000000000	0.113906250000000	0
80500		-nan	-nan	0.40541	0.31474	0.000150000000000	1.000000000000000	0.113906250000000	0
81000		-nan	-nan	0.40529	0.31471	0.000150000000000	1.000000000000000	0.113906250000000	0
81500		-nan	-nan	0.40571	0.31475	0.000150000000000	1.000000000000000	0.113906250000000	0
82000		-nan	-nan	0.40585	0.31477	0.000150000000000	1.000000000000000	0.113906250000000	0
82500		-nan	-nan	0.40609	0.31476	0.000150000000000	1.000000000000000	0.113906250000000	0
83000		-nan	-nan	0.40634	0.31478	0.000150000000000	1.000000000000000	0.113906250000000	0
83500		-nan	-nan	0.40609	0.31474	0.000150000000000	1.000000000000000	0.113906250000000	0
84000		-nan	-nan	0.40612	0.31473	0.000150000000000	1.000000000000000	0.113906250000000	0
84500		-nan	-nan	0.40566	0.31471	0.000150000000000	1.000000000000000	0.113906250000000	0
85000		-nan	-nan	0.40548	0.31465	0.000150000000000	1.000000000000000	0.113906250000000	0
85500		-nan	-nan	0.40533	0.31462	0.000150000000000	1.000000000000000	0.113906250000000	0
86000		-nan	-nan	0.40496	0.31461	0.000150000000000	1.000000000000000	0.113906250000000	0
86500		-nan	-nan	0.40528	0.31460	0.000150000000000	1.000000000000000	0.113906250000000	0
87000		-nan	-nan	0.40526	0.31460	0.000150000000000	1.000000000000000	0.113906250000000	0
87500		-nan	-nan	0.40531	0.31463	0.000150000000000	1.000000000000000	0.113906250000000	0
88000		-nan	-nan	0.40535	0.31460	0.000150000000000	1.000000000000000	0.113906250000000	0
88500		-nan	-nan	0.40536	0.31460	0.000150000000000	1.000000000000000	0.113906250000000	0
89000		-nan	-nan	0.40467	0.31457	0.000150000000000	1.000000000000000	0.113906250000000	0
89500		-nan	-nan	0.40402	0.31452	0.000150000000000	1.000000000000000	0.113906250000000	0
90000		-nan	-nan	0.40375	0.31447	0.000150000000000	1.000000000000000	0.113906250000000	0
90500		-nan	-nan	0.40365	0.31449	0.000150000000000	1.000000000000000	0.113906250000000	0
91000		-nan	-nan	0.40328	0.31443	0.000150000000000	1.000000000000000	0.113906250000000	0
91500		-nan	-nan	0.40297	0.31439	0.000150000000000	1.000000000000000	0.113906250000000	0
92000		-nan	-nan	0.40274	0.31437	0.000150000000000	1.000000000000000	0.113906250000000	0
92500		-nan	-nan	0.40293	0.31437	0.000150000000000	1.000000000000000	0.113906250000000	0
93000		-nan	-nan	0.40337	0.31440	0.000150000000000	1.000000000000000	0.113906250000000	0
93500		-nan	-nan	0.40309	0.31442	0.000150000000000	1.000000000000000	0.113906250000000	0
94000		-nan	-nan	0.40282	0.31439	0.000150000000000	1.000000000000000	0.113906250000000	0
94500		-nan	-nan	0.40239	0.31437	0.000150000000000	1.000000000000000	0.113906250000000	0
95000		-nan	-nan	0.40210	0.31435	0.000150000000000	1.000000000000000	0.113906250000000	0
95500		-nan	-nan	0.40236	0.31435	0.000150000000000	1.000000000000000	0.113906250000000	0
96000		-nan	-nan	0.40255	0.31437	0.000150000000000	1.000000000000000	0.113906250000000	0
96500		-nan	-nan	0.40252	0.31437	0.000150000000000	1.000000000000000	0.113906250000000	0
97000		-nan	-nan	0.40246	0.31436	0.000150000000000	1.000000000000000	0.113906250000000	0
97500		-nan	-nan	0.40215	0.31433	0.000150000000000	1.000000000000000	0.113906250000000	0
98000		-nan	-nan	0.40207	0.31433	0.000150000000000	1.000000000000000	0.113906250000000	0
98500		-nan	-nan	0.40196	0.31432	0.000150000000000	1.000000000000000	0.113906250000000	0
99000		-nan	-nan	0.40195	0.31434	0.000150000000000	1.000000000000000	0.113906250000000	0
99500		-nan	-nan	0.40211	0.31433	0.000150000000000	1.000000000000000	0.113906250000000	0
100000		-nan	-nan	0.40204	0.31431	0.000150000000000	1.000000000000000	0.113906250000000	0