step	p_accept_mu1	p_accept_gamma	p_accept_pi	p_accept_Tinf	sigma_mu1	sigma_gamma	sigma_pi	n_like_zero
1		1.00000	1.00000	1.00000	1.00000	0.000100000000000	1.000000000000000	0.010000000000000	0
500		1.00000	1.00000	1.00000	0.37192	0.000100000000000	1.000000000000000	0.010000000000000	0
1000		-nan	-nan	0.88600	0.36259	0.000150000000000	1.000000000000000	0.015000000000000	0
1500		-nan	-nan	0.90600	0.35075	0.000150000000000	1.000000000000000	0.022500000000000	0
2000		-nan	-nan	0.82400	0.34216	0.000150000000000	1.000000000000000	0.033750000000000	0
2500		-nan	-nan	0.71600	0.33749	0.000150000000000	1.000000000000000	0.050625000000000	0
3000		-nan	-nan	0.60400	0.33354	0.000150000000000	1.000000000000000	0.075937500000000	0
3500		-nan	-nan	0.47200	0.33094	0.000150000000000	1.000000000000000	0.113906250000000	0
4000		-nan	-nan	0.48500	0.32761	0.000150000000000	1.000000000000000	0.113906250000000	0
4500		-nan	-nan	0.48800	0.32516	0.000150000000000	1.000000000000000	0.113906250000000	0
5000		-nan	-nan	0.48550	0.32309	0.000150000000000	1.000000000000000	0.113906250000000	0
5500		-nan	-nan	0.49080	0.32101	0.000150000000000	1.000000000000000	0.113906250000000	0
6000		-nan	-nan	0.49233	0.31971	0.000150000000000	1.000000000000000	0.113906250000000	0
6500		-nan	-nan	0.48914	0.31854	0.000150000000000	1.000000000000000	0.113906250000000	0
7000		-nan	-nan	0.48925	0.31751	0.000150000000000	1.000000000000000	0.113906250000000	0
7500		-nan	-nan	0.48911	0.31660	0.000150000000000	1.000000000000000	0.113906250000000	0
8000		-nan	-nan	0.48940	0.31619	0.000150000000000	1.000000000000000	0.113906250000000	0
8500		-nan	-nan	0.48727	0.31568	0.000150000000000	1.000000000000000	0.113906250000000	0
9000		-nan	-nan	0.48483	0.31532	0.000150000000000	1.000000000000000	0.113906250000000	0
9500		-nan	-nan	0.48615	0.31489	0.000150000000000	1.000000000000000	0.113906250000000	0
10000		-nan	-nan	0.48286	0.31398	0.000150000000000	1.000000000000000	0.113906250000000	0
10500		-nan	-nan	0.48013	0.31336	0.000150000000000	1.000000000000000	0.113906250000000	0
11000		-nan	-nan	0.47975	0.31278	0.000150000000000	1.000000000000000	0.113906250000000	0
11500		-nan	-nan	0.48000	0.31234	0.000150000000000	1.000000000000000	0.113906250000000	0
12000		-nan	-nan	0.47822	0.31179	0.000150000000000	1.000000000000000	0.113906250000000	0
12500		-nan	-nan	0.47895	0.31165	0.000150000000000	1.000000000000000	0.113906250000000	0
13000		-nan	-nan	0.48000	0.31130	0.000150000000000	1.000000000000000	0.113906250000000	0
13500		-nan	-nan	0.47990	0.31154	0.000150000000000	1.000000000000000	0.113906250000000	0
14000		-nan	-nan	0.48082	0.31119	0.000150000000000	1.000000000000000	0.113906250000000	0
14500		-nan	-nan	0.48157	0.31127	0.000150000000000	1.000000000000000	0.113906250000000	0
15000		-nan	-nan	0.48267	0.31116	0.000150000000000	1.000000000000000	0.113906250000000	0
15500		-nan	-nan	0.48208	0.31126	0.000150000000000	1.000000000000000	0.113906250000000	0
16000		-nan	-nan	0.48477	0.31130	0.000150000000000	1.000000000000000	0.113906250000000	0
16500		-nan	-nan	0.48489	0.31126	0.000150000000000	1.000000000000000	0.113906250000000	0
17000		-nan	-nan	0.48707	0.31140	0.000150000000000	1.000000000000000	0.113906250000000	0
17500		-nan	-nan	0.48628	0.31145	0.000150000000000	1.000000000000000	0.113906250000000	0
18000		-nan	-nan	0.48787	0.31121	0.000150000000000	1.000000000000000	0.113906250000000	0
18500		-nan	-nan	0.48761	0.31086	0.000150000000000	1.000000000000000	0.113906250000000	0
19000		-nan	-nan	0.48738	0.31081	0.000150000000000	1.000000000000000	0.113906250000000	0
19500		-nan	-nan	0.48612	0.31069	0.000150000000000	1.000000000000000	0.113906250000000	0
20000		-nan	-nan	0.48759	0.31073	0.000150000000000	1.000000000000000	0.113906250000000	0
20500		-nan	-nan	0.48697	0.31037	0.000150000000000	1.000000000000000	0.113906250000000	0
21000		-nan	-nan	0.48694	0.31025	0.000150000000000	1.000000000000000	0.113906250000000	0
21500		-nan	-nan	0.48703	0.31004	0.000150000000000	1.000000000000000	0.113906250000000	0
22000		-nan	-nan	0.48647	0.30980	0.000150000000000	1.000000000000000	0.113906250000000	0
22500		-nan	-nan	0.48564	0.30943	0.000150000000000	1.000000000000000	0.113906250000000	0
23000		-nan	-nan	0.48640	0.30938	0.000150000000000	1.000000000000000	0.113906250000000	0
23500		-nan	-nan	0.48634	0.30931	0.000150000000000	1.000000000000000	0.113906250000000	0
24000		-nan	-nan	0.48595	0.30899	0.000150000000000	1.000000000000000	0.113906250000000	0
24500		-nan	-nan	0.48516	0.30883	0.000150000000000	1.000000000000000	0.113906250000000	0
25000		-nan	-nan	0.48541	0.30893	0.000150000000000	1.000000000000000	0.113906250000000	0
25500		-nan	-nan	0.48507	0.30910	0.000150000000000	1.000000000000000	0.113906250000000	0
26000		-nan	-nan	0.48513	0.30898	0.000150000000000	1.000000000000000	0.113906250000000	0
26500		-nan	-nan	0.48438	0.30885	0.000150000000000	1.000000000000000	0.113906250000000	0
27000		-nan	-nan	0.48475	0.30885	0.000150000000000	1.000000000000000	0.113906250000000	0
27500		-nan	-nan	0.48473	0.30880	0.000150000000000	1.000000000000000	0.113906250000000	0
28000		-nan	-nan	0.48508	0.30870	0.000150000000000	1.000000000000000	0.113906250000000	0
28500		-nan	-nan	0.48455	0.30854	0.000150000000000	1.000000000000000	0.113906250000000	0
29000		-nan	-nan	0.48527	0.30851	0.000150000000000	1.000000000000000	0.113906250000000	0
29500		-nan	-nan	0.48581	0.30855	0.000150000000000	1.000000000000000	0.113906250000000	0
30000		-nan	-nan	0.48567	0.30846	0.000150000000000	1.000000000000000	0.113906250000000	0
30500		-nan	-nan	0.48575	0.30848	0.000150000000000	1.000000000000000	0.113906250000000	0
31000		-nan	-nan	0.48600	0.30844	0.000150000000000	1.000000000000000	0.113906250000000	0
31500		-nan	-nan	0.48568	0.30833	0.000150000000000	1.000000000000000	0.113906250000000	0
32000		-nan	-nan	0.48579	0.30844	0.000150000000000	1.000000000000000	0.113906250000000	0
32500		-nan	-nan	0.48542	0.30826	0.000150000000000	1.000000000000000	0.113906250000000	0
33000		-nan	-nan	0.48580	0.30824	0.000150000000000	1.000000000000000	0.113906250000000	0
33500		-nan	-nan	0.48557	0.30813	0.000150000000000	1.000000000000000	0.113906250000000	0
34000		-nan	-nan	0.48581	0.30802	0.000150000000000	1.000000000000000	0.113906250000000	0
34500		-nan	-nan	0.48578	0.30796	0.000150000000000	1.000000000000000	0.113906250000000	0
35000		-nan	-nan	0.48588	0.30803	0.000150000000000	1.000000000000000	0.113906250000000	0
35500		-nan	-nan	0.48622	0.30815	0.000150000000000	1.000000000000000	0.113906250000000	0
36000		-nan	-nan	0.48570	0.30814	0.000150000000000	1.000000000000000	0.113906250000000	0
36500		-nan	-nan	0.48636	0.30810	0.000150000000000	1.000000000000000	0.113906250000000	0
37000		-nan	-nan	0.48626	0.30800	0.000150000000000	1.000000000000000	0.113906250000000	0
37500		-nan	-nan	0.48594	0.30796	0.000150000000000	1.000000000000000	0.113906250000000	0
38000		-nan	-nan	0.48646	0.30795	0.000150000000000	1.000000000000000	0.113906250000000	0
38500		-nan	-nan	0.48659	0.30791	0.000150000000000	1.000000000000000	0.113906250000000	0
39000		-nan	-nan	0.48622	0.30788	0.000150000000000	1.000000000000000	0.113906250000000	0
39500		-nan	-nan	0.48622	0.30780	0.000150000000000	1.000000000000000	0.113906250000000	0
40000		-nan	-nan	0.48584	0.30765	0.000150000000000	1.000000000000000	0.113906250000000	0
40500		-nan	-nan	0.48560	0.30758	0.000150000000000	1.000000000000000	0.113906250000000	0
41000		-nan	-nan	0.48518	0.30754	0.000150000000000	1.000000000000000	0.113906250000000	0
41500		-nan	-nan	0.48478	0.30745	0.000150000000000	1.000000000000000	0.113906250000000	0
42000		-nan	-nan	0.48472	0.30740	0.000150000000000	1.000000000000000	0.113906250000000	0
42500		-nan	-nan	0.48506	0.30741	0.000150000000000	1.000000000000000	0.113906250000000	0
43000		-nan	-nan	0.48495	0.30740	0.000150000000000	1.000000000000000	0.113906250000000	0
43500		-nan	-nan	0.48464	0.30730	0.000150000000000	1.000000000000000	0.113906250000000	0
44000		-nan	-nan	0.48512	0.30720	0.000150000000000	1.000000000000000	0.113906250000000	0
44500		-nan	-nan	0.48513	0.30711	0.000150000000000	1.000000000000000	0.113906250000000	0
45000		-nan	-nan	0.48507	0.30715	0.000150000000000	1.000000000000000	0.113906250000000	0
45500		-nan	-nan	0.48515	0.30719	0.000150000000000	1.000000000000000	0.113906250000000	0
46000		-nan	-nan	0.48540	0.30721	0.000150000000000	1.000000000000000	0.113906250000000	0
46500		-nan	-nan	0.48556	0.30712	0.000150000000000	1.000000000000000	0.113906250000000	0
47000		-nan	-nan	0.48545	0.30709	0.000150000000000	1.000000000000000	0.113906250000000	0
47500		-nan	-nan	0.48530	0.30713	0.000150000000000	1.000000000000000	0.113906250000000	0
48000		-nan	-nan	0.48591	0.30707	0.000150000000000	1.000000000000000	0.113906250000000	0
48500		-nan	-nan	0.48618	0.30705	0.000150000000000	1.000000000000000	0.113906250000000	0
49000		-nan	-nan	0.48611	0.30703	0.000150000000000	1.000000000000000	0.113906250000000	0
49500		-nan	-nan	0.48606	0.30700	0.000150000000000	1.000000000000000	0.113906250000000	0
50000		-nan	-nan	0.48598	0.30692	0.000150000000000	1.000000000000000	0.113906250000000	0
50500		-nan	-nan	0.48634	0.30690	0.000150000000000	1.000000000000000	0.113906250000000	0
51000		-nan	-nan	0.48594	0.30690	0.000150000000000	1.000000000000000	0.113906250000000	0
51500		-nan	-nan	0.48579	0.30688	0.000150000000000	1.000000000000000	0.113906250000000	0
52000		-nan	-nan	0.48618	0.30697	0.000150000000000	1.000000000000000	0.113906250000000	0
52500		-nan	-nan	0.48610	0.30699	0.000150000000000	1.000000000000000	0.113906250000000	0
53000		-nan	-nan	0.48622	0.30689	0.000150000000000	1.000000000000000	0.113906250000000	0
53500		-nan	-nan	0.48624	0.30683	0.000150000000000	1.000000000000000	0.113906250000000	0
54000		-nan	-nan	0.48657	0.30676	0.000150000000000	1.000000000000000	0.113906250000000	0
54500		-nan	-nan	0.48715	0.30685	0.000150000000000	1.000000000000000	0.113906250000000	0
55000		-nan	-nan	0.48742	0.30686	0.000150000000000	1.000000000000000	0.113906250000000	0
55500		-nan	-nan	0.48741	0.30684	0.000150000000000	1.000000000000000	0.113906250000000	0
56000		-nan	-nan	0.48775	0.30682	0.000150000000000	1.000000000000000	0.113906250000000	0
56500		-nan	-nan	0.48755	0.30680	0.000150000000000	1.000000000000000	0.113906250000000	0
57000		-nan	-nan	0.48737	0.30683	0.000150000000000	1.000000000000000	0.113906250000000	0
57500		-nan	-nan	0.48730	0.30682	0.000150000000000	1.000000000000000	0.113906250000000	0
58000		-nan	-nan	0.48725	0.30686	0.000150000000000	1.000000000000000	0.113906250000000	0
58500		-nan	-nan	0.48742	0.30689	0.000150000000000	1.000000000000000	0.113906250000000	0
59000		-nan	-nan	0.48746	0.30693	0.000150000000000	1.000000000000000	0.113906250000000	0
59500		-nan	-nan	0.48745	0.30698	0.000150000000000	1.000000000000000	0.113906250000000	0
60000		-nan	-nan	0.48714	0.30689	0.000150000000000	1.000000000000000	0.113906250000000	0
60500		-nan	-nan	0.48671	0.30684	0.000150000000000	1.000000000000000	0.113906250000000	0
61000		-nan	-nan	0.48676	0.30688	0.000150000000000	1.000000000000000	0.113906250000000	0
61500		-nan	-nan	0.48694	0.30690	0.000150000000000	1.000000000000000	0.113906250000000	0
62000		-nan	-nan	0.48692	0.30690	0.000150000000000	1.000000000000000	0.113906250000000	0
62500		-nan	-nan	0.48703	0.30683	0.000150000000000	1.000000000000000	0.113906250000000	0
63000		-nan	-nan	0.48720	0.30679	0.000150000000000	1.000000000000000	0.113906250000000	0
63500		-nan	-nan	0.48689	0.30671	0.000150000000000	1.000000000000000	0.113906250000000	0
64000		-nan	-nan	0.48677	0.30660	0.000150000000000	1.000000000000000	0.113906250000000	0
64500		-nan	-nan	0.48681	0.30656	0.000150000000000	1.000000000000000	0.113906250000000	0
65000		-nan	-nan	0.48702	0.30653	0.000150000000000	1.000000000000000	0.113906250000000	0
65500		-nan	-nan	0.48747	0.30650	0.000150000000000	1.000000000000000	0.113906250000000	0
66000		-nan	-nan	0.48763	0.30638	0.000150000000000	1.000000000000000	0.113906250000000	0
66500		-nan	-nan	0.48767	0.30638	0.000150000000000	1.000000000000000	0.113906250000000	0
67000		-nan	-nan	0.48772	0.30644	0.000150000000000	1.000000000000000	0.113906250000000	0
67500		-nan	-nan	0.48783	0.30648	0.000150000000000	1.000000000000000	0.113906250000000	0
68000		-nan	-nan	0.48806	0.30652	0.000150000000000	1.000000000000000	0.113906250000000	0
68500		-nan	-nan	0.48815	0.30652	0.000150000000000	1.000000000000000	0.113906250000000	0
69000		-nan	-nan	0.48836	0.30651	0.000150000000000	1.000000000000000	0.113906250000000	0
69500		-nan	-nan	0.48821	0.30651	0.000150000000000	1.000000000000000	0.113906250000000	0
70000		-nan	-nan	0.48810	0.30651	0.000150000000000	1.000000000000000	0.113906250000000	0
70500		-nan	-nan	0.48807	0.30657	0.000150000000000	1.000000000000000	0.113906250000000	0
71000		-nan	-nan	0.48806	0.30661	0.000150000000000	1.000000000000000	0.113906250000000	0
71500		-nan	-nan	0.48812	0.30656	0.000150000000000	1.000000000000000	0.113906250000000	0
72000		-nan	-nan	0.48801	0.30656	0.000150000000000	1.000000000000000	0.113906250000000	0
72500		-nan	-nan	0.48822	0.30656	0.000150000000000	1.000000000000000	0.113906250000000	0
73000		-nan	-nan	0.48817	0.30652	0.000150000000000	1.000000000000000	0.113906250000000	0
73500		-nan	-nan	0.48843	0.30647	0.000150000000000	1.000000000000000	0.113906250000000	0
74000		-nan	-nan	0.48835	0.30646	0.000150000000000	1.000000000000000	0.113906250000000	0
74500		-nan	-nan	0.48842	0.30640	0.000150000000000	1.000000000000000	0.113906250000000	0
75000		-nan	-nan	0.48846	0.30640	0.000150000000000	1.000000000000000	0.113906250000000	0
75500		-nan	-nan	0.48870	0.30635	0.000150000000000	1.000000000000000	0.113906250000000	0
76000		-nan	-nan	0.48907	0.30631	0.000150000000000	1.000000000000000	0.113906250000000	0
76500		-nan	-nan	0.48917	0.30633	0.000150000000000	1.000000000000000	0.113906250000000	0
77000		-nan	-nan	0.48927	0.30633	0.000150000000000	1.000000000000000	0.113906250000000	0
77500		-nan	-nan	0.48929	0.30633	0.000150000000000	1.000000000000000	0.113906250000000	0
78000		-nan	-nan	0.48925	0.30631	0.000150000000000	1.000000000000000	0.113906250000000	0
78500		-nan	-nan	0.48935	0.30629	0.000150000000000	1.000000000000000	0.113906250000000	0
79000		-nan	-nan	0.48974	0.30635	0.000150000000000	1.000000000000000	0.113906250000000	0
79500		-nan	-nan	0.48953	0.30637	0.000150000000000	1.000000000000000	0.113906250000000	0
80000		-nan	-nan	0.48931	0.30633	0.000150000000000	1.000000000000000	0.113906250000000	0
80500		-nan	-nan	0.48942	0.30633	0.000150000000000	1.000000000000000	0.113906250000000	0
81000		-nan	-nan	0.48941	0.30635	0.000150000000000	1.000000000000000	0.113906250000000	0
81500		-nan	-nan	0.48940	0.30634	0.000150000000000	1.000000000000000	0.113906250000000	0
82000		-nan	-nan	0.48958	0.30631	0.000150000000000	1.000000000000000	0.113906250000000	0
82500		-nan	-nan	0.48945	0.30626	0.000150000000000	1.000000000000000	0.113906250000000	0
83000		-nan	-nan	0.48933	0.30621	0.000150000000000	1.000000000000000	0.113906250000000	0
83500		-nan	-nan	0.48944	0.30622	0.000150000000000	1.000000000000000	0.113906250000000	0
84000		-nan	-nan	0.48935	0.30613	0.000150000000000	1.000000000000000	0.113906250000000	0
84500		-nan	-nan	0.48918	0.30614	0.000150000000000	1.000000000000000	0.113906250000000	0
85000		-nan	-nan	0.48899	0.30610	0.000150000000000	1.000000000000000	0.113906250000000	0
85500		-nan	-nan	0.48878	0.30609	0.000150000000000	1.000000000000000	0.113906250000000	0
86000		-nan	-nan	0.48851	0.30612	0.000150000000000	1.000000000000000	0.113906250000000	0
86500		-nan	-nan	0.48853	0.30612	0.000150000000000	1.000000000000000	0.113906250000000	0
87000		-nan	-nan	0.48821	0.30613	0.000150000000000	1.000000000000000	0.113906250000000	0
87500		-nan	-nan	0.48795	0.30613	0.000150000000000	1.000000000000000	0.113906250000000	0
88000		-nan	-nan	0.48807	0.30611	0.000150000000000	1.000000000000000	0.113906250000000	0
88500		-nan	-nan	0.48805	0.30611	0.000150000000000	1.000000000000000	0.113906250000000	0
89000		-nan	-nan	0.48797	0.30607	0.000150000000000	1.000000000000000	0.113906250000000	0
89500		-nan	-nan	0.48794	0.30604	0.000150000000000	1.000000000000000	0.113906250000000	0
90000		-nan	-nan	0.48791	0.30608	0.000150000000000	1.000000000000000	0.113906250000000	0
90500		-nan	-nan	0.48798	0.30608	0.000150000000000	1.000000000000000	0.113906250000000	0
91000		-nan	-nan	0.48776	0.30609	0.000150000000000	1.000000000000000	0.113906250000000	0
91500		-nan	-nan	0.48792	0.30607	0.000150000000000	1.000000000000000	0.113906250000000	0
92000		-nan	-nan	0.48774	0.30604	0.000150000000000	1.000000000000000	0.113906250000000	0
92500		-nan	-nan	0.48785	0.30606	0.000150000000000	1.000000000000000	0.113906250000000	0
93000		-nan	-nan	0.48781	0.30603	0.000150000000000	1.000000000000000	0.113906250000000	0
93500		-nan	-nan	0.48764	0.30605	0.000150000000000	1.000000000000000	0.113906250000000	0
94000		-nan	-nan	0.48769	0.30603	0.000150000000000	1.000000000000000	0.113906250000000	0
94500		-nan	-nan	0.48768	0.30602	0.000150000000000	1.000000000000000	0.113906250000000	0
95000		-nan	-nan	0.48775	0.30601	0.000150000000000	1.000000000000000	0.113906250000000	0
95500		-nan	-nan	0.48796	0.30600	0.000150000000000	1.000000000000000	0.113906250000000	0
96000		-nan	-nan	0.48785	0.30603	0.000150000000000	1.000000000000000	0.113906250000000	0
96500		-nan	-nan	0.48795	0.30602	0.000150000000000	1.000000000000000	0.113906250000000	0
97000		-nan	-nan	0.48811	0.30604	0.000150000000000	1.000000000000000	0.113906250000000	0
97500		-nan	-nan	0.48824	0.30604	0.000150000000000	1.000000000000000	0.113906250000000	0
98000		-nan	-nan	0.48859	0.30609	0.000150000000000	1.000000000000000	0.113906250000000	0
98500		-nan	-nan	0.48866	0.30607	0.000150000000000	1.000000000000000	0.113906250000000	0
99000		-nan	-nan	0.48877	0.30611	0.000150000000000	1.000000000000000	0.113906250000000	0
99500		-nan	-nan	0.48904	0.30609	0.000150000000000	1.000000000000000	0.113906250000000	0
100000		-nan	-nan	0.48899	0.30609	0.000150000000000	1.000000000000000	0.113906250000000	0