step	p_accept_mu1	p_accept_gamma	p_accept_pi	p_accept_Tinf	sigma_mu1	sigma_gamma	sigma_pi	n_like_zero
1		1.00000	1.00000	1.00000	1.00000	0.000100000000000	1.000000000000000	0.010000000000000	0
500		1.00000	1.00000	1.00000	0.39282	0.000100000000000	1.000000000000000	0.010000000000000	0
1000		-nan	-nan	0.69000	0.38124	0.000150000000000	1.000000000000000	0.015000000000000	0
1500		-nan	-nan	0.87200	0.37277	0.000150000000000	1.000000000000000	0.022500000000000	0
2000		-nan	-nan	0.83200	0.36449	0.000150000000000	1.000000000000000	0.033750000000000	0
2500		-nan	-nan	0.78800	0.36101	0.000150000000000	1.000000000000000	0.050625000000000	0
3000		-nan	-nan	0.66800	0.35934	0.000150000000000	1.000000000000000	0.075937500000000	0
3500		-nan	-nan	0.55400	0.35712	0.000150000000000	1.000000000000000	0.113906250000000	0
4000		-nan	-nan	0.44400	0.35499	0.000150000000000	1.000000000000000	0.170859375000000	0
4500		-nan	-nan	0.44900	0.35403	0.000150000000000	1.000000000000000	0.170859375000000	0
5000		-nan	-nan	0.44200	0.35264	0.000150000000000	1.000000000000000	0.170859375000000	0
5500		-nan	-nan	0.42550	0.35082	0.000150000000000	1.000000000000000	0.170859375000000	0
6000		-nan	-nan	0.41040	0.34888	0.000150000000000	1.000000000000000	0.170859375000000	0
6500		-nan	-nan	0.40867	0.34698	0.000150000000000	1.000000000000000	0.170859375000000	0
7000		-nan	-nan	0.40543	0.34549	0.000150000000000	1.000000000000000	0.170859375000000	0
7500		-nan	-nan	0.40150	0.34458	0.000150000000000	1.000000000000000	0.170859375000000	0
8000		-nan	-nan	0.39489	0.34306	0.000150000000000	1.000000000000000	0.170859375000000	0
8500		-nan	-nan	0.39380	0.34199	0.000150000000000	1.000000000000000	0.170859375000000	0
9000		-nan	-nan	0.38909	0.34095	0.000150000000000	1.000000000000000	0.170859375000000	0
9500		-nan	-nan	0.38767	0.34017	0.000150000000000	1.000000000000000	0.170859375000000	0
10000		-nan	-nan	0.38538	0.33928	0.000150000000000	1.000000000000000	0.170859375000000	0
10500		-nan	-nan	0.38271	0.33845	0.000150000000000	1.000000000000000	0.170859375000000	0
11000		-nan	-nan	0.38387	0.33805	0.000150000000000	1.000000000000000	0.170859375000000	0
11500		-nan	-nan	0.38488	0.33752	0.000150000000000	1.000000000000000	0.170859375000000	0
12000		-nan	-nan	0.38224	0.33691	0.000150000000000	1.000000000000000	0.170859375000000	0
12500		-nan	-nan	0.37944	0.33640	0.000150000000000	1.000000000000000	0.170859375000000	0
13000		-nan	-nan	0.37811	0.33594	0.000150000000000	1.000000000000000	0.170859375000000	0
13500		-nan	-nan	0.37690	0.33532	0.000150000000000	1.000000000000000	0.170859375000000	0
14000		-nan	-nan	0.37790	0.33488	0.000150000000000	1.000000000000000	0.170859375000000	0
14500		-nan	-nan	0.37773	0.33431	0.000150000000000	1.000000000000000	0.170859375000000	0
15000		-nan	-nan	0.37774	0.33367	0.000150000000000	1.000000000000000	0.170859375000000	0
15500		-nan	-nan	0.37742	0.33322	0.000150000000000	1.000000000000000	0.170859375000000	0
16000		-nan	-nan	0.37776	0.33289	0.000150000000000	1.000000000000000	0.170859375000000	0
16500		-nan	-nan	0.37800	0.33268	0.000150000000000	1.000000000000000	0.170859375000000	0
17000		-nan	-nan	0.37800	0.33235	0.000150000000000	1.000000000000000	0.170859375000000	0
17500		-nan	-nan	0.37800	0.33218	0.000150000000000	1.000000000000000	0.170859375000000	0
18000		-nan	-nan	0.37897	0.33193	0.000150000000000	1.000000000000000	0.170859375000000	0
18500		-nan	-nan	0.37680	0.33183	0.000150000000000	1.000000000000000	0.170859375000000	0
19000		-nan	-nan	0.37735	0.33169	0.000150000000000	1.000000000000000	0.170859375000000	0
19500		-nan	-nan	0.37631	0.33156	0.000150000000000	1.000000000000000	0.170859375000000	0
20000		-nan	-nan	0.37624	0.33145	0.000150000000000	1.000000000000000	0.170859375000000	0
20500		-nan	-nan	0.37565	0.33131	0.000150000000000	1.000000000000000	0.170859375000000	0
21000		-nan	-nan	0.37514	0.33103	0.000150000000000	1.000000000000000	0.170859375000000	0
21500		-nan	-nan	0.37511	0.33071	0.000150000000000	1.000000000000000	0.170859375000000	0
22000		-nan	-nan	0.37530	0.33056	0.000150000000000	1.000000000000000	0.170859375000000	0
22500		-nan	-nan	0.37632	0.33043	0.000150000000000	1.000000000000000	0.170859375000000	0
23000		-nan	-nan	0.37677	0.33056	0.000150000000000	1.000000000000000	0.170859375000000	0
23500		-nan	-nan	0.37715	0.33048	0.000150000000000	1.000000000000000	0.170859375000000	0
24000		-nan	-nan	0.37741	0.33037	0.000150000000000	1.000000000000000	0.170859375000000	0
24500		-nan	-nan	0.37638	0.32996	0.000150000000000	1.000000000000000	0.170859375000000	0
25000		-nan	-nan	0.37674	0.32984	0.000150000000000	1.000000000000000	0.170859375000000	0
25500		-nan	-nan	0.37700	0.32987	0.000150000000000	1.000000000000000	0.170859375000000	0
26000		-nan	-nan	0.37724	0.32973	0.000150000000000	1.000000000000000	0.170859375000000	0
26500		-nan	-nan	0.37787	0.32990	0.000150000000000	1.000000000000000	0.170859375000000	0
27000		-nan	-nan	0.37728	0.32975	0.000150000000000	1.000000000000000	0.170859375000000	0
27500		-nan	-nan	0.37671	0.32966	0.000150000000000	1.000000000000000	0.170859375000000	0
28000		-nan	-nan	0.37678	0.32944	0.000150000000000	1.000000000000000	0.170859375000000	0
28500		-nan	-nan	0.37668	0.32934	0.000150000000000	1.000000000000000	0.170859375000000	0
29000		-nan	-nan	0.37718	0.32948	0.000150000000000	1.000000000000000	0.170859375000000	0
29500		-nan	-nan	0.37727	0.32932	0.000150000000000	1.000000000000000	0.170859375000000	0
30000		-nan	-nan	0.37709	0.32920	0.000150000000000	1.000000000000000	0.170859375000000	0
30500		-nan	-nan	0.37730	0.32912	0.000150000000000	1.000000000000000	0.170859375000000	0
31000		-nan	-nan	0.37735	0.32895	0.000150000000000	1.000000000000000	0.170859375000000	0
31500		-nan	-nan	0.37807	0.32885	0.000150000000000	1.000000000000000	0.170859375000000	0
32000		-nan	-nan	0.37793	0.32880	0.000150000000000	1.000000000000000	0.170859375000000	0
32500		-nan	-nan	0.37790	0.32869	0.000150000000000	1.000000000000000	0.170859375000000	0
33000		-nan	-nan	0.37641	0.32854	0.000150000000000	1.000000000000000	0.170859375000000	0
33500		-nan	-nan	0.37603	0.32836	0.000150000000000	1.000000000000000	0.170859375000000	0
34000		-nan	-nan	0.37541	0.32829	0.000150000000000	1.000000000000000	0.170859375000000	0
34500		-nan	-nan	0.37574	0.32827	0.000150000000000	1.000000000000000	0.170859375000000	0
35000		-nan	-nan	0.37603	0.32828	0.000150000000000	1.000000000000000	0.170859375000000	0
35500		-nan	-nan	0.37519	0.32819	0.000150000000000	1.000000000000000	0.170859375000000	0
36000		-nan	-nan	0.37545	0.32813	0.000150000000000	1.000000000000000	0.170859375000000	0
36500		-nan	-nan	0.37482	0.32804	0.000150000000000	1.000000000000000	0.170859375000000	0
37000		-nan	-nan	0.37487	0.32805	0.000150000000000	1.000000000000000	0.170859375000000	0
37500		-nan	-nan	0.37535	0.32800	0.000150000000000	1.000000000000000	0.170859375000000	0
38000		-nan	-nan	0.37562	0.32795	0.000150000000000	1.000000000000000	0.170859375000000	0
38500		-nan	-nan	0.37526	0.32782	0.000150000000000	1.000000000000000	0.170859375000000	0
39000		-nan	-nan	0.37558	0.32776	0.000150000000000	1.000000000000000	0.170859375000000	0
39500		-nan	-nan	0.37653	0.32786	0.000150000000000	1.000000000000000	0.170859375000000	0
40000		-nan	-nan	0.37723	0.32790	0.000150000000000	1.000000000000000	0.170859375000000	0
40500		-nan	-nan	0.37773	0.32781	0.000150000000000	1.000000000000000	0.170859375000000	0
41000		-nan	-nan	0.37752	0.32779	0.000150000000000	1.000000000000000	0.170859375000000	0
41500		-nan	-nan	0.37689	0.32782	0.000150000000000	1.000000000000000	0.170859375000000	0
42000		-nan	-nan	0.37722	0.32782	0.000150000000000	1.000000000000000	0.170859375000000	0
42500		-nan	-nan	0.37736	0.32782	0.000150000000000	1.000000000000000	0.170859375000000	0
43000		-nan	-nan	0.37757	0.32780	0.000150000000000	1.000000000000000	0.170859375000000	0
43500		-nan	-nan	0.37750	0.32780	0.000150000000000	1.000000000000000	0.170859375000000	0
44000		-nan	-nan	0.37768	0.32766	0.000150000000000	1.000000000000000	0.170859375000000	0
44500		-nan	-nan	0.37844	0.32761	0.000150000000000	1.000000000000000	0.170859375000000	0
45000		-nan	-nan	0.37863	0.32755	0.000150000000000	1.000000000000000	0.170859375000000	0
45500		-nan	-nan	0.37869	0.32746	0.000150000000000	1.000000000000000	0.170859375000000	0
46000		-nan	-nan	0.37807	0.32743	0.000150000000000	1.000000000000000	0.170859375000000	0
46500		-nan	-nan	0.37798	0.32740	0.000150000000000	1.000000000000000	0.170859375000000	0
47000		-nan	-nan	0.37798	0.32742	0.000150000000000	1.000000000000000	0.170859375000000	0
47500		-nan	-nan	0.37802	0.32728	0.000150000000000	1.000000000000000	0.170859375000000	0
48000		-nan	-nan	0.37796	0.32720	0.000150000000000	1.000000000000000	0.170859375000000	0
48500		-nan	-nan	0.37744	0.32719	0.000150000000000	1.000000000000000	0.170859375000000	0
49000		-nan	-nan	0.37765	0.32715	0.000150000000000	1.000000000000000	0.170859375000000	0
49500		-nan	-nan	0.37798	0.32710	0.000150000000000	1.000000000000000	0.170859375000000	0
50000		-nan	-nan	0.37815	0.32708	0.000150000000000	1.000000000000000	0.170859375000000	0
50500		-nan	-nan	0.37843	0.32707	0.000150000000000	1.000000000000000	0.170859375000000	0
51000		-nan	-nan	0.37846	0.32700	0.000150000000000	1.000000000000000	0.170859375000000	0
51500		-nan	-nan	0.37848	0.32698	0.000150000000000	1.000000000000000	0.170859375000000	0
52000		-nan	-nan	0.37829	0.32697	0.000150000000000	1.000000000000000	0.170859375000000	0
52500		-nan	-nan	0.37822	0.32698	0.000150000000000	1.000000000000000	0.170859375000000	0
53000		-nan	-nan	0.37806	0.32694	0.000150000000000	1.000000000000000	0.170859375000000	0
53500		-nan	-nan	0.37772	0.32692	0.000150000000000	1.000000000000000	0.170859375000000	0
54000		-nan	-nan	0.37782	0.32694	0.000150000000000	1.000000000000000	0.170859375000000	0
54500		-nan	-nan	0.37763	0.32699	0.000150000000000	1.000000000000000	0.170859375000000	0
55000		-nan	-nan	0.37767	0.32703	0.000150000000000	1.000000000000000	0.170859375000000	0
55500		-nan	-nan	0.37777	0.32701	0.000150000000000	1.000000000000000	0.170859375000000	0
56000		-nan	-nan	0.37804	0.32705	0.000150000000000	1.000000000000000	0.170859375000000	0
56500		-nan	-nan	0.37828	0.32712	0.000150000000000	1.000000000000000	0.170859375000000	0
57000		-nan	-nan	0.37834	0.32708	0.000150000000000	1.000000000000000	0.170859375000000	0
57500		-nan	-nan	0.37804	0.32702	0.000150000000000	1.000000000000000	0.170859375000000	0
58000		-nan	-nan	0.37791	0.32693	0.000150000000000	1.000000000000000	0.170859375000000	0
58500		-nan	-nan	0.37769	0.32694	0.000150000000000	1.000000000000000	0.170859375000000	0
59000		-nan	-nan	0.37786	0.32700	0.000150000000000	1.000000000000000	0.170859375000000	0
59500		-nan	-nan	0.37780	0.32694	0.000150000000000	1.000000000000000	0.170859375000000	0
60000		-nan	-nan	0.37784	0.32693	0.000150000000000	1.000000000000000	0.170859375000000	0
60500		-nan	-nan	0.37819	0.32691	0.000150000000000	1.000000000000000	0.170859375000000	0
61000		-nan	-nan	0.37823	0.32686	0.000150000000000	1.000000000000000	0.170859375000000	0
61500		-nan	-nan	0.37829	0.32687	0.000150000000000	1.000000000000000	0.170859375000000	0
62000		-nan	-nan	0.37810	0.32689	0.000150000000000	1.000000000000000	0.170859375000000	0
62500		-nan	-nan	0.37814	0.32685	0.000150000000000	1.000000000000000	0.170859375000000	0
63000		-nan	-nan	0.37797	0.32678	0.000150000000000	1.000000000000000	0.170859375000000	0
63500		-nan	-nan	0.37783	0.32681	0.000150000000000	1.000000000000000	0.170859375000000	0
64000		-nan	-nan	0.37803	0.32677	0.000150000000000	1.000000000000000	0.170859375000000	0
64500		-nan	-nan	0.37780	0.32674	0.000150000000000	1.000000000000000	0.170859375000000	0
65000		-nan	-nan	0.37748	0.32668	0.000150000000000	1.000000000000000	0.170859375000000	0
65500		-nan	-nan	0.37742	0.32666	0.000150000000000	1.000000000000000	0.170859375000000	0
66000		-nan	-nan	0.37747	0.32662	0.000150000000000	1.000000000000000	0.170859375000000	0
66500		-nan	-nan	0.37759	0.32658	0.000150000000000	1.000000000000000	0.170859375000000	0
67000		-nan	-nan	0.37783	0.32654	0.000150000000000	1.000000000000000	0.170859375000000	0
67500		-nan	-nan	0.37748	0.32646	0.000150000000000	1.000000000000000	0.170859375000000	0
68000		-nan	-nan	0.37730	0.32644	0.000150000000000	1.000000000000000	0.170859375000000	0
68500		-nan	-nan	0.37743	0.32643	0.000150000000000	1.000000000000000	0.170859375000000	0
69000		-nan	-nan	0.37737	0.32642	0.000150000000000	1.000000000000000	0.170859375000000	0
69500		-nan	-nan	0.37752	0.32640	0.000150000000000	1.000000000000000	0.170859375000000	0
70000		-nan	-nan	0.37749	0.32642	0.000150000000000	1.000000000000000	0.170859375000000	0
70500		-nan	-nan	0.37782	0.32641	0.000150000000000	1.000000000000000	0.170859375000000	0
71000		-nan	-nan	0.37799	0.32643	0.000150000000000	1.000000000000000	0.170859375000000	0
71500		-nan	-nan	0.37806	0.32647	0.000150000000000	1.000000000000000	0.170859375000000	0
72000		-nan	-nan	0.37801	0.32646	0.000150000000000	1.000000000000000	0.170859375000000	0
72500		-nan	-nan	0.37784	0.32641	0.000150000000000	1.000000000000000	0.170859375000000	0
73000		-nan	-nan	0.37760	0.32636	0.000150000000000	1.000000000000000	0.170859375000000	0
73500		-nan	-nan	0.37760	0.32638	0.000150000000000	1.000000000000000	0.170859375000000	0
74000		-nan	-nan	0.37765	0.32636	0.000150000000000	1.000000000000000	0.170859375000000	0
74500		-nan	-nan	0.37797	0.32642	0.000150000000000	1.000000000000000	0.170859375000000	0
75000		-nan	-nan	0.37806	0.32637	0.000150000000000	1.000000000000000	0.170859375000000	0
75500		-nan	-nan	0.37815	0.32640	0.000150000000000	1.000000000000000	0.170859375000000	0
76000		-nan	-nan	0.37841	0.32638	0.000150000000000	1.000000000000000	0.170859375000000	0
76500		-nan	-nan	0.37841	0.32637	0.000150000000000	1.000000000000000	0.170859375000000	0
77000		-nan	-nan	0.37835	0.32636	0.000150000000000	1.000000000000000	0.170859375000000	0
77500		-nan	-nan	0.37849	0.32635	0.000150000000000	1.000000000000000	0.170859375000000	0
78000		-nan	-nan	0.37851	0.32632	0.000150000000000	1.000000000000000	0.170859375000000	0
78500		-nan	-nan	0.37835	0.32631	0.000150000000000	1.000000000000000	0.170859375000000	0
79000		-nan	-nan	0.37870	0.32631	0.000150000000000	1.000000000000000	0.170859375000000	0
79500		-nan	-nan	0.37864	0.32637	0.000150000000000	1.000000000000000	0.170859375000000	0
80000		-nan	-nan	0.37881	0.32639	0.000150000000000	1.000000000000000	0.170859375000000	0
80500		-nan	-nan	0.37878	0.32643	0.000150000000000	1.000000000000000	0.170859375000000	0
81000		-nan	-nan	0.37884	0.32647	0.000150000000000	1.000000000000000	0.170859375000000	0
81500		-nan	-nan	0.37888	0.32651	0.000150000000000	1.000000000000000	0.170859375000000	0
82000		-nan	-nan	0.37876	0.32652	0.000150000000000	1.000000000000000	0.170859375000000	0
82500		-nan	-nan	0.37857	0.32650	0.000150000000000	1.000000000000000	0.170859375000000	0
83000		-nan	-nan	0.37859	0.32649	0.000150000000000	1.000000000000000	0.170859375000000	0
83500		-nan	-nan	0.37867	0.32651	0.000150000000000	1.000000000000000	0.170859375000000	0
84000		-nan	-nan	0.37901	0.32654	0.000150000000000	1.000000000000000	0.170859375000000	0
84500		-nan	-nan	0.37937	0.32654	0.000150000000000	1.000000000000000	0.170859375000000	0
85000		-nan	-nan	0.37948	0.32654	0.000150000000000	1.000000000000000	0.170859375000000	0
85500		-nan	-nan	0.37941	0.32651	0.000150000000000	1.000000000000000	0.170859375000000	0
86000		-nan	-nan	0.37949	0.32649	0.000150000000000	1.000000000000000	0.170859375000000	0
86500		-nan	-nan	0.37937	0.32647	0.000150000000000	1.000000000000000	0.170859375000000	0
87000		-nan	-nan	0.37943	0.32648	0.000150000000000	1.000000000000000	0.170859375000000	0
87500		-nan	-nan	0.37955	0.32648	0.000150000000000	1.000000000000000	0.170859375000000	0
88000		-nan	-nan	0.37981	0.32653	0.000150000000000	1.000000000000000	0.170859375000000	0
88500		-nan	-nan	0.37971	0.32654	0.000150000000000	1.000000000000000	0.170859375000000	0
89000		-nan	-nan	0.37980	0.32650	0.000150000000000	1.000000000000000	0.170859375000000	0
89500		-nan	-nan	0.37992	0.32653	0.000150000000000	1.000000000000000	0.170859375000000	0
90000		-nan	-nan	0.37970	0.32649	0.000150000000000	1.000000000000000	0.170859375000000	0
90500		-nan	-nan	0.37956	0.32643	0.000150000000000	1.000000000000000	0.170859375000000	0
91000		-nan	-nan	0.37943	0.32636	0.000150000000000	1.000000000000000	0.170859375000000	0
91500		-nan	-nan	0.37919	0.32628	0.000150000000000	1.000000000000000	0.170859375000000	0
92000		-nan	-nan	0.37920	0.32630	0.000150000000000	1.000000000000000	0.170859375000000	0
92500		-nan	-nan	0.37906	0.32629	0.000150000000000	1.000000000000000	0.170859375000000	0
93000		-nan	-nan	0.37898	0.32627	0.000150000000000	1.000000000000000	0.170859375000000	0
93500		-nan	-nan	0.37892	0.32627	0.000150000000000	1.000000000000000	0.170859375000000	0
94000		-nan	-nan	0.37886	0.32626	0.000150000000000	1.000000000000000	0.170859375000000	0
94500		-nan	-nan	0.37874	0.32621	0.000150000000000	1.000000000000000	0.170859375000000	0
95000		-nan	-nan	0.37846	0.32619	0.000150000000000	1.000000000000000	0.170859375000000	0
95500		-nan	-nan	0.37853	0.32625	0.000150000000000	1.000000000000000	0.170859375000000	0
96000		-nan	-nan	0.37853	0.32627	0.000150000000000	1.000000000000000	0.170859375000000	0
96500		-nan	-nan	0.37878	0.32628	0.000150000000000	1.000000000000000	0.170859375000000	0
97000		-nan	-nan	0.37908	0.32629	0.000150000000000	1.000000000000000	0.170859375000000	0
97500		-nan	-nan	0.37909	0.32628	0.000150000000000	1.000000000000000	0.170859375000000	0
98000		-nan	-nan	0.37910	0.32628	0.000150000000000	1.000000000000000	0.170859375000000	0
98500		-nan	-nan	0.37899	0.32626	0.000150000000000	1.000000000000000	0.170859375000000	0
99000		-nan	-nan	0.37908	0.32627	0.000150000000000	1.000000000000000	0.170859375000000	0
99500		-nan	-nan	0.37902	0.32624	0.000150000000000	1.000000000000000	0.170859375000000	0
100000		-nan	-nan	0.37901	0.32621	0.000150000000000	1.000000000000000	0.170859375000000	0