step	p_accept_mu1	p_accept_gamma	p_accept_pi	p_accept_Tinf	sigma_mu1	sigma_gamma	sigma_pi	n_like_zero
1		1.00000	1.00000	1.00000	1.00000	0.000100000000000	1.000000000000000	0.010000000000000	0
500		0.98998	0.30261	1.00000	0.44565	0.000100000000000	1.000000000000000	0.010000000000000	0
1000		0.98600	0.28729	0.94600	0.43926	0.000150000000000	1.000000000000000	0.015000000000000	0
1500		0.97200	0.26551	0.90800	0.43584	0.000225000000000	1.000000000000000	0.022500000000000	0
2000		0.96000	0.25213	0.86600	0.43357	0.000337500000000	1.000000000000000	0.033750000000000	0
2500		0.95400	0.24690	0.84800	0.42937	0.000506250000000	1.000000000000000	0.050625000000000	0
3000		0.87800	0.27200	0.77400	0.42481	0.000759375000000	0.666666666666667	0.075937500000000	0
3500		0.86600	0.29000	0.64600	0.42059	0.001139062500000	0.666666666666667	0.113906250000000	0
4000		0.82800	0.29133	0.52800	0.41722	0.001708593750000	0.666666666666667	0.170859375000000	0
4500		0.79800	0.28750	0.40400	0.41498	0.002562890625000	0.666666666666667	0.256289062500000	0
5000		0.74000	0.28920	0.38300	0.41333	0.003844335937500	0.666666666666667	0.256289062500000	0
5500		0.76600	0.28433	0.37933	0.41144	0.005766503906250	0.666666666666667	0.256289062500000	0
6000		0.70000	0.28029	0.37800	0.41034	0.008649755859375	0.666666666666667	0.256289062500000	0
6500		0.77000	0.26825	0.38120	0.40944	0.012974633789063	0.666666666666667	0.256289062500000	0
7000		0.77200	0.25556	0.38200	0.40839	0.019461950683594	0.666666666666667	0.256289062500000	0
7500		0.70600	0.24840	0.37914	0.40779	0.029192926025391	0.666666666666667	0.256289062500000	0
8000		0.61400	0.25000	0.38000	0.40811	0.043789389038086	0.444444444444444	0.256289062500000	0
8500		0.48000	0.21400	0.38089	0.40843	0.065684083557129	0.444444444444444	0.256289062500000	0
9000		0.51100	0.30200	0.38180	0.40858	0.065684083557129	0.296296296296296	0.256289062500000	0
9500		0.51933	0.31000	0.38218	0.40931	0.065684083557129	0.296296296296296	0.256289062500000	0
10000		0.52200	0.31467	0.37933	0.40971	0.065684083557129	0.296296296296296	0.256289062500000	0
10500		0.52040	0.31700	0.38108	0.40956	0.065684083557129	0.296296296296296	0.256289062500000	0
11000		0.51700	0.31520	0.38071	0.40959	0.065684083557129	0.296296296296296	0.256289062500000	0
11500		0.51657	0.31967	0.38453	0.40901	0.065684083557129	0.296296296296296	0.256289062500000	0
12000		0.51650	0.31686	0.38200	0.40907	0.065684083557129	0.296296296296296	0.256289062500000	0
12500		0.51689	0.31250	0.38212	0.40882	0.065684083557129	0.296296296296296	0.256289062500000	0
13000		0.51140	0.31111	0.38256	0.40866	0.065684083557129	0.296296296296296	0.256289062500000	0
13500		0.51164	0.30900	0.38495	0.40844	0.065684083557129	0.296296296296296	0.256289062500000	0
14000		0.51533	0.31164	0.38650	0.40839	0.065684083557129	0.296296296296296	0.256289062500000	0
14500		0.51585	0.31433	0.38400	0.40857	0.065684083557129	0.296296296296296	0.256289062500000	0
15000		0.51643	0.31662	0.38345	0.40881	0.065684083557129	0.296296296296296	0.256289062500000	0
15500		0.52013	0.31557	0.38461	0.40906	0.065684083557129	0.296296296296296	0.256289062500000	0
16000		0.51963	0.31373	0.38442	0.40912	0.065684083557129	0.296296296296296	0.256289062500000	0
16500		0.51976	0.31550	0.38384	0.40939	0.065684083557129	0.296296296296296	0.256289062500000	0
17000		0.51922	0.31518	0.38323	0.40932	0.065684083557129	0.296296296296296	0.256289062500000	0
17500		0.51779	0.31567	0.38385	0.40923	0.065684083557129	0.296296296296296	0.256289062500000	0
18000		0.51800	0.31505	0.38386	0.40917	0.065684083557129	0.296296296296296	0.256289062500000	0
18500		0.51848	0.31460	0.38455	0.40922	0.065684083557129	0.296296296296296	0.256289062500000	0
19000		0.52064	0.31714	0.38433	0.40954	0.065684083557129	0.296296296296296	0.256289062500000	0
19500		0.51922	0.31627	0.38465	0.40979	0.065684083557129	0.296296296296296	0.256289062500000	0
20000		0.51842	0.31783	0.38450	0.40984	0.065684083557129	0.296296296296296	0.256289062500000	0
20500		0.51816	0.31717	0.38491	0.41009	0.065684083557129	0.296296296296296	0.256289062500000	0
21000		0.51885	0.31744	0.38441	0.40996	0.065684083557129	0.296296296296296	0.256289062500000	0
21500		0.51933	0.31662	0.38411	0.40989	0.065684083557129	0.296296296296296	0.256289062500000	0
22000		0.52021	0.31593	0.38411	0.41008	0.065684083557129	0.296296296296296	0.256289062500000	0
22500		0.52007	0.31586	0.38427	0.41007	0.065684083557129	0.296296296296296	0.256289062500000	0
23000		0.52020	0.31641	0.38500	0.41017	0.065684083557129	0.296296296296296	0.256289062500000	0
23500		0.52161	0.31687	0.38503	0.41019	0.065684083557129	0.296296296296296	0.256289062500000	0
24000		0.52144	0.31677	0.38545	0.41017	0.065684083557129	0.296296296296296	0.256289062500000	0
24500		0.52218	0.31719	0.38615	0.41021	0.065684083557129	0.296296296296296	0.256289062500000	0
25000		0.52182	0.31806	0.38648	0.41004	0.065684083557129	0.296296296296296	0.256289062500000	0
25500		0.52183	0.31947	0.38647	0.41014	0.065684083557129	0.296296296296296	0.256289062500000	0
26000		0.52272	0.31869	0.38600	0.41010	0.065684083557129	0.296296296296296	0.256289062500000	0
26500		0.52384	0.31861	0.38551	0.41015	0.065684083557129	0.296296296296296	0.256289062500000	0
27000		0.52326	0.31978	0.38604	0.41022	0.065684083557129	0.296296296296296	0.256289062500000	0
27500		0.52390	0.32121	0.38587	0.41032	0.065684083557129	0.296296296296296	0.256289062500000	0
28000		0.52470	0.32185	0.38617	0.41034	0.065684083557129	0.296296296296296	0.256289062500000	0
28500		0.52527	0.32230	0.38616	0.41050	0.065684083557129	0.296296296296296	0.256289062500000	0
29000		0.52552	0.32210	0.38668	0.41046	0.065684083557129	0.296296296296296	0.256289062500000	0
29500		0.52647	0.32314	0.38573	0.41076	0.065684083557129	0.296296296296296	0.256289062500000	0
30000		0.52655	0.32395	0.38619	0.41104	0.065684083557129	0.296296296296296	0.256289062500000	0
30500		0.52622	0.32464	0.38608	0.41106	0.065684083557129	0.296296296296296	0.256289062500000	0
31000		0.52578	0.32440	0.38611	0.41094	0.065684083557129	0.296296296296296	0.256289062500000	0
31500		0.52647	0.32500	0.38640	0.41085	0.065684083557129	0.296296296296296	0.256289062500000	0
32000		0.52592	0.32523	0.38625	0.41075	0.065684083557129	0.296296296296296	0.256289062500000	0
32500		0.52592	0.32458	0.38646	0.41055	0.065684083557129	0.296296296296296	0.256289062500000	0
33000		0.52584	0.32473	0.38693	0.41051	0.065684083557129	0.296296296296296	0.256289062500000	0
33500		0.52580	0.32496	0.38695	0.41066	0.065684083557129	0.296296296296296	0.256289062500000	0
34000		0.52473	0.32506	0.38713	0.41058	0.065684083557129	0.296296296296296	0.256289062500000	0
34500		0.52396	0.32531	0.38738	0.41058	0.065684083557129	0.296296296296296	0.256289062500000	0
35000		0.52437	0.32589	0.38706	0.41066	0.065684083557129	0.296296296296296	0.256289062500000	0
35500		0.52378	0.32581	0.38702	0.41066	0.065684083557129	0.296296296296296	0.256289062500000	0
36000		0.52407	0.32578	0.38656	0.41071	0.065684083557129	0.296296296296296	0.256289062500000	0
36500		0.52460	0.32668	0.38692	0.41083	0.065684083557129	0.296296296296296	0.256289062500000	0
37000		0.52383	0.32751	0.38688	0.41088	0.065684083557129	0.296296296296296	0.256289062500000	0
37500		0.52400	0.32772	0.38666	0.41095	0.065684083557129	0.296296296296296	0.256289062500000	0
38000		0.52403	0.32756	0.38685	0.41087	0.065684083557129	0.296296296296296	0.256289062500000	0
38500		0.52390	0.32750	0.38716	0.41088	0.065684083557129	0.296296296296296	0.256289062500000	0
39000		0.52374	0.32728	0.38711	0.41081	0.065684083557129	0.296296296296296	0.256289062500000	0
39500		0.52381	0.32687	0.38721	0.41076	0.065684083557129	0.296296296296296	0.256289062500000	0
40000		0.52397	0.32673	0.38714	0.41081	0.065684083557129	0.296296296296296	0.256289062500000	0
40500		0.52363	0.32622	0.38658	0.41085	0.065684083557129	0.296296296296296	0.256289062500000	0
41000		0.52361	0.32588	0.38635	0.41092	0.065684083557129	0.296296296296296	0.256289062500000	0
41500		0.52385	0.32533	0.38637	0.41094	0.065684083557129	0.296296296296296	0.256289062500000	0
42000		0.52391	0.32549	0.38632	0.41092	0.065684083557129	0.296296296296296	0.256289062500000	0
42500		0.52348	0.32515	0.38595	0.41085	0.065684083557129	0.296296296296296	0.256289062500000	0
43000		0.52366	0.32470	0.38608	0.41084	0.065684083557129	0.296296296296296	0.256289062500000	0
43500		0.52363	0.32394	0.38600	0.41082	0.065684083557129	0.296296296296296	0.256289062500000	0
44000		0.52383	0.32406	0.38598	0.41077	0.065684083557129	0.296296296296296	0.256289062500000	0
44500		0.52397	0.32486	0.38588	0.41072	0.065684083557129	0.296296296296296	0.256289062500000	0
45000		0.52378	0.32510	0.38551	0.41075	0.065684083557129	0.296296296296296	0.256289062500000	0
45500		0.52365	0.32478	0.38569	0.41074	0.065684083557129	0.296296296296296	0.256289062500000	0
46000		0.52339	0.32499	0.38538	0.41075	0.065684083557129	0.296296296296296	0.256289062500000	0
46500		0.52314	0.32508	0.38534	0.41070	0.065684083557129	0.296296296296296	0.256289062500000	0
47000		0.52269	0.32504	0.38526	0.41054	0.065684083557129	0.296296296296296	0.256289062500000	0
47500		0.52253	0.32482	0.38506	0.41054	0.065684083557129	0.296296296296296	0.256289062500000	0
48000		0.52190	0.32552	0.38514	0.41048	0.065684083557129	0.296296296296296	0.256289062500000	0
48500		0.52205	0.32582	0.38510	0.41047	0.065684083557129	0.296296296296296	0.256289062500000	0
49000		0.52241	0.32598	0.38524	0.41041	0.065684083557129	0.296296296296296	0.256289062500000	0
49500		0.52311	0.32595	0.38521	0.41039	0.065684083557129	0.296296296296296	0.256289062500000	0
50000		0.52321	0.32602	0.38576	0.41050	0.065684083557129	0.296296296296296	0.256289062500000	0
50500		0.52334	0.32602	0.38572	0.41055	0.065684083557129	0.296296296296296	0.256289062500000	0
51000		0.52360	0.32576	0.38591	0.41068	0.065684083557129	0.296296296296296	0.256289062500000	0
51500		0.52384	0.32574	0.38587	0.41074	0.065684083557129	0.296296296296296	0.256289062500000	0
52000		0.52386	0.32554	0.38556	0.41082	0.065684083557129	0.296296296296296	0.256289062500000	0
52500		0.52396	0.32525	0.38592	0.41081	0.065684083557129	0.296296296296296	0.256289062500000	0
53000		0.52389	0.32551	0.38582	0.41074	0.065684083557129	0.296296296296296	0.256289062500000	0
53500		0.52380	0.32529	0.38596	0.41059	0.065684083557129	0.296296296296296	0.256289062500000	0
54000		0.52387	0.32479	0.38576	0.41051	0.065684083557129	0.296296296296296	0.256289062500000	0
54500		0.52387	0.32496	0.38598	0.41046	0.065684083557129	0.296296296296296	0.256289062500000	0
55000		0.52409	0.32422	0.38614	0.41036	0.065684083557129	0.296296296296296	0.256289062500000	0
55500		0.52398	0.32436	0.38647	0.41025	0.065684083557129	0.296296296296296	0.256289062500000	0
56000		0.52419	0.32438	0.38633	0.41020	0.065684083557129	0.296296296296296	0.256289062500000	0
56500		0.52406	0.32462	0.38634	0.41011	0.065684083557129	0.296296296296296	0.256289062500000	0
57000		0.52455	0.32454	0.38653	0.41001	0.065684083557129	0.296296296296296	0.256289062500000	0
57500		0.52398	0.32420	0.38662	0.40998	0.065684083557129	0.296296296296296	0.256289062500000	0
58000		0.52394	0.32400	0.38728	0.40993	0.065684083557129	0.296296296296296	0.256289062500000	0
58500		0.52390	0.32370	0.38756	0.40993	0.065684083557129	0.296296296296296	0.256289062500000	0
59000		0.52341	0.32321	0.38775	0.40991	0.065684083557129	0.296296296296296	0.256289062500000	0
59500		0.52330	0.32351	0.38795	0.40984	0.065684083557129	0.296296296296296	0.256289062500000	0
60000		0.52304	0.32346	0.38800	0.40973	0.065684083557129	0.296296296296296	0.256289062500000	0
60500		0.52286	0.32352	0.38779	0.40970	0.065684083557129	0.296296296296296	0.256289062500000	0
61000		0.52292	0.32341	0.38818	0.40967	0.065684083557129	0.296296296296296	0.256289062500000	0
61500		0.52292	0.32336	0.38816	0.40971	0.065684083557129	0.296296296296296	0.256289062500000	0
62000		0.52276	0.32353	0.38788	0.40968	0.065684083557129	0.296296296296296	0.256289062500000	0
62500		0.52306	0.32344	0.38785	0.40973	0.065684083557129	0.296296296296296	0.256289062500000	0
63000		0.52315	0.32360	0.38792	0.40977	0.065684083557129	0.296296296296296	0.256289062500000	0
63500		0.52312	0.32385	0.38818	0.40976	0.065684083557129	0.296296296296296	0.256289062500000	0
64000		0.52330	0.32400	0.38818	0.40961	0.065684083557129	0.296296296296296	0.256289062500000	0
64500		0.52326	0.32393	0.38803	0.40954	0.065684083557129	0.296296296296296	0.256289062500000	0
65000		0.52333	0.32407	0.38808	0.40947	0.065684083557129	0.296296296296296	0.256289062500000	0
65500		0.52341	0.32396	0.38831	0.40941	0.065684083557129	0.296296296296296	0.256289062500000	0
66000		0.52397	0.32410	0.38810	0.40943	0.065684083557129	0.296296296296296	0.256289062500000	0
66500		0.52427	0.32424	0.38786	0.40951	0.065684083557129	0.296296296296296	0.256289062500000	0
67000		0.52393	0.32403	0.38762	0.40957	0.065684083557129	0.296296296296296	0.256289062500000	0
67500		0.52397	0.32381	0.38740	0.40961	0.065684083557129	0.296296296296296	0.256289062500000	0
68000		0.52370	0.32383	0.38741	0.40961	0.065684083557129	0.296296296296296	0.256289062500000	0
68500		0.52370	0.32382	0.38729	0.40953	0.065684083557129	0.296296296296296	0.256289062500000	0
69000		0.52400	0.32374	0.38706	0.40946	0.065684083557129	0.296296296296296	0.256289062500000	0
69500		0.52366	0.32370	0.38722	0.40938	0.065684083557129	0.296296296296296	0.256289062500000	0
70000		0.52361	0.32356	0.38736	0.40924	0.065684083557129	0.296296296296296	0.256289062500000	0
70500		0.52346	0.32366	0.38753	0.40921	0.065684083557129	0.296296296296296	0.256289062500000	0
71000		0.52365	0.32344	0.38748	0.40919	0.065684083557129	0.296296296296296	0.256289062500000	0
71500		0.52383	0.32357	0.38720	0.40916	0.065684083557129	0.296296296296296	0.256289062500000	0
72000		0.52333	0.32332	0.38734	0.40911	0.065684083557129	0.296296296296296	0.256289062500000	0
72500		0.52340	0.32328	0.38753	0.40914	0.065684083557129	0.296296296296296	0.256289062500000	0
73000		0.52358	0.32361	0.38757	0.40919	0.065684083557129	0.296296296296296	0.256289062500000	0
73500		0.52359	0.32377	0.38750	0.40924	0.065684083557129	0.296296296296296	0.256289062500000	0
74000		0.52333	0.32350	0.38751	0.40923	0.065684083557129	0.296296296296296	0.256289062500000	0
74500		0.52350	0.32350	0.38762	0.40924	0.065684083557129	0.296296296296296	0.256289062500000	0
75000		0.52348	0.32361	0.38756	0.40925	0.065684083557129	0.296296296296296	0.256289062500000	0
75500		0.52370	0.32375	0.38783	0.40925	0.065684083557129	0.296296296296296	0.256289062500000	0
76000		0.52382	0.32384	0.38774	0.40925	0.065684083557129	0.296296296296296	0.256289062500000	0
76500		0.52382	0.32366	0.38756	0.40924	0.065684083557129	0.296296296296296	0.256289062500000	0
77000		0.52419	0.32365	0.38719	0.40926	0.065684083557129	0.296296296296296	0.256289062500000	0
77500		0.52433	0.32383	0.38728	0.40927	0.065684083557129	0.296296296296296	0.256289062500000	0
78000		0.52414	0.32380	0.38751	0.40927	0.065684083557129	0.296296296296296	0.256289062500000	0
78500		0.52438	0.32364	0.38769	0.40932	0.065684083557129	0.296296296296296	0.256289062500000	0
79000		0.52437	0.32366	0.38761	0.40937	0.065684083557129	0.296296296296296	0.256289062500000	0
79500		0.52466	0.32382	0.38766	0.40935	0.065684083557129	0.296296296296296	0.256289062500000	0
80000		0.52463	0.32425	0.38753	0.40939	0.065684083557129	0.296296296296296	0.256289062500000	0
80500		0.52468	0.32458	0.38746	0.40946	0.065684083557129	0.296296296296296	0.256289062500000	0
81000		0.52463	0.32470	0.38770	0.40951	0.065684083557129	0.296296296296296	0.256289062500000	0
81500		0.52456	0.32455	0.38772	0.40949	0.065684083557129	0.296296296296296	0.256289062500000	0
82000		0.52431	0.32448	0.38777	0.40952	0.065684083557129	0.296296296296296	0.256289062500000	0
82500		0.52435	0.32454	0.38782	0.40944	0.065684083557129	0.296296296296296	0.256289062500000	0
83000		0.52465	0.32474	0.38781	0.40943	0.065684083557129	0.296296296296296	0.256289062500000	0
83500		0.52460	0.32455	0.38780	0.40940	0.065684083557129	0.296296296296296	0.256289062500000	0
84000		0.52464	0.32446	0.38785	0.40942	0.065684083557129	0.296296296296296	0.256289062500000	0
84500		0.52450	0.32464	0.38800	0.40944	0.065684083557129	0.296296296296296	0.256289062500000	0
85000		0.52427	0.32472	0.38791	0.40946	0.065684083557129	0.296296296296296	0.256289062500000	0
85500		0.52435	0.32470	0.38773	0.40953	0.065684083557129	0.296296296296296	0.256289062500000	0
86000		0.52432	0.32470	0.38762	0.40951	0.065684083557129	0.296296296296296	0.256289062500000	0
86500		0.52434	0.32481	0.38788	0.40944	0.065684083557129	0.296296296296296	0.256289062500000	0
87000		0.52433	0.32492	0.38783	0.40944	0.065684083557129	0.296296296296296	0.256289062500000	0
87500		0.52415	0.32519	0.38790	0.40946	0.065684083557129	0.296296296296296	0.256289062500000	0
88000		0.52377	0.32518	0.38794	0.40942	0.065684083557129	0.296296296296296	0.256289062500000	0
88500		0.52355	0.32498	0.38814	0.40943	0.065684083557129	0.296296296296296	0.256289062500000	0
89000		0.52354	0.32489	0.38801	0.40937	0.065684083557129	0.296296296296296	0.256289062500000	0
89500		0.52364	0.32484	0.38785	0.40932	0.065684083557129	0.296296296296296	0.256289062500000	0
90000		0.52350	0.32461	0.38798	0.40926	0.065684083557129	0.296296296296296	0.256289062500000	0
90500		0.52344	0.32451	0.38784	0.40924	0.065684083557129	0.296296296296296	0.256289062500000	0
91000		0.52306	0.32439	0.38791	0.40922	0.065684083557129	0.296296296296296	0.256289062500000	0
91500		0.52289	0.32442	0.38795	0.40923	0.065684083557129	0.296296296296296	0.256289062500000	0
92000		0.52275	0.32407	0.38806	0.40915	0.065684083557129	0.296296296296296	0.256289062500000	0
92500		0.52278	0.32401	0.38807	0.40914	0.065684083557129	0.296296296296296	0.256289062500000	0
93000		0.52278	0.32380	0.38802	0.40912	0.065684083557129	0.296296296296296	0.256289062500000	0
93500		0.52281	0.32380	0.38802	0.40913	0.065684083557129	0.296296296296296	0.256289062500000	0
94000		0.52273	0.32377	0.38784	0.40914	0.065684083557129	0.296296296296296	0.256289062500000	0
94500		0.52288	0.32394	0.38801	0.40918	0.065684083557129	0.296296296296296	0.256289062500000	0
95000		0.52306	0.32393	0.38803	0.40920	0.065684083557129	0.296296296296296	0.256289062500000	0
95500		0.52317	0.32382	0.38833	0.40919	0.065684083557129	0.296296296296296	0.256289062500000	0
96000		0.52308	0.32369	0.38814	0.40919	0.065684083557129	0.296296296296296	0.256289062500000	0
96500		0.52294	0.32350	0.38810	0.40913	0.065684083557129	0.296296296296296	0.256289062500000	0
97000		0.52300	0.32353	0.38824	0.40907	0.065684083557129	0.296296296296296	0.256289062500000	0
97500		0.52293	0.32337	0.38810	0.40906	0.065684083557129	0.296296296296296	0.256289062500000	0
98000		0.52282	0.32330	0.38812	0.40908	0.065684083557129	0.296296296296296	0.256289062500000	0
98500		0.52263	0.32324	0.38814	0.40910	0.065684083557129	0.296296296296296	0.256289062500000	0
99000		0.52275	0.32339	0.38813	0.40908	0.065684083557129	0.296296296296296	0.256289062500000	0
99500		0.52283	0.32359	0.38812	0.40907	0.065684083557129	0.296296296296296	0.256289062500000	0
100000		0.52278	0.32378	0.38809	0.40909	0.065684083557129	0.296296296296296	0.256289062500000	0