step	post	like	prior	mu1	mu2	gamma	pi	Tinf_1	Tinf_2	Tinf_3	Tinf_4	Tinf_5	Tinf_6	Tinf_7	Tinf_8	Tinf_9	Tinf_10	Tinf_11	Tinf_12	Tinf_13	Tinf_14	Tinf_15	Tinf_16	Tinf_17	Tinf_18	Tinf_19	Tinf_20	Tinf_21	Tinf_22	Tinf_23	Tinf_24	Tinf_25	Tinf_26	Tinf_27	Tinf_28	Tinf_29	Tinf_30	alpha_1	alpha_2	alpha_3	alpha_4	alpha_5	alpha_6	alpha_7	alpha_8	alpha_9	alpha_10	alpha_11	alpha_12	alpha_13	alpha_14	alpha_15	alpha_16	alpha_17	alpha_18	alpha_19	alpha_20	alpha_21	alpha_22	alpha_23	alpha_24	alpha_25	alpha_26	alpha_27	alpha_28	alpha_29	alpha_30	kappa_1	kappa_2	kappa_3	kappa_4	kappa_5	kappa_6	kappa_7	kappa_8	kappa_9	kappa_10	kappa_11	kappa_12	kappa_13	kappa_14	kappa_15	kappa_16	kappa_17	kappa_18	kappa_19	kappa_20	kappa_21	kappa_22	kappa_23	kappa_24	kappa_25	kappa_26	kappa_27	kappa_28	kappa_29	kappa_30
1	-878.236679329909748	-876.774597245390851	-1.462082084518882	0.000010000000000	0.000010000000000	1.000000000000000	0.355421512338420	0	1	1	2	6	6	5	7	7	10	9	12	10	12	13	12	13	15	14	14	17	16	17	18	19	20	19	20	22	23	0	1	1	1	1	1	1	1	1	1	1	1	1	1	1	1	1	1	1	1	1	1	1	1	1	1	1	1	1	1	1	1	1	1	3	3	3	4	4	5	5	6	5	6	7	6	7	8	7	7	9	8	9	9	10	10	10	10	11	12
500	-244.309834040486237	-242.566794807051821	-1.743039233434422	0.000009973415874	0.000016950681018	1.699586303539482	0.344925158178692	-1	1	1	2	6	6	5	7	7	10	8	12	10	12	14	13	13	16	15	15	15	17	17	18	19	21	18	21	23	22	0	1	1	1	2	4	2	5	7	8	7	9	7	11	13	13	13	16	17	17	16	13	19	13	27	24	16	24	26	17	1	1	1	1	2	3	2	1	1	2	1	4	3	2	3	2	1	2	1	1	2	3	1	7	1	2	3	2	1	5
1000	-189.152493731621746	-187.292543047624804	-1.859950683996955	0.000009977719617	0.000019821205160	1.986546617950767	0.801679919008473	0	1	1	2	6	6	4	7	7	9	8	12	10	12	14	12	14	15	13	15	17	16	17	18	19	19	18	20	22	23	0	1	1	1	7	4	2	5	7	8	5	5	11	11	13	13	16	13	16	19	18	16	19	20	27	24	22	26	26	28	1	1	1	1	1	2	1	1	1	1	1	3	1	2	2	2	1	2	1	1	2	1	2	2	1	1	1	1	2	2
1500	-199.965191864615974	-197.717544537658512	-2.247647326957461	0.000010027361573	0.000030190853125	3.010847161014428	0.725806636940445	0	2	2	1	5	5	4	8	7	9	10	12	10	12	12	12	12	14	14	15	16	16	16	17	19	19	17	20	22	23	0	1	1	1	7	4	2	7	5	8	7	8	7	11	13	13	13	15	17	19	13	18	19	20	27	24	15	26	26	28	1	1	1	1	1	2	1	2	1	1	3	2	3	1	2	1	1	1	1	1	2	1	1	1	1	1	2	1	2	2
2000	-176.693757200361659	-173.783045444291190	-2.910711756070464	0.000010022433744	0.000051577866330	5.146241686185955	0.803798351122571	0	1	2	2	5	7	5	8	6	10	8	12	10	12	12	12	13	15	14	15	17	16	16	18	18	19	20	20	21	23	0	1	1	1	2	4	2	9	5	8	9	7	11	11	13	13	16	16	17	19	18	18	19	20	22	20	25	26	26	28	1	1	1	1	1	3	2	1	1	1	1	4	1	2	1	1	1	1	1	1	1	1	1	2	1	2	1	1	1	2
2500	-175.240086234789402	-173.207328998038548	-2.032757236750845	0.000010090624435	0.000024487522166	2.426759842540307	0.795589592530527	0	1	2	3	7	5	5	7	8	8	9	10	10	12	13	13	13	15	14	15	16	16	17	18	17	19	19	21	22	24	0	1	1	1	7	4	2	7	5	8	5	9	11	11	13	13	13	13	17	19	18	18	19	20	22	24	25	26	26	28	1	1	1	1	1	1	2	1	1	1	1	1	1	2	1	2	1	2	1	1	1	1	2	2	1	1	1	1	1	2
3000	-189.341176710287584	-187.596422019544406	-1.744754690743191	0.000010096842909	0.000017202547954	1.703755135057477	0.687867804220015	0	2	2	2	7	7	4	7	7	10	8	11	10	11	14	13	12	15	14	15	17	16	17	16	18	19	20	20	23	23	0	1	1	1	7	4	2	7	7	8	7	9	11	11	13	13	13	16	17	19	18	18	20	20	22	24	25	26	26	28	1	1	1	1	2	3	1	2	2	2	2	3	1	2	2	2	1	2	2	1	1	1	1	1	1	2	1	1	2	2
3500	-180.247367599480810	-177.683202328047543	-2.564165271433279	0.000010265452156	0.000040668887269	3.961723911506696	0.752938276463278	-1	1	2	2	6	5	5	8	7	10	9	12	10	12	12	12	13	15	14	15	16	16	17	18	19	20	20	21	22	23	0	1	1	1	7	4	2	7	7	8	9	10	11	11	13	13	16	16	17	16	18	18	19	20	22	24	25	24	26	28	1	1	1	2	1	1	2	2	1	1	1	1	1	2	1	2	1	1	1	2	1	1	2	2	1	1	1	1	1	1
4000	-183.926181939492238	-181.514420035612545	-2.411761903879692	0.000010904246504	0.000038049055524	3.489379620302388	0.837587368807165	0	2	2	2	5	7	6	7	7	10	9	13	11	11	13	13	12	15	13	14	16	17	17	18	19	20	20	19	22	22	0	1	1	1	2	4	5	7	5	8	5	14	11	11	13	13	13	16	17	19	13	16	18	20	18	24	25	24	26	28	1	1	1	1	1	2	1	1	1	1	2	1	1	1	1	2	1	2	1	1	2	2	1	2	2	1	1	1	1	1
4500	-182.963687383208054	-180.966950907163380	-1.996736476044675	0.000011308725168	0.000026383948542	2.333061255741947	0.657972468511234	0	1	2	2	5	5	6	7	7	10	9	12	10	12	13	11	12	15	14	15	17	16	17	17	18	19	20	20	21	24	0	1	1	1	2	4	5	5	7	8	9	5	11	11	13	13	13	13	17	19	15	18	19	20	18	24	25	26	26	28	1	1	1	2	2	2	1	1	1	2	1	4	1	1	2	1	1	3	2	1	1	1	2	2	1	1	1	1	1	2
5000	-167.803990067689853	-165.668193954589071	-2.135796113100772	0.000012780868807	0.000034523862843	2.701214085276808	0.755740969244602	0	1	1	3	5	5	6	7	8	10	8	11	10	13	13	11	13	15	14	15	18	16	16	18	18	20	19	20	22	23	0	1	1	3	2	4	5	5	7	8	5	9	11	11	16	13	16	16	17	19	18	18	19	20	22	24	25	24	26	28	1	1	1	1	3	1	1	1	1	2	1	1	1	2	1	1	1	2	1	1	2	1	1	2	1	1	1	1	1	2
5500	-160.700706387672398	-158.920790708661855	-1.779915679010546	0.000015381796413	0.000027524544940	1.789423302820967	0.740951624006936	0	2	1	2	7	6	4	6	7	10	9	13	10	12	12	12	13	15	14	15	17	16	17	17	18	19	19	21	22	23	0	1	1	1	7	4	2	7	7	8	5	9	11	11	13	13	13	16	17	19	18	16	19	20	22	24	25	26	26	28	1	1	1	1	2	2	1	1	2	2	1	2	1	2	1	1	2	1	1	1	1	2	2	1	1	1	1	1	2	1
6000	-181.582026857771467	-180.108306835748238	-1.473720022023230	0.000022292390740	0.000023004592833	1.031948215036269	0.625109212235378	-1	2	1	2	6	6	5	7	7	9	9	12	10	12	13	12	14	15	14	15	17	17	15	18	19	19	20	20	22	23	0	3	1	1	7	4	1	7	5	8	7	9	5	11	13	13	13	16	13	17	18	18	19	20	22	24	25	26	26	28	1	1	1	1	1	2	2	1	1	2	2	2	2	1	2	2	2	2	2	1	2	2	1	2	1	1	1	1	2	2
6500	-166.206110189240661	-164.841980249680262	-1.364129939560403	0.000035345358007	0.000022291034113	0.630663695895967	0.555617148907707	0	1	1	3	6	7	2	8	5	10	9	11	10	12	14	13	13	15	14	15	17	17	16	18	19	20	20	21	22	23	0	1	1	1	2	3	2	5	7	8	9	7	11	11	13	13	13	16	17	19	18	16	19	20	22	24	25	26	26	28	1	1	1	1	3	3	1	1	2	1	2	4	1	2	2	2	1	1	1	1	1	2	1	2	1	1	1	1	1	2
7000	-184.964781552280670	-183.473809465793522	-1.490972086487149	0.000083283682401	0.000025079031172	0.301127789375996	0.615670694483945	0	1	2	3	5	6	3	8	7	8	9	12	10	12	13	11	12	15	14	15	14	17	17	17	18	19	20	20	21	24	0	1	1	1	7	4	2	7	7	5	5	7	9	11	16	11	13	16	17	19	16	18	19	18	18	24	25	24	24	28	1	1	1	2	2	1	1	3	4	1	2	4	1	1	1	1	1	3	1	1	1	2	2	1	2	1	2	1	2	2
7500	-170.113333495299344	-168.527177049405111	-1.586156445894224	0.000127167982283	0.000031308174262	0.246195415701749	0.710318484922992	0	2	2	2	6	6	4	8	7	10	8	12	10	12	13	13	14	15	13	15	18	16	18	18	18	20	18	20	23	23	0	1	1	1	7	4	2	5	7	8	7	5	11	9	14	13	13	13	14	19	16	16	18	19	22	24	13	24	26	28	1	1	1	1	1	2	1	1	2	1	3	2	1	3	1	2	2	2	1	1	2	2	1	2	1	1	4	1	1	1
8000	-177.780481862874126	-176.381676457458582	-1.398805405415538	0.000088524621092	0.000035741071485	0.403741592390308	0.665051329881660	-1	2	1	3	6	4	5	7	7	10	9	11	10	12	13	12	14	15	13	15	17	16	16	18	20	20	19	20	22	23	0	1	1	1	7	4	2	7	2	8	7	11	11	11	12	13	16	13	13	19	14	16	20	19	22	24	22	24	24	28	1	2	1	3	1	1	1	1	4	2	2	1	1	2	1	1	1	2	1	2	3	3	1	2	2	1	2	1	2	1
8500	-158.532271620499046	-157.117954601915727	-1.414317018583333	0.000071884073108	0.000027213865958	0.378579910427618	0.763307427286335	0	2	2	3	7	7	5	8	6	10	9	13	10	11	13	12	12	16	14	14	17	15	16	18	20	19	19	20	21	24	0	1	1	1	7	4	2	7	7	8	5	14	11	11	13	13	13	16	17	17	22	13	19	20	27	24	18	26	26	28	1	2	1	1	2	2	1	1	1	2	1	1	1	1	1	1	1	2	1	1	1	2	1	2	1	1	1	1	1	2
9000	-165.266644928172667	-163.903984873793689	-1.362660054378986	0.000083827032644	0.000051513092565	0.614516474459277	0.678192141358550	0	2	1	2	7	6	5	7	7	10	8	11	9	13	14	12	13	16	15	14	17	16	17	17	19	19	20	20	21	24	0	1	1	1	3	4	2	7	7	11	7	9	5	9	14	13	16	17	16	16	16	16	19	20	22	24	25	24	26	28	1	1	1	1	3	2	1	1	2	1	2	2	1	3	1	2	1	2	2	1	2	2	1	1	2	1	1	1	1	2
9500	-187.217544630727360	-185.856268980712144	-1.361275650015223	0.000100991414869	0.000059725940622	0.591396216194530	0.689474076509192	0	1	1	3	6	6	4	7	5	11	9	12	10	12	12	13	13	15	15	14	17	15	18	18	19	20	20	20	21	23	0	1	1	1	2	4	1	7	4	11	8	10	11	11	13	13	13	13	17	14	16	13	21	20	19	17	25	24	28	28	1	1	1	2	2	1	1	1	1	1	1	1	1	2	2	2	1	3	2	1	2	3	1	2	2	4	1	1	1	2
10000	-183.294240312388354	-181.898186805958375	-1.396053506429974	0.000096191797411	0.000039333662455	0.408908696105138	0.646279099946569	-2	2	1	2	6	6	5	8	8	10	8	11	11	13	13	13	14	16	14	13	15	16	17	19	18	20	19	20	22	23	0	3	1	1	2	4	2	7	7	8	5	2	11	11	11	12	13	17	15	13	14	17	15	20	14	24	25	24	26	28	1	1	2	1	2	2	1	1	1	1	1	4	2	2	2	1	2	2	1	1	1	1	2	2	2	1	1	1	1	2
10500	-173.529055432634522	-172.148944867384529	-1.380110565249989	0.000123489769834	0.000055048203816	0.445771369483187	0.811655386695228	0	1	1	2	5	6	5	8	6	10	9	12	10	12	14	12	13	15	15	14	18	16	17	17	20	21	20	20	23	23	0	1	1	1	2	4	2	9	5	8	5	10	11	13	11	13	16	16	17	17	22	15	12	15	22	28	22	24	28	26	1	1	1	1	1	1	2	1	1	1	2	2	1	1	3	1	1	1	1	1	1	1	2	1	3	1	1	2	1	1
11000	-160.024165371422640	-158.613339214792063	-1.410826156630577	0.000075665696797	0.000064012999880	0.845997626268151	0.661516731490691	0	1	2	2	5	5	6	8	7	10	9	11	10	13	13	12	13	15	14	14	17	15	16	18	19	19	20	21	21	23	0	1	1	1	2	4	5	5	5	11	9	9	8	2	16	13	16	16	17	16	22	16	19	20	22	24	25	26	26	28	1	1	1	1	1	2	1	2	1	1	1	2	1	6	1	1	1	1	1	1	1	2	1	2	2	1	1	1	1	1
11500	-162.848603890775649	-161.475213264893881	-1.373390625881778	0.000091795114513	0.000042903544896	0.467383750472803	0.627994229317639	0	2	1	2	6	6	5	7	7	9	9	12	10	12	14	12	13	15	14	15	17	16	16	18	17	19	18	17	22	22	0	1	1	1	2	4	4	7	5	8	7	9	11	11	13	13	16	13	17	19	18	16	19	20	18	24	25	20	26	28	1	1	1	1	2	2	1	1	1	1	2	2	1	2	1	1	1	3	1	1	1	2	1	1	2	1	1	1	2	2
12000	-163.087118602388387	-161.653281179930843	-1.433837422457554	0.000076810150003	0.000070561070600	0.918642530938029	0.773143829828154	0	1	2	2	6	5	4	7	8	10	9	13	10	13	14	12	13	15	14	14	17	15	16	18	19	20	20	21	22	24	0	1	1	1	7	4	2	7	5	8	9	10	8	11	16	13	16	13	13	13	18	13	19	23	22	24	25	26	26	28	1	1	1	1	1	2	1	2	1	2	1	2	1	2	1	1	1	2	2	3	1	2	1	1	3	1	1	1	1	2
12500	-175.568552787195756	-174.206837637331176	-1.361715149864586	0.000101586080420	0.000061003925781	0.600514613111594	0.617234073705017	0	2	2	2	5	6	4	8	7	10	9	12	11	13	13	11	13	16	13	14	17	16	17	19	18	20	20	18	22	23	0	1	1	1	7	2	2	9	5	8	9	10	9	13	11	11	13	16	16	19	15	15	18	23	22	24	25	20	26	28	1	1	1	1	1	2	1	1	2	1	2	1	3	2	2	1	2	2	1	1	2	2	1	1	1	1	2	1	1	2
13000	-164.701271626853412	-163.315089826944956	-1.386181799908459	0.000096290467887	0.000072698882034	0.754995625512126	0.785859302760340	0	2	2	2	6	5	4	8	8	10	8	11	10	11	13	12	13	15	15	12	17	16	18	18	17	20	19	21	22	23	0	1	1	1	3	4	2	7	7	11	5	7	9	11	13	13	13	16	17	13	18	18	19	18	18	24	25	26	26	28	1	1	1	1	1	2	1	3	2	1	1	2	1	1	1	1	1	2	1	1	1	1	2	2	1	1	1	1	1	2
13500	-161.431509995454917	-160.069277994738911	-1.362232000716010	0.000060746024436	0.000032396805932	0.533315657003426	0.850037654006431	0	2	2	2	4	4	6	8	7	9	9	12	11	11	12	13	13	15	14	15	18	15	17	19	18	21	20	20	22	24	0	1	1	1	2	4	2	7	7	8	7	11	11	11	13	13	13	13	13	17	18	16	20	20	22	24	25	24	26	28	1	1	1	1	2	1	2	1	1	1	2	1	1	1	1	1	1	1	2	2	1	1	1	1	1	1	1	1	1	2
14000	-182.342749358049218	-180.979306858752778	-1.363442499296451	0.000083541361062	0.000043489638577	0.520576131682898	0.549731690451502	-1	1	1	2	7	5	5	8	6	10	8	12	11	12	14	12	13	15	14	15	18	16	17	19	17	20	19	21	23	23	0	1	1	3	2	4	2	7	3	8	7	9	7	11	13	13	12	16	17	19	18	18	19	23	13	20	25	24	26	28	1	1	1	1	2	2	3	1	2	2	1	3	3	2	2	1	1	1	1	1	2	1	2	1	3	4	1	1	2	1
14500	-168.699745628368191	-167.338520044141063	-1.361225584227123	0.000104108782189	0.000057275298941	0.550148582440543	0.712312217762657	0	1	1	2	6	7	4	8	8	11	9	12	11	11	13	13	14	16	14	13	18	17	18	18	20	18	18	20	22	22	0	1	1	1	7	4	2	5	5	8	9	11	9	11	13	13	16	16	16	13	13	16	18	17	22	20	22	24	26	28	1	1	1	1	1	2	1	1	1	2	1	1	1	1	1	1	1	2	1	1	3	2	1	2	2	2	1	2	2	1
15000	-158.923826309958997	-157.503016535586312	-1.420809774372699	0.000111072307150	0.000041048291514	0.369563688440834	0.730129773993777	0	2	1	3	6	6	4	8	6	10	9	12	9	13	11	11	13	15	14	15	17	16	17	18	18	19	20	21	21	23	0	1	1	3	2	1	2	9	7	8	5	9	5	11	11	13	13	16	17	17	18	16	18	19	22	24	25	26	26	28	1	1	1	1	2	3	1	1	1	2	1	2	2	2	1	1	2	2	1	1	1	2	1	1	1	1	1	1	1	1
15500	-167.705935282707998	-166.308759366857942	-1.397175915850043	0.000151498754928	0.000061625101947	0.406769692438596	0.758901859728058	0	2	1	2	6	6	5	6	7	10	10	13	10	12	14	12	12	15	15	14	16	16	17	18	18	20	20	20	23	23	0	1	1	1	7	4	2	7	7	8	9	14	9	11	16	13	13	16	13	13	16	19	18	18	22	24	25	18	26	19	1	1	1	1	1	1	1	1	1	2	1	1	1	1	1	1	1	2	2	1	2	1	1	1	1	1	1	4	2	3
16000	-188.102876130184939	-186.622903129397457	-1.479973000787477	0.000099363196681	0.000030756621013	0.309537354281715	0.695509060271010	0	1	2	3	4	7	6	7	5	9	9	12	10	13	13	12	14	14	14	14	17	16	17	19	18	20	20	20	22	23	0	1	1	1	2	4	5	9	2	8	7	5	5	12	12	9	16	12	13	12	22	13	17	16	22	19	25	24	28	28	1	1	1	1	2	3	1	1	2	1	1	3	4	1	1	3	1	1	2	1	1	2	2	3	1	3	1	1	1	1
16500	-162.247747432670877	-160.767453422350940	-1.480294010319940	0.000115525241575	0.000035730014536	0.309283183904624	0.787803187891416	-1	1	2	2	7	6	4	8	8	9	9	10	11	12	13	12	13	15	14	15	17	16	17	18	19	20	18	20	22	22	0	1	1	1	7	4	2	5	5	8	7	5	11	12	14	13	16	14	17	19	16	15	18	23	21	24	18	24	26	28	1	1	1	2	1	2	1	1	1	1	2	2	1	1	1	1	1	3	1	1	2	1	1	1	1	1	2	1	1	1
17000	-179.308911687639920	-177.930129279620758	-1.378782408019153	0.000123384629558	0.000055476705955	0.449624123792269	0.697297716593987	0	1	1	2	6	6	4	7	7	10	9	11	10	12	13	11	13	15	14	13	17	17	16	18	18	21	20	21	23	24	0	1	1	1	2	4	4	7	3	8	7	11	9	11	13	13	13	16	14	16	18	23	19	23	18	24	25	24	26	20	1	1	1	1	2	2	1	2	3	2	2	1	1	1	1	1	1	2	1	2	1	1	1	1	2	1	1	1	1	4
17500	-177.614623310585529	-176.189334043939112	-1.425289266646423	0.000079408405771	0.000070874613617	0.892532886528295	0.534291782852031	-1	0	2	1	4	6	5	7	8	10	9	11	10	11	13	12	13	15	14	15	18	15	17	18	17	19	19	20	22	24	0	1	1	1	2	4	5	7	3	5	7	7	9	10	16	13	16	16	17	19	18	13	19	23	22	19	25	26	26	26	1	1	1	1	2	3	1	1	3	4	2	3	1	1	1	1	1	2	1	1	1	2	2	1	1	3	1	1	2	3
18000	-175.964652369644682	-174.429028664048900	-1.535623705595782	0.000086740984959	0.000023602601352	0.272104373303034	0.653652265925098	0	2	1	2	6	5	4	7	8	10	9	12	10	11	13	11	14	14	14	15	17	15	17	18	19	20	20	19	22	23	0	1	1	1	7	4	2	7	7	11	7	9	11	13	13	13	12	13	13	19	16	16	20	19	21	28	25	24	28	28	1	1	1	1	2	2	1	2	2	1	2	2	1	1	1	1	1	2	3	1	4	2	1	2	1	1	1	1	2	2
18500	-166.869979924027177	-165.505115770982968	-1.364864153044202	0.000062584586490	0.000031873289845	0.509283381623596	0.766216670768891	0	1	1	2	6	5	5	7	7	9	10	13	11	11	12	12	14	15	12	13	17	16	16	17	17	18	20	21	21	24	0	1	1	1	7	4	2	7	7	8	7	9	11	11	11	13	19	16	13	19	18	16	19	23	12	24	25	26	26	28	1	1	1	1	1	1	2	1	1	1	2	3	1	1	1	1	1	2	1	1	1	2	2	1	2	1	1	2	1	1
19000	-177.874006777902167	-176.447002709867519	-1.427004068034659	0.000092514177595	0.000033452382997	0.361591962086706	0.563457746113134	0	2	2	2	6	6	4	7	6	10	9	12	11	13	13	12	13	15	15	14	18	16	17	18	18	20	20	19	22	24	0	1	1	1	7	1	2	7	7	8	5	10	9	12	16	11	13	16	20	12	18	13	19	23	22	28	13	24	24	28	1	1	1	1	1	4	1	1	1	1	2	2	3	1	1	1	1	2	1	1	2	2	1	1	2	1	3	1	2	2
19500	-155.571264356270689	-154.206157554486964	-1.365106801783725	0.000075860555719	0.000038506148178	0.507591169253535	0.838541450840250	1	2	2	2	6	7	4	8	7	10	8	12	11	11	14	13	13	15	15	15	17	17	17	19	19	20	20	21	22	23	0	1	1	1	7	4	2	9	5	8	5	11	11	11	12	12	14	16	17	17	18	18	16	20	22	24	25	26	26	28	1	1	1	1	1	2	1	1	1	1	1	3	2	2	1	1	1	1	1	1	1	1	2	2	1	1	1	1	1	2
20000	-173.103756134421218	-171.723986882882514	-1.379769251538717	0.000078021445269	0.000056698646842	0.726705928689668	0.743046184309038	0	1	1	2	5	6	6	7	8	10	9	12	10	13	13	12	13	16	14	15	18	17	15	19	18	21	20	20	22	23	0	1	1	1	2	4	5	7	2	7	7	7	9	11	16	13	13	13	17	19	18	18	19	20	22	19	25	24	24	28	1	1	1	1	2	2	1	1	3	3	2	2	2	2	1	1	2	2	1	1	1	1	1	2	1	3	1	1	1	2
20500	-196.398074270038620	-195.001561523498026	-1.396512746540598	0.000157914015863	0.000064433354533	0.408028091620446	0.616850361236700	0	1	2	2	4	7	5	8	7	9	9	10	11	12	14	13	13	15	14	15	15	16	17	19	19	19	20	21	22	24	0	1	1	1	2	3	2	5	5	2	7	4	9	9	13	13	11	16	17	17	15	17	19	20	22	23	25	20	26	24	1	1	1	1	2	2	1	2	2	3	2	3	1	3	1	1	1	1	1	1	1	2	2	2	2	1	1	4	2	2
21000	-197.233259667851001	-195.837528822121612	-1.395730845729384	0.000144101942061	0.000059014355089	0.409531989960178	0.555645848069971	-1	1	1	3	6	6	5	8	7	11	8	12	10	11	13	13	12	15	14	15	17	17	17	17	20	19	17	19	21	23	0	1	1	1	7	1	2	5	5	8	7	13	5	9	11	10	11	16	13	17	15	20	20	17	16	24	16	24	28	28	1	1	1	2	1	2	2	1	1	2	1	1	2	2	2	1	2	1	1	2	2	1	1	2	5	2	2	1	1	2
21500	-170.385611222936802	-168.986707384286376	-1.398903838650437	0.000062936024073	0.000050630042954	0.804468405813262	0.616804836102379	-1	1	1	2	6	7	3	5	8	10	9	12	11	13	13	12	14	12	14	15	17	17	17	18	19	18	20	20	21	23	0	1	1	2	7	4	2	7	5	8	5	9	11	5	13	13	16	13	15	19	18	18	19	23	22	20	25	26	26	28	1	1	1	1	1	3	1	2	1	2	2	2	1	4	1	1	1	1	1	1	2	3	2	1	1	2	1	1	2	2
22000	-151.390158947606380	-149.995604283696764	-1.394554663909610	0.000101234343637	0.000079803362123	0.788303250215011	0.893421864723009	0	2	1	2	6	5	4	8	7	9	9	13	10	12	14	12	12	14	15	14	17	17	17	17	18	19	20	21	23	23	0	1	1	1	7	4	2	9	5	8	9	14	8	11	16	13	13	16	18	17	18	16	19	20	18	24	25	26	26	28	1	1	1	1	1	1	1	1	1	1	1	1	1	1	1	1	1	1	1	1	1	2	1	1	2	1	1	1	2	2
22500	-177.697655862249150	-176.324497484692301	-1.373158377556852	0.000063904653910	0.000044307610866	0.693339344708947	0.582952707499855	0	1	1	2	6	6	4	7	8	9	8	12	10	10	14	11	13	15	14	15	17	17	17	17	18	19	20	21	22	23	0	1	1	1	7	4	2	5	5	8	7	9	5	11	13	11	13	16	13	19	18	18	20	20	15	24	25	26	24	28	1	1	1	1	1	3	2	1	2	1	2	2	3	2	3	2	1	2	1	1	1	2	1	1	2	1	1	1	3	1
23000	-178.667696415830761	-177.271956429349132	-1.395739986481640	0.000104066078364	0.000042616545135	0.409514279821829	0.735240162413420	0	2	2	2	7	7	5	6	7	10	8	11	10	11	12	13	13	15	15	14	17	17	18	18	19	20	20	21	22	23	0	1	1	1	7	4	4	7	2	8	7	9	11	7	13	9	14	15	13	13	17	18	19	17	16	24	25	26	26	28	1	2	1	1	1	2	1	1	2	2	1	1	2	3	1	3	1	1	2	1	2	1	1	2	3	1	1	1	1	1
23500	-180.858012248475916	-179.493981716967397	-1.364030531508512	0.000090067852802	0.000046436582987	0.515573332129907	0.580802879803905	-1	2	1	3	5	6	5	7	7	10	8	11	9	10	13	12	14	15	12	14	16	17	18	17	18	20	19	21	22	24	0	1	1	1	2	4	4	7	4	8	5	9	5	11	16	13	16	16	13	19	19	18	20	20	22	23	25	24	24	26	1	1	2	2	2	2	1	1	2	2	1	2	2	1	1	2	1	2	2	1	2	1	2	2	1	1	1	3	2	2
24000	-170.819357565499615	-169.456631883675868	-1.362725681823754	0.000077900080466	0.000047935301654	0.615343416436525	0.619570401532314	-1	2	1	2	5	6	6	8	8	10	8	12	10	11	12	12	14	15	13	14	15	17	18	19	19	21	20	20	23	23	0	1	1	1	2	4	2	7	7	8	7	10	11	11	13	13	13	13	13	16	16	18	17	18	22	24	25	24	28	28	1	1	1	2	2	2	2	1	1	1	1	1	2	1	1	2	2	2	2	1	1	1	2	2	1	1	1	1	1	1
24500	-155.392118830875802	-154.025895498743495	-1.366223332132295	0.000102126020055	0.000066254675400	0.648754111484581	0.868695198869927	0	1	1	2	4	7	6	7	7	10	8	12	10	12	12	13	13	15	15	14	16	16	17	18	17	19	19	20	22	23	0	1	1	1	2	4	5	5	7	7	5	10	11	11	11	13	13	16	20	17	18	16	19	20	22	24	25	26	26	28	1	1	1	1	1	2	1	1	1	1	2	1	1	2	2	1	1	1	1	1	1	1	1	2	1	1	1	1	2	2
25000	-163.591644622016247	-162.166005582346088	-1.425639039670171	0.000105859707526	0.000038458915991	0.363300795835715	0.835507628778139	0	2	1	2	7	5	5	8	7	10	10	12	10	11	13	12	12	15	15	13	16	17	16	18	18	19	19	20	23	24	0	1	1	1	7	4	2	9	7	8	9	5	9	11	13	13	13	16	20	17	16	13	19	21	22	24	25	24	26	28	1	1	1	1	1	2	1	1	1	1	2	2	1	1	2	1	1	2	1	1	2	2	1	2	1	1	1	1	2	2
25500	-169.823087893128303	-168.444947991320504	-1.378139901807812	0.000077229286456	0.000055525629690	0.718971160270995	0.689296289875946	0	2	2	3	6	6	5	7	6	10	8	12	9	12	14	12	13	15	13	15	16	16	16	17	18	18	19	20	22	23	0	1	1	1	7	4	2	5	4	8	5	10	9	11	16	13	16	16	13	19	16	18	19	20	21	20	21	26	26	26	1	1	1	1	1	1	2	1	2	2	1	1	1	2	1	1	1	1	2	1	2	1	1	1	1	1	2	1	2	3
26000	-169.002577176895755	-167.618386667229032	-1.384190509666710	0.000095165184388	0.000041385813400	0.434883972183430	0.652319910292907	0	2	1	2	4	6	5	7	7	9	10	13	11	12	14	13	13	15	15	14	18	16	17	19	19	21	20	20	23	22	0	1	1	1	2	4	5	5	7	8	8	9	9	7	14	13	13	13	13	17	16	18	17	19	18	19	25	24	26	28	1	2	1	1	1	2	1	2	1	1	2	3	1	3	1	1	1	2	2	1	2	1	2	2	2	3	1	1	1	1
26500	-169.622988871707292	-168.246996278695576	-1.375992593011725	0.000095535373286	0.000043786911167	0.458331921058848	0.769157144963941	0	2	2	2	5	5	4	7	8	10	9	12	11	12	13	12	13	15	15	15	17	14	17	17	18	20	19	20	22	23	0	1	1	1	7	4	2	5	7	8	7	9	11	7	13	13	16	13	17	15	14	16	19	19	15	19	25	19	26	28	1	1	1	1	1	1	1	1	1	2	3	2	1	3	1	1	1	2	1	1	2	1	1	1	1	2	1	2	1	2
27000	-196.379590376336040	-195.018692685850397	-1.360897690485630	0.000108803122227	0.000061112813560	0.561682535471405	0.422140038942124	0	1	1	2	6	5	5	8	7	10	10	12	10	13	13	12	12	15	15	14	17	15	17	18	18	20	20	19	23	23	0	1	1	1	4	4	2	7	4	5	7	10	7	9	17	9	11	11	20	16	7	13	18	20	21	23	22	18	26	18	1	1	1	1	2	2	2	2	2	2	2	1	2	3	1	3	1	3	1	1	6	2	1	3	1	1	3	2	2	5
27500	-170.095555565144679	-168.709376543457410	-1.386179021687265	0.000071089861802	0.000030569521506	0.430012391797787	0.758308517196012	0	1	1	2	6	5	5	7	7	10	10	11	11	12	13	13	13	15	14	15	17	17	17	19	20	20	18	20	23	24	0	1	1	1	3	4	2	7	7	8	9	7	9	11	13	13	13	13	16	19	18	18	19	20	27	24	16	24	24	28	1	1	1	1	2	1	2	1	2	2	1	2	1	1	1	2	1	2	1	1	1	1	1	1	2	1	3	1	2	2
28000	-176.488634601899975	-175.103320944730257	-1.385313657169727	0.000076597232105	0.000033097763888	0.432101304166515	0.654124026860284	0	1	1	3	6	6	4	7	5	9	9	13	10	13	13	12	13	14	15	14	16	15	16	17	18	19	19	20	21	22	0	1	1	3	7	4	2	9	2	8	5	10	11	16	11	13	11	13	15	17	18	16	15	19	18	24	25	24	26	28	1	1	1	1	1	1	2	1	2	1	1	2	1	1	4	1	1	2	1	1	1	2	1	1	2	1	1	1	1	1
28500	-154.313039528987275	-152.952195600537351	-1.360843928449920	0.000062223174750	0.000035238658843	0.566326918938295	0.792125652389777	-1	1	1	2	6	7	5	7	8	10	9	11	11	11	14	12	13	15	14	15	17	16	16	19	17	20	19	20	23	23	0	1	1	1	7	4	2	7	5	8	7	10	11	11	14	13	13	16	17	19	15	16	19	20	22	20	25	24	24	28	1	1	1	1	1	2	2	1	1	1	2	1	1	1	1	1	1	2	1	1	1	2	1	2	1	2	1	1	2	2
29000	-179.242955051932341	-177.880383083028590	-1.362571968903745	0.000087901985474	0.000053917729038	0.613384655043173	0.589391167090779	0	1	1	2	6	6	5	7	7	11	8	11	11	12	13	12	14	15	14	15	17	16	17	18	17	19	19	18	22	20	0	1	1	1	7	7	2	7	5	8	9	5	9	9	14	11	16	16	13	13	18	18	18	18	16	28	25	20	26	28	1	1	1	1	1	1	2	1	1	2	1	1	3	3	1	2	1	2	2	2	1	1	1	1	3	1	1	1	2	1
29500	-145.347219380995739	-143.906181285152257	-1.441038095843483	0.000114828965554	0.000039658305392	0.345368480858357	0.806686982327071	-1	1	1	2	6	6	5	7	8	10	9	12	11	11	13	12	13	15	15	14	16	17	17	18	18	20	20	20	23	23	0	1	1	2	7	4	2	5	5	5	9	9	11	11	13	13	13	16	17	17	18	18	19	19	22	24	25	24	26	28	1	1	1	1	1	2	1	1	1	2	1	2	1	1	2	1	1	2	1	1	1	1	1	2	1	1	1	1	1	2
30000	-163.541405238627391	-162.158440505920140	-1.382964732707247	0.000095781923024	0.000041954364954	0.438019655791212	0.798731510006906	0	1	1	3	5	7	5	7	7	11	9	11	11	12	13	13	11	16	13	15	18	17	18	18	19	20	20	19	23	22	0	1	1	3	4	7	2	5	5	8	7	9	11	12	13	13	11	16	17	17	18	20	19	19	22	23	25	24	24	28	1	1	1	1	1	1	2	1	1	2	2	2	1	1	1	1	1	2	1	2	2	1	2	2	1	1	1	1	2	2
30500	-186.481309481988859	-185.057152129703439	-1.424157352285411	0.000103292813363	0.000037721034057	0.365185464788709	0.699488253656113	0	1	1	2	5	5	4	7	8	9	9	12	10	12	13	13	13	15	14	15	17	15	16	17	17	19	20	21	22	23	0	1	1	1	7	4	2	5	2	8	8	8	11	5	13	13	13	13	12	19	16	16	19	18	16	17	18	26	26	26	1	1	1	1	1	2	1	2	4	1	1	3	1	3	1	2	2	2	1	1	1	1	1	1	1	3	2	2	1	2
31000	-154.656528894639990	-153.220846995414377	-1.435681899225619	0.000045510999617	0.000042059782580	0.924167408633079	0.807946631806588	0	2	2	3	5	6	4	7	7	11	9	13	10	12	14	12	14	15	15	14	17	17	17	18	19	20	20	21	22	24	0	1	1	1	7	4	2	7	7	8	5	10	7	11	16	13	16	16	20	13	18	18	19	19	22	24	25	26	26	28	1	1	1	2	1	1	1	2	2	2	2	1	2	1	1	1	1	2	1	2	1	1	1	1	1	1	1	1	1	2
31500	-157.133332464321001	-155.642747570230540	-1.490584894090470	0.000100043877734	0.000030154606320	0.301413809656111	0.820798274420109	0	2	1	2	5	6	6	7	8	11	9	12	11	13	13	12	14	14	13	14	17	17	16	18	19	20	20	21	23	22	0	1	1	1	2	4	5	5	7	8	5	10	11	11	13	13	19	16	13	19	14	14	18	20	22	20	25	24	26	28	1	1	1	1	1	2	1	1	1	2	2	1	1	2	1	1	1	2	1	1	2	2	1	2	1	3	1	1	1	1
32000	-164.156063783104571	-162.774334884007089	-1.381728899097472	0.000057129624952	0.000042029276518	0.735682696207175	0.711844900549580	0	2	2	1	5	7	5	7	7	10	9	12	10	13	13	12	13	15	14	14	17	15	18	18	19	20	20	21	22	23	0	1	1	1	2	1	2	7	5	8	9	10	11	11	16	13	16	16	15	17	18	16	20	20	22	24	25	26	23	28	1	1	1	1	2	3	3	2	1	2	1	1	1	2	1	1	1	1	1	1	1	1	2	2	2	1	1	1	2	1
32500	-165.051621232743457	-163.686467817134201	-1.365153415609242	0.000051749384231	0.000033119423815	0.639996481258474	0.735786750188489	0	2	1	3	5	6	5	8	8	10	9	13	10	11	14	13	12	15	14	15	17	17	18	17	19	19	20	20	22	24	0	1	1	1	2	4	2	5	7	9	7	14	7	11	16	13	13	15	17	19	18	18	19	16	18	24	25	24	26	28	1	1	1	1	2	1	2	1	1	1	1	1	2	1	1	2	1	1	1	1	1	1	2	2	2	1	1	1	2	2
33000	-172.029978357173405	-170.646122383027489	-1.383855974145911	0.000060393499490	0.000026315211240	0.435729200361561	0.489929892774187	0	1	2	2	6	6	4	7	7	11	9	11	11	13	13	12	13	13	14	15	17	17	17	18	18	20	19	20	22	22	0	1	1	1	7	1	2	7	7	8	9	5	9	11	13	13	13	16	17	19	18	13	19	19	22	24	25	24	24	24	1	1	1	1	1	3	2	2	2	3	1	2	3	2	1	1	2	1	1	1	2	2	1	3	1	1	1	1	2	3
33500	-180.925630395390584	-179.484004056110621	-1.441626339279962	0.000115735930554	0.000039898359961	0.344736157303715	0.636479514366434	0	2	1	2	4	5	5	7	8	11	10	12	10	13	14	11	13	14	14	15	17	15	16	18	18	18	19	21	23	23	0	1	1	1	2	4	5	7	7	11	9	8	9	7	12	13	16	13	14	19	16	13	19	17	22	23	25	26	24	24	1	1	1	1	1	2	1	1	2	1	2	3	1	2	1	1	1	2	1	1	4	2	2	2	1	1	1	2	2	2
34000	-187.337005966478955	-185.949478431388542	-1.387527535090423	0.000105454268606	0.000045012782094	0.426846468042102	0.670076029112720	0	2	1	2	7	6	5	7	7	10	9	11	10	12	13	11	14	15	15	14	18	17	17	19	19	20	20	20	22	24	0	3	1	1	4	4	2	2	7	2	5	7	11	11	16	13	13	16	13	13	18	14	18	17	21	24	25	23	26	26	1	1	1	1	2	2	2	3	2	3	1	3	1	1	1	1	2	2	3	2	2	2	1	2	1	1	1	2	1	1
34500	-168.401166167884355	-167.022637040602092	-1.378529127282252	0.000073756388008	0.000033218307668	0.450378720619964	0.804734586744091	0	1	1	1	7	3	5	7	7	10	10	11	11	12	12	13	13	15	15	14	16	16	17	19	18	20	20	21	22	23	0	1	1	1	2	4	2	7	7	8	5	9	11	11	13	13	14	13	17	17	16	16	19	20	18	24	25	26	20	28	1	1	1	1	3	1	2	1	1	2	1	1	1	1	1	1	1	2	1	1	1	2	1	2	2	1	2	1	4	1
35000	-167.924482301740341	-166.556614167393974	-1.367868134346368	0.000114771052113	0.000056382393708	0.491259709399565	0.594776128330271	0	2	2	2	4	6	6	8	6	9	8	12	10	11	13	13	13	14	14	15	17	16	16	18	18	19	20	20	22	24	0	1	1	1	2	4	5	7	5	7	7	11	10	10	13	13	13	13	17	17	16	18	19	23	22	24	25	26	24	28	1	1	1	1	1	2	1	1	1	3	2	3	1	1	2	2	2	2	1	1	3	1	1	1	1	1	1	1	2	2
35500	-152.915250310633979	-151.482973956854693	-1.432276353779279	0.000063589579681	0.000022588526747	0.355223715277688	0.800041233234199	0	2	1	2	7	7	5	7	6	11	8	11	10	12	14	12	12	16	14	15	18	16	17	18	19	20	20	21	22	24	0	1	1	1	7	3	2	7	7	8	9	9	11	11	16	13	13	16	17	19	18	14	19	20	22	24	25	26	26	28	1	2	1	1	1	3	1	1	1	2	1	2	1	3	1	1	1	2	1	1	1	2	1	2	2	1	1	1	1	2
36000	-161.475215919986709	-160.074913968511368	-1.400301951475341	0.000062505166419	0.000050600017029	0.809533354243247	0.783170981559646	0	2	2	2	5	5	6	6	8	10	8	13	10	13	14	12	13	14	14	15	17	16	18	18	18	19	19	21	23	23	0	1	1	1	2	4	5	5	7	8	7	8	11	11	13	13	16	13	17	18	18	18	19	20	22	20	25	26	26	28	1	1	1	1	2	1	1	1	1	2	1	3	1	1	2	1	1	3	1	1	1	1	1	2	1	1	1	1	2	1
36500	-149.766569317742523	-148.400947034442510	-1.365622283300003	0.000083316251479	0.000053650619045	0.643939424687238	0.770934698322399	-1	1	1	2	4	6	5	7	8	9	10	11	11	13	14	12	13	14	14	15	17	17	17	19	20	20	19	21	22	23	0	1	1	1	2	4	5	5	7	8	9	9	11	11	13	13	13	16	17	17	16	15	19	23	27	24	21	26	26	28	1	1	1	1	1	2	1	1	1	1	1	1	1	2	2	1	1	1	1	1	3	2	2	1	1	1	1	1	1	1
37000	-160.486596508795799	-159.125736268963010	-1.360860239832794	0.000058607074925	0.000033081538278	0.564463220881426	0.709191000762540	0	2	1	2	7	5	5	7	6	9	9	10	10	12	12	12	13	14	15	15	16	17	17	18	20	19	20	20	22	24	0	1	1	1	7	4	2	9	7	8	9	11	5	11	13	13	16	13	17	17	18	18	19	20	22	20	22	26	26	28	1	1	1	1	1	1	2	1	1	1	1	1	2	1	1	1	1	2	1	1	1	2	1	1	1	2	1	1	1	1
37500	-180.969409646207112	-179.587330716874249	-1.382078929332867	0.000113855929179	0.000050136982040	0.440354599024035	0.760112932335977	0	1	2	2	4	6	5	7	7	9	9	12	11	13	14	12	13	15	15	14	17	16	18	18	19	20	18	20	22	22	0	1	1	1	2	4	5	2	7	9	9	10	8	11	17	13	13	17	14	16	18	13	13	20	27	24	22	19	23	28	1	1	1	1	1	2	1	3	1	1	1	1	2	2	1	1	2	1	1	1	1	2	5	2	1	1	2	2	2	2
38000	-171.350271673436822	-169.985938869808990	-1.364332803627819	0.000061966532851	0.000039200429097	0.632606461801758	0.663444017063552	-1	2	1	2	6	6	5	7	7	9	8	11	9	12	14	12	13	15	15	15	16	16	17	17	18	20	20	21	22	23	0	1	1	1	2	4	2	7	7	8	5	11	11	11	14	13	13	16	13	13	16	17	19	19	22	20	25	20	26	26	1	1	1	1	1	2	1	1	1	1	1	2	1	2	1	2	2	2	2	4	2	2	1	1	1	2	1	3	1	2
38500	-184.429637526158274	-183.012895139074573	-1.416742387083704	0.000105940668888	0.000091686400224	0.865450456241643	0.669260682519350	-1	1	1	2	7	6	4	6	7	8	9	13	10	11	14	13	12	14	14	15	18	16	17	18	19	18	20	20	22	24	0	1	1	1	6	2	2	2	4	5	5	10	11	11	13	13	13	13	17	17	15	15	15	20	22	20	25	26	26	28	1	1	1	1	1	3	1	3	2	1	1	2	1	2	2	2	1	2	2	1	2	2	2	2	2	1	1	1	2	2
39000	-149.028963371475356	-147.523487014243130	-1.505476357232227	0.000087859767945	0.000025557290406	0.290887296928578	0.835320529699933	0	1	2	3	7	6	4	7	6	10	9	11	10	11	13	11	13	15	14	15	17	16	17	17	18	19	20	21	22	24	0	1	1	1	7	4	2	9	7	8	9	9	11	11	16	13	16	16	17	19	18	18	19	20	22	24	25	26	26	28	1	1	1	1	2	1	1	1	1	2	2	3	1	1	1	1	1	1	1	1	1	1	2	1	1	1	1	1	2	2
39500	-180.918026410322312	-179.553799655848167	-1.364226754474156	0.000062924385722	0.000039742875506	0.631597353723604	0.489792646878053	0	1	1	2	6	5	3	8	8	10	9	13	11	12	12	13	13	15	15	15	17	16	17	18	18	20	20	19	21	23	0	1	1	1	7	4	2	7	7	5	9	10	11	7	13	13	13	13	16	17	18	17	16	20	18	20	25	23	26	28	1	1	1	1	2	1	1	2	3	2	1	1	1	4	1	1	2	2	1	2	2	2	3	2	2	3	1	1	1	2
40000	-187.140959419565434	-185.780066122942202	-1.360893296623224	0.000093479139233	0.000054004586914	0.577718059425522	0.472952449446375	0	2	1	2	6	6	5	8	7	10	9	12	10	11	13	12	14	15	12	15	17	17	17	19	18	19	19	20	22	22	0	1	1	1	2	4	4	5	2	8	5	10	11	11	16	13	19	13	13	16	18	13	20	20	16	20	25	20	26	20	1	1	1	2	2	3	2	1	2	2	1	1	1	2	1	2	2	2	1	1	1	4	1	2	4	2	1	3	1	4
40500	-192.283288423207466	-190.860732815160873	-1.422555608046599	0.000095522659999	0.000035081558634	0.367259021415064	0.446667937842024	0	2	2	2	6	6	6	7	8	10	10	12	10	11	13	11	13	15	15	15	17	16	18	19	19	20	20	20	22	23	0	1	1	1	4	4	2	7	7	8	7	11	5	5	13	9	13	13	17	16	16	20	19	18	18	23	22	20	18	28	1	1	1	1	2	1	2	1	1	1	2	1	2	3	2	2	2	3	1	3	2	1	1	2	2	1	3	2	3	2
41000	-182.170627447734290	-180.806632931282110	-1.363994516452192	0.000086381387482	0.000044561085869	0.515864437562615	0.680348709532967	0	1	1	2	6	6	5	6	7	9	9	12	10	13	14	11	13	16	14	15	17	17	16	18	18	20	19	18	23	23	0	1	1	1	3	3	2	2	7	9	9	9	11	11	13	13	16	16	17	17	16	16	19	20	22	24	15	17	26	24	1	1	1	1	3	2	2	2	1	1	1	2	1	2	2	1	2	2	1	1	3	2	1	2	1	1	2	3	2	1
41500	-182.927714452824802	-181.561373031853009	-1.366341420971783	0.000125800860066	0.000081729295720	0.649671994905531	0.691138084334787	0	2	1	3	7	6	4	7	7	10	6	13	10	11	12	12	14	16	14	15	18	16	17	19	20	20	18	21	22	23	0	1	1	1	11	4	2	7	7	5	7	10	8	11	13	13	16	20	15	19	18	14	19	22	18	24	18	26	26	18	1	1	1	2	1	1	1	2	2	2	1	1	1	2	1	1	1	1	1	1	1	3	2	2	2	1	1	1	1	3
42000	-164.003192145980336	-162.557746563336622	-1.445445582643720	0.000092815700969	0.000031623505997	0.340712893044235	0.679609591164009	0	2	2	2	4	6	6	8	7	10	9	13	11	12	13	12	13	16	15	14	17	15	17	18	19	19	20	20	21	23	0	1	1	1	2	4	5	7	5	8	7	9	11	9	13	5	13	13	20	17	18	16	20	16	22	24	25	26	26	28	1	1	1	1	1	2	1	1	2	1	1	3	1	1	1	3	1	2	1	1	1	2	2	2	2	1	1	1	1	2
42500	-163.851923024688574	-162.487756260173342	-1.364166764515233	0.000065478235786	0.000041318093214	0.631020257607070	0.726387004141889	0	1	2	2	6	5	5	7	8	10	9	12	11	12	14	12	13	15	15	13	17	16	17	18	18	21	19	20	22	24	0	1	1	1	7	4	2	2	5	5	5	9	11	11	16	11	13	16	20	13	16	16	19	17	22	24	25	24	26	26	1	1	1	1	1	1	1	2	1	2	1	2	2	1	1	1	1	1	1	1	2	2	1	2	2	1	1	2	1	2
43000	-149.195375707009106	-147.740424352328432	-1.454951354680666	0.000096921522269	0.000032106894256	0.331266920954081	0.865622935890252	0	2	1	2	6	6	5	7	8	10	9	11	10	12	11	12	13	13	14	15	17	16	16	18	18	20	20	20	22	23	0	1	1	1	7	4	4	7	7	8	9	8	11	11	13	13	13	13	17	19	16	18	19	20	22	24	25	24	26	28	1	1	1	1	1	2	1	1	2	1	1	1	1	2	1	1	2	1	1	1	2	1	1	1	1	1	1	1	1	2
43500	-179.819632364629882	-178.449321754371994	-1.370310610257901	0.000093606316263	0.000044902438451	0.479694536044567	0.669975043690771	0	2	1	2	7	6	5	8	8	10	9	13	10	12	13	12	13	15	15	14	18	15	16	18	19	21	19	20	21	23	0	1	1	1	2	3	4	7	7	7	5	10	8	9	16	13	16	13	17	17	18	17	17	20	18	24	22	24	20	28	1	1	1	2	3	2	1	2	1	3	1	2	1	2	1	1	1	2	2	1	2	1	1	2	2	2	2	1	3	2
44000	-171.418759847244075	-170.057665096862848	-1.361094750381229	0.000083411313488	0.000046184018037	0.553690094371110	0.583924018251779	0	2	1	2	6	6	4	8	7	10	10	11	10	12	13	12	14	15	13	14	18	15	17	18	19	21	19	20	21	23	0	1	1	1	7	4	4	7	5	8	5	11	5	11	11	13	16	16	13	16	18	16	19	20	22	24	15	24	24	28	1	1	1	1	1	2	1	2	1	1	2	1	2	1	2	1	1	2	1	1	2	1	2	3	2	2	3	1	2	1
44500	-167.113815705863487	-165.725907240698660	-1.387908465164835	0.000126611629668	0.000053932865614	0.425970866622985	0.754368789508399	0	2	2	2	7	6	4	7	8	9	9	12	10	12	13	13	14	16	14	13	16	15	16	19	19	21	17	21	23	23	0	1	1	1	7	4	2	7	5	8	5	5	9	11	14	13	20	13	20	13	16	16	17	18	18	24	16	24	26	26	1	1	2	1	1	1	1	1	1	1	1	2	1	2	1	2	1	2	1	1	1	1	1	2	2	1	2	1	1	1
45000	-188.671309201979767	-187.222376013407228	-1.448933188572532	0.000146228724019	0.000049302087082	0.337157336304743	0.619960235482832	0	2	1	2	6	6	4	5	8	9	8	12	11	11	12	13	13	15	15	14	16	16	16	19	19	20	19	20	22	23	0	1	1	1	8	1	3	7	5	8	5	9	11	5	14	12	13	16	13	17	15	16	20	23	19	24	7	24	26	28	1	1	1	1	1	3	2	1	1	1	1	3	2	1	1	1	1	1	3	1	2	1	1	1	2	1	5	1	1	2
45500	-169.875530755868141	-168.311879647017037	-1.563651108851098	0.000105667098578	0.000027158011005	0.257014826472198	0.550611708278877	0	2	1	2	6	6	6	7	7	9	8	12	9	12	13	13	14	15	14	14	17	16	17	18	18	21	20	21	23	24	0	1	1	1	2	4	2	7	5	8	5	9	11	9	14	13	12	13	16	16	14	14	19	19	18	24	25	24	26	28	1	1	1	1	2	2	2	1	1	1	1	3	1	4	1	2	1	3	1	1	2	2	1	3	2	2	1	1	1	1
46000	-154.129955341886500	-152.756677637459063	-1.373277704427424	0.000062507609844	0.000029241131585	0.467801147063752	0.831858271657553	0	2	2	1	5	6	3	8	7	10	9	12	11	12	14	13	12	15	14	15	17	15	17	19	17	20	19	21	21	24	0	1	1	1	7	4	2	5	5	8	9	11	11	11	14	13	13	16	17	19	18	13	22	20	22	20	25	26	26	28	1	1	1	1	1	2	1	1	1	1	1	1	1	2	1	1	1	2	1	1	1	2	1	2	1	2	1	1	1	2
46500	-161.106020861766495	-159.629384456458013	-1.476636405308490	0.000068135222495	0.000070850072558	1.039845031148258	0.866414142004588	0	2	1	2	6	7	5	8	8	10	10	10	11	12	14	12	13	15	14	15	14	16	16	18	20	20	19	21	21	23	0	1	1	1	7	4	2	7	5	8	9	9	11	5	16	13	13	21	17	19	16	18	19	20	22	24	16	26	26	28	1	1	1	1	1	1	1	2	1	1	1	1	1	3	1	1	1	1	1	1	1	1	1	1	2	1	3	1	1	1
47000	-180.375713923879118	-178.811624082367956	-1.564089841511176	0.000119489786223	0.000030684228177	0.256793732310575	0.668184472647348	0	2	2	2	6	6	4	7	6	10	9	12	10	10	13	12	13	16	15	15	17	17	17	18	20	20	19	20	22	23	0	1	1	1	7	4	2	9	7	5	7	9	11	8	13	13	16	16	17	17	11	16	20	20	22	24	11	24	26	28	1	1	1	1	2	2	1	1	1	3	3	2	1	1	1	1	1	1	1	1	5	1	1	3	1	1	5	1	1	2
47500	-170.293986026668904	-168.857725680046883	-1.436260346622019	0.000100056282892	0.000035083456545	0.350637216682726	0.873912220051386	0	2	2	3	6	7	5	8	7	10	9	10	11	11	13	12	14	15	13	15	17	16	17	19	18	20	19	20	22	22	0	1	1	1	7	4	2	5	7	9	5	5	11	11	10	13	19	16	16	19	19	15	18	18	18	24	25	24	26	28	1	1	1	1	1	2	1	1	1	1	2	1	1	1	1	1	1	1	1	1	1	1	1	2	2	1	1	1	1	1
48000	-156.424564841107724	-155.027268651225370	-1.397296189882354	0.000079644361557	0.000032378866690	0.406543113115999	0.736909930873636	0	2	1	2	5	7	6	7	6	11	9	12	10	11	12	12	12	15	14	14	17	16	17	18	17	20	19	20	22	24	0	3	1	1	2	4	5	9	2	8	9	7	11	11	13	13	13	16	17	17	18	18	19	20	15	24	25	24	26	28	1	1	1	1	1	2	1	1	2	2	1	2	1	1	1	1	1	2	1	2	1	1	2	2	3	1	1	1	1	2
48500	-156.046857621740173	-154.683934511663324	-1.362923110076847	0.000095133478958	0.000058769142057	0.617754577051943	0.843924353485929	0	2	2	2	7	7	5	7	6	10	10	13	10	12	12	12	13	15	13	15	17	16	17	18	19	21	20	20	22	23	0	1	1	1	9	4	2	7	7	8	9	9	5	11	13	13	15	17	16	19	18	18	19	23	22	24	25	24	26	28	1	1	1	1	1	2	1	1	1	1	2	2	1	1	1	1	1	1	1	1	1	1	2	1	1	2	1	2	1	2
49000	-164.293032560418595	-162.925759296318404	-1.367273264100196	0.000073189729009	0.000036186260259	0.494417191439302	0.641717424733314	0	2	2	2	6	4	4	7	7	10	9	12	10	13	13	11	12	15	14	15	17	15	17	17	18	19	19	20	22	23	0	1	1	1	7	4	2	5	5	8	7	5	11	9	13	13	16	16	17	17	14	14	18	19	22	23	25	24	26	28	1	1	1	1	1	1	1	1	1	1	2	3	1	3	1	1	1	2	1	2	2	1	2	1	2	2	1	1	2	2
49500	-154.491823390052957	-153.108734476978356	-1.383088913074588	0.000077643738539	0.000057590588382	0.741728688828698	0.919026411016826	-2	0	1	2	5	5	6	8	7	10	8	12	11	11	14	13	13	15	14	15	17	16	18	19	18	19	19	21	21	23	0	1	1	1	4	3	5	9	7	8	7	14	11	11	13	13	13	13	17	19	18	16	19	20	22	23	25	26	24	28	1	1	2	2	1	1	1	1	1	1	1	1	1	2	1	1	1	1	1	1	1	1	2	1	1	1	1	1	1	1
50000	-192.571331915776824	-191.207582615680280	-1.363749300096557	0.000093701698587	0.000058738513982	0.626867120535874	0.635128131745875	-1	0	1	2	6	6	5	7	8	11	9	12	10	12	13	12	12	14	15	13	17	14	18	18	19	19	20	21	21	23	0	1	1	1	2	7	4	3	8	11	8	9	5	11	16	13	13	8	17	17	18	16	18	19	22	17	25	26	24	28	1	1	1	1	2	1	1	3	1	1	1	2	2	1	1	1	1	3	2	1	2	2	2	1	1	3	1	1	2	2
50500	-173.432096317171187	-171.922369296477768	-1.509727020693412	0.000121388137738	0.000034965664945	0.288048450173153	0.593813457192974	-1	1	1	1	7	5	6	7	5	10	8	12	11	13	14	11	13	13	15	14	17	15	16	18	18	20	20	20	23	24	0	1	1	1	7	1	9	7	2	8	7	13	9	11	14	11	13	16	20	17	16	18	17	19	22	24	25	19	26	28	1	1	1	1	1	3	1	1	2	2	1	1	3	2	1	1	1	1	1	1	3	1	1	1	1	1	1	2	2	2
51000	-164.216264359999599	-162.847147094091952	-1.369117265907643	0.000096892411093	0.000047002171252	0.485096518103273	0.659614363899467	0	2	1	2	7	5	5	7	8	11	9	11	10	13	13	12	12	16	15	15	18	16	17	17	18	20	19	21	22	23	0	1	1	1	2	1	2	7	2	8	9	11	11	11	16	13	13	16	17	17	19	16	20	20	22	20	25	24	24	29	1	1	1	1	2	2	2	1	2	2	1	1	1	2	1	1	1	2	2	1	2	2	1	1	1	3	1	2	3	1
51500	-174.835038721975195	-173.344781426730378	-1.490257295244819	0.000150410611027	0.000045372316530	0.301656354028289	0.840869013595207	-1	2	1	2	6	7	5	8	8	10	9	11	10	13	14	12	13	15	14	15	18	16	17	17	17	19	20	21	20	23	0	1	1	1	7	4	2	5	7	9	9	8	11	11	16	10	16	16	17	16	22	18	19	19	14	24	25	26	26	29	1	2	1	1	1	2	1	1	2	1	1	1	1	2	1	1	1	1	1	1	2	1	1	1	2	1	1	1	1	2
52000	-176.008182644454962	-174.601741205965794	-1.406441438489157	0.000074037706756	0.000028920308853	0.390615945847061	0.570355864853194	0	1	1	2	7	7	4	8	7	10	8	12	10	12	14	12	13	15	13	14	17	16	18	18	18	20	19	20	23	22	0	1	1	1	7	1	2	5	7	8	5	10	11	9	16	13	14	13	13	16	18	14	20	17	22	19	18	24	24	28	1	1	1	1	2	3	1	1	2	1	1	1	1	3	1	2	1	3	2	1	2	2	2	3	1	2	2	1	2	2
52500	-162.319912237835581	-160.957807509621631	-1.362104728213940	0.000090729798026	0.000048536800597	0.534959866037305	0.790967473839140	0	2	1	3	6	6	5	8	8	11	8	11	11	13	13	12	13	15	15	15	17	17	17	18	20	20	19	19	22	22	0	1	1	1	7	4	2	5	5	8	5	8	11	10	13	13	16	16	17	17	18	13	20	20	27	24	22	20	26	24	1	1	1	1	1	2	1	1	2	2	1	2	2	1	1	1	1	2	1	1	1	2	1	2	1	1	1	2	1	3
53000	-175.481588899733481	-174.109031200386170	-1.372557699347303	0.000108162466023	0.000050892317694	0.470517357497405	0.625478977888217	0	2	2	2	6	6	4	8	6	11	10	12	10	13	14	12	13	14	13	14	17	16	15	18	19	20	20	20	22	22	0	1	1	1	7	4	2	7	7	9	5	10	8	10	19	13	13	16	13	19	16	17	17	23	22	24	25	20	26	17	1	1	1	1	2	2	1	2	1	3	1	1	1	1	1	1	2	2	2	1	2	1	1	1	1	1	1	3	1	3
53500	-161.693073661717477	-160.270180571247010	-1.422893090470462	0.000077069116699	0.000068209889630	0.885048285896566	0.836153096741233	0	2	1	2	6	7	4	6	8	9	9	12	10	12	14	12	13	16	14	15	18	14	18	17	20	19	19	21	20	24	0	1	1	1	7	4	2	7	5	8	7	9	11	9	16	13	13	17	17	19	18	14	19	20	27	24	22	26	26	28	1	1	1	1	1	1	1	1	1	1	3	2	1	2	1	1	2	2	1	1	1	1	2	1	1	1	2	1	1	1
54000	-166.578308811349189	-165.059749466664414	-1.518559344684774	0.000090937296770	0.000025677201482	0.282361609532327	0.708169649294149	0	1	1	2	7	3	5	7	7	9	9	12	11	12	14	13	13	15	14	14	16	16	17	19	18	20	19	20	22	24	0	1	1	1	2	4	2	7	7	8	5	5	11	11	14	13	12	16	16	17	18	16	19	23	18	24	25	24	26	24	1	1	1	1	2	1	2	1	1	2	1	2	1	2	1	1	1	2	1	1	1	2	2	1	2	1	1	1	1	3
54500	-186.202778480766312	-184.710657342976361	-1.492121137789941	0.000096160055234	0.000028875236208	0.300283065954400	0.775273488174091	-1	1	1	2	6	5	5	8	8	8	9	13	11	9	13	13	13	15	15	13	17	16	17	18	19	20	20	21	22	23	0	1	1	1	7	4	2	5	5	7	5	9	11	5	13	13	14	13	20	14	13	13	19	20	13	24	25	24	26	26	1	1	1	2	1	2	2	2	1	1	1	2	1	2	1	2	3	2	1	1	2	3	1	2	4	1	1	1	1	2
55000	-160.733467625083904	-159.280923218357941	-1.452544406725967	0.000108275862230	0.000036119430352	0.333587095105709	0.695963738544991	0	1	2	3	6	5	5	7	8	10	10	12	11	12	13	11	14	15	14	15	17	17	17	18	18	20	19	20	22	23	0	1	1	1	7	4	2	7	7	8	5	10	11	13	16	9	11	13	16	19	18	19	19	23	22	23	25	24	28	28	1	1	1	1	1	1	1	1	2	2	2	1	1	1	1	1	2	2	2	1	1	2	2	1	1	2	1	1	1	2
55500	-150.386061134301968	-149.023980443886160	-1.362080690415798	0.000063727589133	0.000038651389179	0.606509515027301	0.946755191802730	0	2	1	1	6	6	4	8	7	10	9	12	10	13	13	12	12	15	14	15	16	15	17	18	18	19	20	20	22	24	0	1	1	1	7	4	2	5	7	8	9	11	11	11	16	13	13	16	17	19	18	13	19	20	22	24	25	26	24	28	1	1	1	1	1	2	1	1	1	1	1	1	1	1	1	1	1	2	1	1	1	1	2	1	1	1	1	1	2	2
56000	-159.741826224538983	-158.356834602027419	-1.384991622511566	0.000088317328005	0.000038231750009	0.432890700749786	0.800486001511570	0	1	1	2	7	5	6	8	8	10	9	11	11	12	14	13	13	13	14	14	17	16	18	17	19	19	20	20	22	24	0	1	1	1	7	4	2	7	5	8	7	5	11	12	18	13	13	13	13	17	17	15	19	20	22	24	25	26	26	28	1	1	1	1	1	2	2	1	1	1	2	1	1	1	1	1	2	1	2	1	2	1	2	1	2	1	1	1	2	2
56500	-182.735702184173761	-181.369504542771068	-1.366197641402682	0.000099679283117	0.000064647324805	0.648553267877474	0.493270735384530	0	2	2	2	6	6	4	6	8	9	9	12	10	13	14	12	13	16	14	14	18	16	17	18	20	20	18	20	22	23	0	1	1	1	2	4	4	7	3	8	9	13	5	16	16	11	9	15	16	17	18	15	17	23	27	23	18	24	24	28	1	1	1	1	2	3	1	1	2	2	1	1	1	1	1	2	2	1	1	1	2	1	2	1	1	2	1	1	2	2
57000	-199.034948370215545	-197.658323334391298	-1.376625035824255	0.000156134697367	0.000071240664746	0.456276957957290	0.566073857134353	0	1	1	3	5	6	6	7	7	11	8	13	9	12	13	12	14	14	14	13	17	16	18	18	18	21	19	21	22	23	0	1	1	1	4	4	4	5	5	8	5	9	9	13	10	13	12	16	16	16	18	16	20	19	22	23	15	22	20	23	1	1	1	1	1	2	1	1	1	2	2	3	1	1	1	2	1	1	1	1	1	3	2	3	2	2	4	2	5	3
57500	-197.817979008845157	-196.454153903425265	-1.363825105419880	0.000111442918534	0.000057644833543	0.517258829018217	0.661651238299519	0	2	2	2	7	5	5	7	7	10	9	10	11	12	12	9	13	14	15	15	17	16	17	18	20	19	20	19	23	22	0	1	1	1	2	4	2	7	7	8	7	9	16	11	16	5	13	15	17	15	17	13	18	20	22	24	18	19	28	24	1	1	1	1	2	2	2	2	1	2	2	1	1	1	1	1	2	2	1	2	1	2	1	1	2	1	4	2	1	2
58000	-187.184514276537726	-185.823264583590429	-1.361249692947300	0.000138722131980	0.000081949076015	0.590742622289102	0.658045573699656	-1	1	1	2	6	6	3	8	7	11	9	11	11	12	13	12	13	15	14	14	17	17	17	18	19	19	17	20	22	24	0	1	1	1	7	3	2	9	5	8	5	11	6	6	13	13	13	16	17	14	13	18	17	17	27	17	18	20	26	29	1	1	1	2	1	2	1	1	1	2	2	1	2	3	1	1	1	2	1	1	2	1	2	3	1	3	1	3	1	1
58500	-166.234036316443451	-164.821416990100744	-1.412619326342699	0.000095893504547	0.000036541583088	0.381064215560750	0.680079330240056	0	2	2	2	6	6	4	7	6	10	9	12	10	11	12	13	13	14	15	15	17	16	17	18	19	20	20	20	23	24	0	1	1	1	7	1	2	7	7	8	7	10	11	11	13	13	14	13	16	17	16	16	19	20	22	24	22	24	26	28	1	1	1	2	1	3	1	2	1	2	2	1	1	2	2	2	1	2	1	1	1	1	1	2	2	1	2	1	1	2
59000	-175.679404577922128	-174.286479967036570	-1.392924610885554	0.000064092777175	0.000050124819832	0.782066592227887	0.757782227062151	-1	2	0	2	6	4	5	8	7	9	9	11	11	11	14	13	13	14	14	15	17	17	15	17	20	20	18	21	22	24	0	1	1	1	2	4	2	7	7	8	9	8	11	11	13	13	13	13	16	19	18	18	16	20	22	24	13	26	26	28	1	1	1	1	2	2	1	2	1	1	1	1	1	1	1	2	1	2	1	1	1	2	1	1	2	1	4	1	1	1
59500	-152.687878020556411	-151.323132604041916	-1.364745416514506	0.000087561887753	0.000044668130727	0.510132111960778	0.786421429662506	0	2	1	1	6	6	5	7	7	8	8	12	10	11	12	12	11	14	13	15	15	17	17	18	18	20	20	20	22	23	0	1	1	1	7	4	2	5	7	5	7	11	11	11	13	13	13	16	17	19	18	21	19	20	22	24	25	24	26	28	1	1	1	1	1	2	1	1	1	1	1	1	1	1	1	1	1	1	1	1	1	2	2	2	1	1	1	1	1	2
60000	-167.068828874797646	-165.589877330414851	-1.478951544382801	0.000130619086921	0.000040537609040	0.310349811774771	0.767850508669214	0	2	2	2	7	6	5	6	7	10	9	12	9	13	14	12	13	14	14	14	17	15	16	18	18	20	19	21	22	23	0	1	1	1	7	4	2	2	2	9	5	5	9	11	16	13	13	16	16	16	18	16	19	19	22	24	25	26	24	28	1	1	1	1	1	1	1	3	2	1	1	2	1	2	2	1	2	1	1	1	2	2	2	1	2	1	1	1	2	1
60500	-179.920251233700043	-178.540220681857932	-1.380030551842117	0.000078310993253	0.000034926602739	0.445998719820981	0.541424694246685	0	2	2	2	5	6	6	7	8	11	7	13	9	11	13	13	12	15	14	15	17	16	18	17	18	21	20	20	22	23	0	1	1	1	2	4	5	7	5	8	7	14	9	11	13	13	13	13	17	16	18	18	20	18	16	24	25	24	18	28	1	1	2	1	2	2	1	1	2	2	1	1	1	1	1	3	1	3	1	2	1	1	2	1	2	2	1	1	4	1
61000	-160.874594183645740	-159.504324367829952	-1.370269815815790	0.000090670829707	0.000043510430555	0.479872420887339	0.705566092057086	0	1	2	2	6	6	4	7	8	10	8	12	11	12	14	12	13	15	14	15	17	15	17	18	19	20	20	20	22	23	0	1	1	1	7	4	4	7	7	9	7	9	11	9	12	13	13	16	17	19	18	14	18	20	22	20	25	24	26	28	1	1	1	2	1	1	1	2	2	1	2	2	2	2	1	1	1	2	1	1	1	2	2	2	2	2	1	1	1	2
61500	-175.870688980522516	-174.507726386780661	-1.362962593741857	0.000105992423699	0.000055660571336	0.525137263532719	0.871098917206281	0	1	2	3	4	5	5	8	8	10	9	12	11	11	13	12	14	14	13	13	18	16	16	18	20	19	19	21	23	23	0	1	1	1	2	4	5	7	7	8	5	10	11	11	13	13	19	16	13	13	13	18	17	20	26	17	24	26	26	28	1	1	1	1	1	1	1	2	1	1	2	1	1	1	1	1	1	1	1	1	3	1	2	3	1	2	1	1	2	1
62000	-147.025743764294987	-145.610122136638807	-1.415621627656193	0.000085902232796	0.000074031743766	0.861813964041039	0.746793503934490	0	2	1	2	6	7	4	7	7	10	9	12	11	11	14	13	13	15	15	15	17	16	16	18	19	20	20	21	22	23	0	1	1	1	7	7	2	7	5	5	7	10	11	8	16	13	13	16	17	17	16	13	19	23	22	24	25	26	26	28	1	1	1	1	1	2	1	2	1	2	2	1	1	2	1	1	1	1	1	1	2	2	1	1	2	1	1	1	1	1
62500	-170.154546854541394	-168.770997107810047	-1.383549746731350	0.000054776041264	0.000040739471491	0.743746180832136	0.663712684135389	-1	1	0	2	7	4	5	8	6	10	10	13	10	13	13	12	12	15	14	14	17	16	17	17	18	19	19	20	20	24	0	1	1	1	7	1	2	7	7	8	5	11	7	11	17	11	13	15	17	17	18	16	19	17	22	24	25	24	26	28	1	1	1	2	1	2	2	1	1	1	2	2	3	1	1	2	1	1	1	1	1	2	2	2	1	1	1	1	1	2
63000	-183.892629820776904	-182.531795313347942	-1.360834507428960	0.000082658521029	0.000047227179780	0.571352828386961	0.749334901623682	1	2	2	3	5	7	6	8	8	10	10	13	10	13	13	13	14	15	14	15	17	17	16	17	20	20	17	19	22	23	0	1	1	1	2	4	5	7	4	8	7	10	9	11	13	13	16	15	13	19	15	18	19	19	27	17	16	24	24	28	1	1	1	1	1	2	1	1	3	1	2	2	2	1	1	2	1	1	1	1	2	1	1	1	2	4	1	1	2	2
63500	-194.061615320260074	-192.677687448548795	-1.383927871711266	0.000143431213900	0.000062471019405	0.435546891828445	0.675705456294200	-1	2	1	1	4	7	5	7	7	11	8	11	10	13	14	13	13	13	15	14	17	15	15	18	20	20	19	20	21	22	0	1	1	1	2	7	5	7	7	8	7	9	8	11	13	11	7	13	16	13	16	16	14	19	13	24	22	24	24	28	1	1	1	1	1	1	1	1	1	2	1	2	1	3	2	2	3	2	1	2	2	1	1	1	3	1	2	1	1	1
64000	-180.143588084311119	-178.782754610647430	-1.360833473663686	0.000073127965695	0.000041580334868	0.568596903699741	0.737181549455326	-1	1	2	3	6	6	4	8	8	9	9	12	10	13	13	12	12	16	13	14	18	15	16	18	17	21	19	19	22	24	0	1	1	2	2	4	2	7	7	8	8	9	7	11	13	13	13	16	13	13	17	13	19	20	22	28	25	24	26	28	1	1	2	1	2	2	1	2	2	1	1	2	3	2	1	1	1	2	1	2	3	2	2	2	1	1	1	1	1	2
64500	-195.538928666605784	-194.165372025812928	-1.373556640792853	0.000101039102409	0.000047162442667	0.466774165081371	0.520045290303404	-1	1	1	2	7	5	4	7	8	10	8	12	11	12	14	13	13	15	14	15	17	16	17	15	20	19	19	20	22	23	0	1	1	1	7	1	2	2	2	5	7	10	9	13	16	14	9	16	14	17	18	18	20	17	21	24	21	26	26	28	1	1	1	2	2	3	2	3	4	2	3	1	2	1	1	1	2	1	1	1	1	1	1	1	2	3	1	1	1	2
65000	-185.656110105490541	-184.295277936633198	-1.360832168857353	0.000067545225583	0.000038466356551	0.569490385419831	0.680174880770934	-2	1	1	0	5	7	5	8	7	7	8	12	11	13	14	13	13	14	14	15	16	16	15	18	20	20	20	21	22	23	0	1	1	1	2	5	2	10	7	7	9	9	11	11	13	13	13	11	14	17	16	18	18	19	22	20	22	24	26	28	1	2	1	1	2	1	2	1	1	1	1	2	1	2	2	1	1	3	1	1	1	1	1	2	2	3	2	2	1	1
65500	-160.432117505604168	-159.063025993470262	-1.369091512133908	0.000064998644698	0.000043489674508	0.669085866473298	0.816831247950378	-1	2	1	2	7	5	6	8	7	11	9	12	11	13	14	13	13	14	14	15	17	15	16	17	17	19	19	20	22	24	0	1	1	1	7	3	2	5	2	8	9	11	11	11	16	13	13	13	17	19	22	18	19	20	22	20	25	26	26	28	1	1	1	1	1	1	2	1	2	1	1	1	1	2	1	1	1	2	1	1	1	1	1	2	1	2	1	1	1	2
66000	-158.828545108483695	-157.258855882692728	-1.569689225790971	0.000054942321775	0.000070222528851	1.278113603180838	0.780955980136771	0	2	1	3	6	5	5	8	7	9	9	11	11	12	13	13	13	15	15	14	16	16	17	18	17	20	19	19	22	23	0	1	1	1	6	4	2	7	2	7	9	8	11	11	13	13	13	16	20	17	16	16	19	20	22	24	25	24	26	28	1	1	1	1	1	2	2	2	2	1	1	1	1	2	1	1	1	1	1	1	1	1	1	1	1	1	1	1	1	2
66500	-191.302624149130395	-189.926490532265575	-1.376133616864809	0.000127379850930	0.000090318762661	0.709050623011022	0.623419883137483	0	1	2	2	7	6	4	8	7	10	9	12	10	12	13	11	12	16	15	14	15	15	17	18	17	19	19	21	23	24	0	1	1	1	2	4	2	7	2	8	9	10	5	10	16	11	16	16	17	17	14	16	22	21	22	20	25	26	26	28	1	1	1	1	3	3	1	2	2	2	1	1	2	2	2	1	1	2	2	1	1	2	2	2	1	2	1	1	2	2
67000	-188.429841131005332	-187.059635643460183	-1.370205487545144	0.000079744811165	0.000038289777536	0.480153842947603	0.553534434638557	0	1	1	2	7	3	6	8	8	11	8	12	11	13	13	11	13	16	15	14	17	16	18	17	20	21	20	19	23	24	0	1	1	1	3	4	2	7	7	8	7	7	11	5	13	11	5	15	16	17	14	16	18	18	22	24	22	24	26	28	1	1	1	1	3	1	2	1	1	2	2	3	2	3	1	1	2	2	1	1	2	3	1	1	2	2	2	1	1	2
67500	-151.450886044061065	-150.006557816744106	-1.444328227316963	0.000092846350222	0.000031741893145	0.341875507967730	0.942455528233531	0	2	2	1	7	5	4	8	8	10	9	13	10	12	14	12	12	14	14	15	17	15	18	17	19	20	20	21	22	23	0	1	1	1	7	4	2	5	7	5	9	10	11	11	16	13	13	16	17	19	18	16	19	20	22	23	25	26	26	28	1	1	1	1	1	2	1	1	2	2	1	1	1	1	1	1	1	1	1	1	1	1	2	1	3	1	1	1	1	1
68000	-160.815433088263973	-159.288115472252628	-1.527317616011347	0.000106871098143	0.000029601583522	0.276983993207306	0.769991046318663	0	1	2	2	6	7	5	7	8	11	9	11	10	12	12	13	12	14	14	15	16	17	16	17	18	19	19	21	23	23	0	1	1	1	7	4	2	5	7	11	7	7	11	11	11	13	13	16	17	19	18	16	19	20	22	24	25	26	24	28	1	1	1	1	1	3	1	1	1	1	2	3	1	1	2	1	1	1	1	1	1	1	1	2	1	1	1	1	3	1
68500	-157.127913278813963	-155.765700747172957	-1.362212531640997	0.000097290618247	0.000059197708241	0.608462658660459	0.817194521874465	0	1	1	3	7	5	5	8	7	10	9	12	11	12	12	12	13	14	14	14	17	16	17	17	19	19	20	21	21	22	0	1	1	1	7	2	2	9	7	8	5	7	11	11	13	13	16	13	12	17	17	18	19	20	21	24	25	26	26	28	1	1	1	1	2	1	1	1	1	1	1	3	1	2	1	1	1	1	1	1	2	1	2	1	1	1	1	1	1	1
69000	-179.279785763819604	-177.918953651276354	-1.360832112543259	0.000094284302697	0.000053737476643	0.569951467067896	0.793912306169515	0	1	1	2	6	6	4	7	7	9	9	12	9	12	13	11	13	14	15	14	17	16	17	18	18	21	20	20	21	24	0	1	1	1	7	4	2	7	5	8	9	5	9	11	11	13	16	16	15	17	15	15	15	20	17	24	25	24	23	26	1	1	1	1	1	2	2	1	1	1	1	3	1	2	3	1	1	2	1	1	3	2	2	1	2	2	1	1	2	2
69500	-204.301133583003434	-202.762098575369521	-1.539035007633920	0.000101626002382	0.000027455121690	0.270158434318614	0.703952613650000	-1	1	1	2	7	7	4	7	5	9	9	12	10	12	13	12	13	12	14	15	17	15	17	18	20	19	20	20	22	23	0	1	1	1	9	4	2	9	7	5	9	5	9	11	13	9	18	11	17	19	13	11	19	17	22	24	16	24	26	28	1	2	1	2	1	3	2	2	1	1	1	2	4	1	1	3	1	1	1	1	4	2	1	2	3	1	4	1	1	2
70000	-167.993876906324658	-166.439874377889794	-1.554002528434854	0.000104688639959	0.000027427236005	0.261988655268815	0.748059870365380	-1	1	1	3	5	7	6	8	7	10	9	13	10	13	14	11	12	14	14	15	17	16	17	19	18	20	20	19	22	23	0	1	1	3	4	4	5	5	7	8	7	8	11	16	16	13	13	14	17	19	16	15	19	20	22	28	25	19	26	24	1	1	1	1	1	2	1	1	1	1	2	3	1	1	2	1	1	1	1	1	3	1	1	2	1	1	1	3	2	1
70500	-175.411964248765287	-173.972357621972378	-1.439606626792908	0.000137824517851	0.000047814340287	0.346921875963094	0.676827071609661	0	2	2	2	7	7	5	7	7	11	9	12	10	12	13	11	12	15	15	14	18	16	17	19	18	19	19	20	22	24	0	1	1	1	7	3	2	7	7	9	9	10	7	11	13	5	13	15	17	17	13	16	19	19	22	18	25	26	26	28	1	1	1	1	1	2	1	1	1	2	1	1	1	2	1	2	1	1	2	2	4	2	1	2	2	2	1	1	1	2
71000	-176.183482589246864	-174.811281767606431	-1.372200821640430	0.000090490381473	0.000042702466589	0.471900614123176	0.646546638227358	0	1	1	3	7	5	5	7	7	9	9	12	10	13	13	12	13	14	15	15	14	16	17	16	18	20	20	21	21	24	0	1	1	1	7	4	2	7	7	8	5	9	11	11	16	13	13	13	18	17	16	16	17	13	22	20	25	24	17	26	1	1	1	1	1	1	2	1	1	1	2	2	1	1	1	1	2	2	1	1	1	2	2	3	1	3	1	2	4	2
71500	-182.953670661439986	-181.576532219596515	-1.377138441843457	0.000146968873130	0.000066818730150	0.454645454695521	0.625267368901851	-1	1	1	2	7	6	4	8	6	10	9	12	11	12	13	13	13	15	14	15	18	17	16	18	19	19	18	20	22	24	0	1	1	1	4	4	2	5	3	8	9	13	9	13	13	9	11	15	15	17	18	18	19	17	27	23	22	24	24	17	1	1	1	1	2	2	2	1	2	1	2	1	2	1	1	3	2	1	1	1	1	2	1	2	1	2	1	1	2	5
72000	-162.912234161029630	-161.494671840394204	-1.417562320635426	0.000080086113790	0.000029950733101	0.373981601600339	0.706678397449687	0	2	1	2	6	6	4	7	8	10	8	12	10	12	12	12	12	15	13	15	17	15	17	18	18	20	20	21	21	23	0	1	1	1	7	4	2	7	2	8	7	10	9	13	9	9	13	17	13	19	18	15	19	16	18	24	25	26	26	28	1	1	1	1	1	2	1	1	3	2	2	1	2	1	2	2	1	2	1	1	1	1	2	3	1	1	1	1	1	1
72500	-176.677525723938174	-175.256743876331029	-1.420781847607136	0.000080441139029	0.000070658408044	0.878386468631110	0.760585295097096	0	2	2	2	5	7	4	8	8	7	10	13	11	12	14	13	14	15	13	15	18	16	17	18	18	19	20	19	23	24	0	1	1	1	2	4	2	10	5	7	9	14	9	7	13	13	19	17	13	19	23	13	19	17	22	20	25	23	26	28	1	1	1	1	2	2	1	1	2	1	1	1	1	4	2	1	1	1	1	1	1	2	2	1	1	2	1	1	1	2
73000	-176.628827785643523	-175.209544954864072	-1.419282830779437	0.000081011704620	0.000030105500396	0.371619144883752	0.601049970461293	0	1	1	2	3	5	5	7	7	9	9	12	9	12	14	11	13	15	15	14	17	17	17	19	19	20	19	21	21	23	0	1	1	1	2	4	5	7	5	8	9	9	9	11	16	13	13	13	16	16	17	18	19	19	22	24	17	24	24	26	1	1	1	1	1	2	1	2	2	1	1	3	1	2	2	1	2	2	3	2	2	1	1	2	1	1	2	1	1	2
73500	-179.590179969929494	-178.217086505920975	-1.373093464008529	0.000114323359747	0.000053559014413	0.468487057515594	0.698357691739165	0	1	2	2	3	5	5	7	7	10	9	12	11	13	12	12	13	15	14	13	17	15	18	17	17	21	19	19	23	23	0	1	1	1	2	4	5	5	1	11	8	13	9	11	11	11	13	16	17	16	18	15	19	13	18	28	25	24	26	26	1	1	1	1	1	2	1	3	3	1	1	1	2	2	1	2	1	2	1	1	2	1	2	3	1	1	1	2	1	1
74000	-177.740444331885612	-176.373145704911536	-1.367298626974077	0.000081688874158	0.000053654882190	0.656819949388391	0.460832868390958	0	1	1	3	5	6	6	7	7	11	10	12	10	12	13	11	14	14	13	14	17	15	17	16	20	20	20	21	22	24	0	1	1	1	2	4	2	7	7	7	5	9	7	11	16	13	19	16	16	19	16	13	22	20	21	24	22	26	26	28	1	1	1	1	2	2	2	1	1	2	2	2	2	1	2	1	1	2	1	1	3	2	1	1	2	2	3	1	1	2
74500	-148.266980057889299	-146.803630001898284	-1.463350055991023	0.000090385679747	0.000029241082652	0.323514551569106	0.798856904385337	0	2	2	2	6	5	5	8	7	10	9	12	10	12	13	12	13	14	14	15	18	15	17	17	18	19	20	21	22	23	0	1	1	1	7	4	2	7	5	8	5	8	11	11	13	13	13	16	17	19	18	17	19	20	22	24	25	26	26	28	1	1	1	1	1	2	2	1	1	1	2	2	1	2	1	1	1	1	1	1	2	1	2	1	2	1	1	1	1	1
75000	-178.419822380591086	-177.042639252078686	-1.377183128512405	0.000072257916175	0.000032841580293	0.454504946058520	0.633658969330962	0	2	2	2	7	6	5	8	6	9	8	11	10	13	13	12	13	14	13	14	16	16	17	19	19	21	20	20	21	22	0	1	1	1	7	4	2	7	7	8	7	5	11	11	13	13	13	13	16	16	18	15	15	19	16	28	25	17	24	26	1	1	1	1	2	2	1	2	1	1	1	2	1	2	2	2	2	2	1	1	1	1	2	3	3	1	1	4	1	1
75500	-160.152398135595860	-158.788212526676801	-1.364185608919066	0.000063501494511	0.000040082272669	0.631202036697527	0.722895089909132	-2	0	0	3	6	5	5	8	7	11	9	12	10	12	12	13	14	16	14	15	18	16	16	18	18	19	20	20	22	23	0	1	1	1	7	4	4	7	7	8	5	9	11	11	13	13	16	16	14	19	18	16	19	20	22	24	25	26	26	28	1	1	1	2	1	1	1	2	1	1	2	2	1	2	1	2	1	2	1	1	2	2	1	1	1	1	1	1	2	2
76000	-175.526705422149661	-174.156674559800990	-1.370030862348680	0.000072891771938	0.000049206353513	0.675060465742506	0.735316047813770	0	1	2	2	5	6	4	7	8	9	8	13	9	12	14	12	14	15	15	12	17	16	16	18	20	20	19	19	22	24	0	1	1	1	7	4	2	5	5	8	7	11	11	11	13	13	16	13	20	13	18	16	13	23	27	24	22	24	26	28	1	1	1	1	1	1	2	1	1	2	2	2	1	2	2	2	1	3	2	1	1	2	3	1	1	1	2	1	1	3
76500	-180.190104516914857	-178.655473321865088	-1.534631195049776	0.000096981771872	0.000026444674058	0.272676746855408	0.569750732267137	0	2	2	2	6	5	5	6	7	10	10	12	11	13	14	12	12	15	15	14	17	15	16	18	19	18	18	21	23	22	0	1	1	1	2	4	2	7	2	8	9	10	11	11	13	13	13	16	20	17	18	14	19	18	22	20	22	26	28	24	1	1	1	1	2	1	2	1	2	2	1	1	1	3	2	1	1	1	1	1	1	1	1	1	2	2	2	2	2	2
77000	-205.058128578606556	-203.696103834927044	-1.362024743679502	0.000095310771174	0.000057725122597	0.605651616139874	0.577078406105201	-1	1	1	3	4	5	5	8	6	10	10	11	11	9	13	12	12	15	13	15	17	17	17	18	18	20	19	21	21	23	0	1	1	2	2	4	2	7	6	2	14	14	11	7	14	5	13	17	13	19	18	18	17	16	15	21	22	26	24	28	1	1	1	1	2	2	2	1	1	5	1	1	1	2	1	4	1	2	1	1	2	2	3	3	2	2	2	1	2	1
77500	-179.481345411838390	-178.114457670910269	-1.366887740928119	0.000066821265486	0.000043688531817	0.653811799269593	0.626709152348206	0	1	2	2	6	7	5	8	7	11	8	12	9	12	13	12	13	13	15	14	17	17	16	18	19	21	19	20	23	23	0	1	1	1	7	4	2	7	5	8	5	5	11	7	13	13	13	16	18	17	13	16	19	19	22	24	21	24	24	28	1	1	1	1	1	2	3	2	1	2	1	3	1	3	1	2	3	1	1	1	5	3	1	2	1	1	1	1	1	2
78000	-175.456427842777742	-174.091869069765409	-1.364558773012342	0.000091286754800	0.000046692778903	0.511495660081932	0.668460813916051	1	2	2	3	6	7	5	6	8	10	10	11	10	12	13	12	14	14	14	15	17	16	16	19	18	21	19	20	23	23	0	1	1	1	7	3	2	7	1	7	5	5	9	10	11	13	16	16	15	16	22	15	20	17	22	19	25	24	26	28	1	1	1	1	1	3	1	1	2	3	2	2	1	1	2	1	1	1	1	2	1	1	1	2	1	3	1	1	1	2
78500	-170.559659500021411	-169.194026952495847	-1.365632547525560	0.000120595862013	0.000060792387656	0.504100112902882	0.576486820614981	0	2	2	2	6	5	5	8	8	9	8	10	10	11	12	13	13	15	13	15	18	17	17	19	19	21	20	20	20	24	0	1	1	1	2	1	2	7	5	8	5	9	11	11	13	13	13	19	13	19	17	18	20	18	22	28	25	24	24	28	1	1	1	1	1	3	2	1	1	1	1	1	1	1	1	2	2	2	2	1	2	1	1	2	1	1	1	1	1	2
79000	-167.496175151030741	-166.048273510765739	-1.447901640265013	0.000128476712164	0.000043450524673	0.338197669767061	0.645787001099030	0	2	1	2	7	5	5	7	7	9	10	12	10	12	12	11	13	15	14	14	17	15	17	18	18	21	19	19	23	22	0	1	1	1	7	3	2	7	7	8	5	5	5	16	13	9	13	13	16	16	22	16	19	23	22	24	25	20	26	24	1	1	1	1	1	2	1	1	2	1	2	2	1	1	1	2	1	2	1	1	1	2	2	1	2	2	1	2	1	2
79500	-159.774830695331730	-158.398053944194260	-1.376776751137458	0.000109059559247	0.000049708420186	0.455791500800217	0.709093849644291	0	2	1	2	7	6	4	8	8	11	8	12	10	12	14	13	12	15	14	15	16	15	17	17	18	20	19	21	22	23	0	1	1	1	7	4	2	5	7	8	5	7	11	5	14	13	13	16	17	16	15	16	19	20	18	20	25	26	28	26	1	1	1	1	1	2	1	1	2	1	1	3	1	3	1	1	1	1	1	1	1	1	1	1	1	2	1	1	1	2
80000	-139.172797996748727	-137.806721899229586	-1.366076097519138	0.000098847529572	0.000049554086410	0.501318410525555	0.854908884372053	0	2	1	2	6	6	5	8	7	10	9	12	10	12	14	12	12	14	14	13	17	16	17	19	18	20	20	20	22	23	0	1	1	1	7	4	2	5	5	8	9	5	11	11	17	13	13	13	17	17	18	18	19	23	22	24	25	24	26	28	1	1	1	1	1	2	1	1	1	1	1	3	1	2	1	1	1	2	1	1	1	1	1	1	1	1	1	1	1	2
80500	-167.848446122485882	-166.486355930069919	-1.362090192415958	0.000061260641863	0.000037163977629	0.606653415620719	0.693625446282897	0	2	2	3	4	7	6	7	7	11	9	10	10	12	13	12	13	14	14	15	16	16	17	18	19	20	20	19	23	22	0	1	1	1	2	4	2	7	5	8	7	9	7	11	16	13	13	16	13	13	18	16	17	19	22	20	25	24	26	28	1	1	1	1	1	3	2	1	1	2	1	2	2	2	1	1	2	1	2	2	1	2	2	3	1	2	1	1	1	2
81000	-158.447568876894792	-157.008917684799457	-1.438651192095323	0.000090928903430	0.000031640574536	0.347970483998142	0.712667670771176	0	2	1	2	7	7	5	7	8	10	9	11	10	13	13	12	12	15	15	15	17	16	18	18	18	20	20	19	22	24	0	1	1	1	7	4	2	7	5	8	5	5	11	11	13	13	13	16	17	17	18	15	19	20	22	28	25	24	26	28	1	1	1	1	1	1	2	1	1	1	1	2	1	2	2	1	2	2	1	1	1	2	1	2	2	1	1	1	1	3
81500	-151.300637913860299	-149.925009257734644	-1.375628656125657	0.000086051986985	0.000039544174631	0.459538193327914	0.882212453866016	0	2	2	3	7	6	5	7	7	10	9	12	10	12	14	12	12	15	15	14	17	16	17	18	19	20	20	21	21	22	0	1	1	1	7	3	2	7	7	9	5	10	11	13	16	13	13	16	20	17	16	16	19	20	21	24	25	26	26	28	1	1	1	1	1	2	1	1	2	2	1	1	1	1	2	1	1	2	1	1	2	2	1	2	1	1	1	1	1	1
82000	-176.567099872774151	-175.205964656429359	-1.361135216344779	0.000076594778914	0.000045006500784	0.587592280069922	0.688163127080104	-1	1	1	0	6	5	6	8	7	10	9	12	11	13	11	13	14	15	15	14	17	16	16	18	18	19	20	21	21	23	0	1	4	1	3	4	2	5	5	8	9	7	11	11	11	13	16	20	13	13	18	18	20	23	22	24	25	26	26	28	1	1	1	1	3	2	2	1	1	2	2	2	1	1	1	1	1	1	2	2	1	1	1	1	1	1	1	1	1	2
82500	-170.191541058842859	-168.692340229159470	-1.499200829683390	0.000087212261370	0.000095910742430	1.099739198636370	0.758105819475047	0	2	2	3	6	6	5	7	7	10	8	12	10	12	13	12	12	15	14	15	16	16	16	18	18	20	19	21	22	24	0	1	1	1	7	7	4	5	7	4	7	7	11	11	10	13	13	16	17	19	12	16	18	22	18	20	25	26	26	28	1	1	1	1	1	1	1	1	1	3	1	3	1	2	2	1	1	2	1	1	2	2	1	1	2	2	1	1	1	2
83000	-148.624487126349607	-147.166566961102376	-1.457920165247238	0.000061249966272	0.000020118614793	0.328467361171444	0.731748201709930	0	2	2	3	6	6	4	7	6	11	9	13	10	11	12	12	13	15	14	15	16	16	17	18	18	20	19	20	23	24	0	1	1	1	7	4	2	9	7	8	9	14	11	11	13	13	13	13	17	17	18	16	19	20	22	24	25	24	26	28	1	1	1	1	1	1	1	1	1	2	2	1	1	1	1	1	2	2	1	1	1	2	2	2	1	2	1	1	1	2
83500	-159.709005498485567	-158.318500751125782	-1.390504747359778	0.000064579248680	0.000049894178472	0.772603885795846	0.696115316890703	-1	2	1	1	5	5	4	6	7	8	9	11	10	12	13	12	14	16	14	15	17	14	18	18	18	21	20	20	22	22	0	1	1	1	7	2	2	7	5	8	9	9	11	11	13	13	13	16	16	19	18	16	17	20	22	20	25	24	26	28	1	2	1	1	1	1	1	1	1	1	1	2	1	1	1	1	2	2	1	1	1	1	2	2	2	2	1	1	1	2
84000	-190.414348695968698	-189.053421371301312	-1.360927324667396	0.000105577774452	0.000061203214023	0.579697898931257	0.559533455506118	0	1	1	3	5	7	5	8	7	10	8	13	10	12	14	12	12	15	14	15	18	16	15	18	20	20	18	21	22	24	0	1	1	1	2	1	2	7	4	8	5	6	11	11	12	13	13	13	17	19	15	14	13	20	27	20	12	26	26	26	1	1	1	1	2	4	2	1	2	2	1	3	1	1	1	2	1	2	1	1	2	2	3	1	1	2	3	1	1	2
84500	-178.712520506223285	-177.270139070436898	-1.442381435786389	0.000097540606971	0.000033547094861	0.343929527428195	0.750335165847682	0	1	2	2	3	6	5	8	7	10	8	11	11	12	12	11	13	16	14	14	17	17	18	19	19	20	19	20	21	24	0	1	1	1	2	3	5	7	5	8	7	11	11	9	16	11	13	13	17	14	18	17	19	19	22	19	22	24	26	28	1	1	1	1	1	3	1	2	2	1	2	1	2	3	1	1	2	2	1	1	1	2	2	2	1	3	1	1	1	3
85000	-156.873771520391244	-155.374243208759736	-1.499528311631496	0.000090684571392	0.000026750053864	0.294979106736307	0.837862463166240	-1	1	0	3	6	7	5	7	8	11	9	13	10	11	14	13	12	15	14	15	16	16	17	19	18	20	20	21	21	23	0	1	1	1	7	4	4	7	5	8	7	14	9	11	13	13	11	13	17	19	16	16	19	20	22	24	25	26	26	28	1	1	1	2	1	1	1	1	1	2	2	1	1	1	2	2	1	2	1	1	2	1	1	2	1	1	1	1	1	1
85500	-149.732032937505011	-148.268889202373657	-1.463143735131352	0.000119609315335	0.000038717410656	0.323698957290308	0.818857107539773	0	2	2	3	6	6	5	7	7	9	8	13	10	13	13	12	12	14	14	14	17	16	17	19	18	20	19	20	21	24	0	1	1	1	7	4	2	7	7	8	7	10	11	13	16	13	13	16	15	17	18	18	19	23	22	24	25	23	26	28	1	1	1	2	1	2	1	1	1	1	1	2	1	2	1	1	1	1	1	1	2	1	2	1	1	1	1	1	1	2
86000	-162.536449311013598	-161.174072179033374	-1.362377131980212	0.000057831165853	0.000035322268819	0.610782582332876	0.822071387484044	0	2	1	1	6	7	6	8	7	9	9	12	10	12	14	12	13	15	14	15	16	16	18	16	17	19	19	21	22	24	0	1	1	1	2	4	2	5	7	8	9	9	5	11	16	13	13	16	17	17	17	13	19	20	22	23	25	26	26	28	1	1	1	1	2	2	2	1	1	1	1	2	2	1	1	1	2	2	1	1	1	2	2	1	1	1	1	1	2	2
86500	-183.024602192708727	-181.647880434572016	-1.376721758136710	0.000137216290319	0.000062566119353	0.455967139232776	0.660045698223617	0	2	2	2	6	6	5	8	8	10	10	12	10	12	14	12	13	14	12	15	17	16	17	17	19	21	19	21	22	23	0	1	1	1	7	4	2	7	7	5	5	11	5	9	11	13	16	13	11	19	18	18	15	20	22	21	16	23	28	29	1	1	1	1	1	2	1	2	2	2	2	1	1	2	2	2	1	1	1	1	2	1	2	1	1	2	5	2	1	1
87000	-179.300193839927260	-177.931088108514558	-1.369105731412699	0.000055449150336	0.000026901203745	0.485150873955474	0.730804158854608	0	2	1	3	6	5	5	7	7	11	8	12	10	12	13	12	13	15	14	15	17	15	18	18	17	19	19	20	23	23	0	1	1	2	7	4	2	7	5	8	9	9	7	11	11	13	7	16	16	17	18	15	19	20	17	24	25	24	24	28	1	2	1	1	1	1	2	1	1	2	1	2	3	2	2	1	3	2	1	1	1	1	2	3	2	1	1	1	3	1
87500	-181.818260182524426	-180.445574795392588	-1.372685387131845	0.000085978102578	0.000059385762597	0.690707992114485	0.666702291439831	0	2	2	2	5	6	5	7	7	10	9	12	9	11	13	11	14	16	15	15	14	16	17	17	20	20	18	21	23	23	0	1	1	1	3	4	2	7	5	8	7	6	7	11	13	13	16	16	17	17	15	16	17	19	27	19	22	26	24	28	1	1	2	1	2	2	2	1	1	2	1	2	2	1	2	1	2	2	1	1	1	2	1	1	1	2	2	1	2	1
88000	-189.987407721975814	-188.626052181030673	-1.361355540945132	0.000089748965658	0.000049110431269	0.547197741048558	0.676137215864666	0	2	1	1	6	6	5	7	6	11	9	12	11	11	14	13	12	16	15	15	17	16	18	18	18	20	19	21	22	24	0	1	1	1	2	7	2	7	2	5	5	13	5	11	17	11	7	16	16	16	17	16	19	20	18	24	13	26	26	26	1	1	1	1	2	1	2	1	2	3	2	1	2	1	1	3	5	2	1	1	2	1	1	2	1	1	4	1	1	2
88500	-156.459209241476202	-155.097981463087109	-1.361227778389085	0.000075342016105	0.000041445256823	0.550094873554963	0.648399885921956	0	2	1	2	6	5	6	8	8	10	9	12	11	11	13	12	14	14	13	14	17	16	17	17	18	19	19	20	21	23	0	1	1	1	2	4	2	5	7	8	7	7	11	11	16	13	19	16	13	19	18	16	20	20	22	24	25	24	26	28	1	1	1	1	2	2	2	1	1	1	1	3	1	2	1	1	1	1	1	1	2	1	2	2	1	1	1	1	1	2
89000	-194.061720243460826	-192.698134910606711	-1.363585332854117	0.000088903594214	0.000055579242052	0.625163049298820	0.588543986238065	0	1	2	3	7	6	4	7	8	10	10	12	10	12	13	12	13	16	14	15	17	16	18	17	18	20	17	21	23	23	0	1	1	1	7	7	2	7	2	8	5	11	5	11	11	13	11	16	13	13	18	16	19	17	22	23	11	24	26	28	1	1	1	2	2	1	3	2	3	2	2	1	2	1	1	1	2	2	1	3	1	2	2	2	1	1	3	2	2	2
89500	-155.646680639041563	-154.283400776486189	-1.363279862555366	0.000074685880811	0.000038990996063	0.522066495561245	0.714997183586829	0	2	2	3	6	5	5	7	8	10	8	12	10	12	14	13	12	14	13	15	17	16	17	19	18	20	19	20	22	23	0	1	1	1	7	4	4	7	7	8	7	10	11	11	16	13	13	13	17	19	16	18	16	19	22	20	25	24	26	28	1	1	1	2	1	1	1	1	2	2	1	1	1	2	1	2	1	2	1	1	1	1	2	3	2	2	1	1	1	2
90000	-167.236618790465911	-165.871716347593093	-1.364902442872810	0.000086576582411	0.000044068576065	0.509012654895210	0.680931497984176	0	2	1	2	7	6	5	8	6	10	8	13	9	12	13	11	13	14	14	15	16	16	18	18	18	20	20	21	22	24	0	1	1	1	9	4	2	7	7	7	9	9	11	11	16	13	13	14	16	17	14	16	17	20	22	24	25	26	26	28	1	1	1	1	1	2	2	1	1	3	1	2	1	3	1	1	3	1	1	1	3	2	2	1	1	1	1	1	1	2
90500	-178.920017780542850	-177.549480259700204	-1.370537520842644	0.000078894867862	0.000037768013656	0.478713187308840	0.657496125260438	-1	2	1	1	6	6	4	7	8	8	8	11	10	11	13	12	13	16	13	15	16	17	17	17	20	19	19	19	23	23	0	1	1	1	7	4	2	7	7	5	7	8	11	11	16	13	14	16	13	19	16	18	20	20	27	24	22	21	26	28	1	1	1	1	1	2	1	2	2	1	2	2	2	2	1	1	1	2	2	1	3	1	1	1	1	1	2	1	3	2
91000	-181.631674707426697	-180.260501042146473	-1.371173665280233	0.000109607139783	0.000074751780879	0.681997368296083	0.692897731196151	0	2	1	1	6	6	5	7	8	10	8	11	10	13	14	12	14	15	12	14	17	16	17	18	20	18	18	18	23	24	0	1	1	1	7	4	2	7	5	8	7	5	11	12	16	13	19	13	13	19	16	13	18	20	18	18	22	20	24	20	1	1	1	1	1	2	2	1	1	2	1	2	1	1	2	1	1	2	1	1	2	3	1	2	2	1	1	2	3	5
91500	-205.076854496968167	-203.688029669807293	-1.388824827160864	0.000087302067902	0.000066862602284	0.765876500877641	0.625514115797480	-1	2	1	2	5	7	4	8	7	11	10	13	10	12	13	12	14	13	13	14	16	16	17	19	20	19	18	20	22	24	0	1	1	1	7	5	4	5	4	8	9	11	5	11	16	11	19	16	16	9	18	18	20	20	18	23	22	20	26	23	1	1	1	2	1	1	1	1	3	2	1	2	2	1	1	1	1	1	1	2	1	1	1	2	4	2	1	3	1	4
92000	-172.169194851359435	-170.793680467855211	-1.375514383504238	0.000085240867450	0.000060170503331	0.705887975227741	0.680346696420998	0	1	1	2	4	5	5	7	8	11	10	12	9	13	14	13	12	16	14	13	17	16	16	19	19	18	20	20	22	24	0	1	1	1	2	4	2	7	2	8	9	10	9	11	14	17	13	16	17	17	16	15	16	26	21	19	25	26	26	26	1	1	1	1	2	1	2	1	3	1	1	1	1	2	1	1	1	1	1	1	3	1	1	1	1	2	1	1	2	3
92500	-158.474955180570106	-157.082489510646724	-1.392465669923393	0.000094883341894	0.000039477704898	0.416065708795540	0.694392976975838	-1	1	1	2	6	6	5	8	7	8	10	12	11	11	14	12	13	14	14	15	17	16	16	17	18	19	20	20	22	23	0	1	1	1	7	4	2	7	5	5	5	9	11	9	16	13	16	13	16	19	18	18	14	19	22	24	25	26	26	28	1	1	1	2	1	2	2	1	1	1	2	2	1	2	1	1	1	1	1	1	2	1	2	1	1	1	1	1	1	2
93000	-181.872004539963058	-180.450383243770517	-1.421621296192549	0.000146133149649	0.000053848091903	0.368486493533653	0.638694983023334	0	2	1	2	6	6	5	8	7	10	9	12	10	11	13	12	12	15	14	15	16	16	16	18	18	18	19	20	22	24	0	3	1	1	7	1	2	7	5	8	9	11	5	9	14	5	13	12	13	13	16	16	19	23	22	20	25	20	26	24	1	1	1	1	1	2	1	1	1	1	1	2	2	3	1	3	1	1	1	3	1	2	1	1	1	2	1	3	2	2
93500	-169.146505718304923	-167.712812036857741	-1.433693681447179	0.000066143120671	0.000060733305147	0.918210458338214	0.691315661042613	-1	1	1	1	5	6	4	7	8	11	8	12	10	11	13	12	13	15	12	14	17	16	18	18	19	20	18	21	23	23	0	1	1	1	2	4	2	5	7	8	7	14	11	5	14	13	19	16	13	19	18	18	19	18	27	24	18	24	24	28	1	1	1	1	2	2	1	1	2	2	2	1	1	3	1	2	1	2	1	1	1	1	3	1	1	1	1	2	2	1
94000	-167.528099954753060	-166.147832461907001	-1.380267492846058	0.000078995026174	0.000035178631896	0.445327175645429	0.806909166972595	0	2	2	2	7	6	5	8	7	9	10	12	11	12	14	12	12	16	14	15	17	17	18	18	20	20	19	19	22	23	0	1	1	1	7	3	2	5	7	8	5	5	11	11	16	13	11	16	17	15	15	16	19	18	27	24	18	20	28	26	1	1	1	1	1	2	1	1	1	1	2	2	1	1	2	1	2	3	1	1	1	3	2	1	1	1	1	2	1	1
94500	-178.076677636278959	-176.715085486699877	-1.361592149579085	0.000072931022751	0.000043630225617	0.598239596416336	0.598382858746615	-1	1	1	2	6	6	6	8	7	10	10	12	10	12	13	12	12	15	15	14	18	16	17	18	20	20	19	20	22	24	0	1	1	1	4	1	2	5	2	8	9	4	7	11	13	13	13	16	13	17	18	16	18	20	13	19	18	24	26	28	1	1	1	2	2	3	3	1	2	1	1	4	3	1	1	1	1	2	3	1	2	2	1	2	4	3	3	1	1	2
95000	-202.888547631848013	-201.516178820472419	-1.372368811375588	0.000097325423368	0.000067049731180	0.688923087722016	0.433593045725436	0	1	2	2	3	5	5	6	7	10	9	11	10	11	13	13	12	15	14	11	17	17	16	18	19	20	19	19	23	23	0	1	1	1	2	1	5	5	5	7	5	11	9	11	11	11	20	17	20	13	15	16	20	23	16	24	9	20	26	19	1	1	1	1	1	3	1	2	3	3	3	1	2	1	2	3	1	1	2	1	2	2	3	1	3	1	7	4	2	5
95500	-167.765447024035211	-166.376573939926772	-1.388873084108446	0.000119820873442	0.000050778722971	0.423788623073881	0.902643921612261	0	2	2	2	6	6	5	8	8	11	9	13	11	12	13	13	13	15	15	15	17	16	16	18	19	19	18	21	22	23	0	1	1	1	2	4	2	7	5	7	9	13	8	13	13	13	13	16	13	17	18	19	13	20	27	24	22	26	26	28	1	1	1	1	1	2	2	1	1	3	1	1	1	1	1	1	1	1	2	1	1	1	2	1	1	1	1	1	2	2
96000	-159.645085137960308	-158.176586788712370	-1.468498349247926	0.000115983005906	0.000036999132895	0.319004776656920	0.685202741476367	0	1	2	2	7	6	5	8	8	10	10	13	10	12	13	11	12	15	14	14	17	17	16	18	19	19	18	21	22	24	0	1	1	1	7	4	2	7	7	9	9	11	9	11	16	13	16	15	17	17	18	18	19	19	22	20	18	26	24	28	1	1	1	1	2	2	2	2	2	1	1	1	1	1	1	1	1	1	1	1	1	1	1	2	1	2	1	1	2	2
96500	-191.334446904410299	-189.971691362467169	-1.362755541943141	0.000073708538617	0.000038864812214	0.527276933481442	0.599626740770112	-1	1	2	1	5	6	6	7	7	10	9	11	11	12	12	10	13	15	14	14	18	14	18	18	20	20	18	19	22	20	0	1	2	1	2	5	2	7	2	8	5	10	16	9	16	11	16	16	17	14	14	13	17	17	27	24	14	24	26	28	1	1	1	2	2	1	1	1	3	2	2	1	1	3	1	1	2	2	1	1	2	1	2	3	1	1	3	1	1	1
97000	-179.202971336427197	-177.709577707041376	-1.493393629385827	0.000161012856614	0.000048199946251	0.299354643254148	0.778399722599376	-1	2	1	2	6	6	4	7	8	10	9	11	11	11	13	12	14	16	14	15	15	16	18	17	19	19	19	21	22	23	0	1	1	1	7	3	2	7	7	9	9	9	5	11	16	14	16	16	16	13	16	17	19	18	22	24	18	23	26	28	1	1	1	1	1	2	1	2	2	1	1	1	3	1	1	1	1	2	2	2	1	1	2	1	1	1	1	1	2	2
97500	-148.918128166433462	-147.353726505321077	-1.564401661112393	0.000073329606338	0.000018819079549	0.256636855004364	0.705326916618284	0	1	1	3	6	5	5	8	7	9	9	10	10	12	13	12	12	14	13	14	17	16	17	18	19	20	20	21	21	23	0	1	1	1	7	4	2	5	7	8	7	5	11	11	13	13	13	16	17	19	16	18	19	20	22	24	25	26	26	28	1	1	1	2	1	1	2	1	1	1	2	2	1	2	1	1	1	1	1	1	3	1	2	2	2	1	1	1	1	1
98000	-166.187744853025805	-164.773682086600047	-1.414062766425756	0.000058417799528	0.000050047664955	0.856719447822875	0.721258309044292	0	2	2	2	7	5	4	8	6	10	9	12	10	12	12	12	13	14	15	14	17	16	18	18	19	21	20	21	23	24	0	1	1	1	7	4	2	9	7	8	5	11	9	5	13	13	13	17	20	15	16	18	20	20	22	19	25	24	26	28	1	1	1	1	2	2	1	1	1	1	1	1	2	3	1	1	2	1	1	1	2	1	1	2	1	3	1	1	1	2
98500	-154.174811243891213	-152.813969931920866	-1.360841311970338	0.000090029383509	0.000051022474097	0.566731350456496	0.698507436940704	0	1	1	1	5	7	5	7	7	9	9	13	11	11	13	13	13	15	14	15	18	16	16	18	18	20	19	21	22	23	0	1	1	1	2	7	2	7	7	8	8	14	11	11	11	13	13	16	17	19	22	13	19	22	16	24	25	26	26	28	1	1	1	1	2	1	2	1	1	1	1	1	1	1	2	1	1	1	1	1	1	2	1	1	2	1	1	1	1	2
99000	-177.055678569341495	-175.677436457809904	-1.378242111531603	0.000077842822468	0.000035125945393	0.451241929306591	0.637155346553852	0	2	2	2	6	3	5	8	8	11	9	11	11	12	13	13	11	15	12	15	16	15	17	18	18	19	20	20	22	24	0	1	1	1	7	4	3	5	7	8	5	9	11	11	13	13	7	16	17	17	13	16	19	23	18	23	25	26	24	28	1	1	1	1	1	1	1	1	1	2	2	1	1	1	1	1	2	1	1	3	2	1	2	1	2	1	1	1	2	2
99500	-182.754590687199197	-181.392128922745968	-1.362461764453242	0.000098631365174	0.000060355544810	0.611930542622538	0.626878610814084	0	1	1	2	7	4	5	6	8	10	9	13	11	12	13	12	13	15	14	15	17	17	18	18	18	20	19	20	22	23	0	1	1	3	8	4	2	7	2	9	5	13	11	7	11	9	14	17	17	17	16	18	20	20	18	23	25	20	19	28	1	1	1	1	1	1	2	1	2	1	2	1	2	2	2	2	1	1	1	1	2	1	2	2	2	1	1	2	3	2
100000	-191.091239767891210	-189.705918736487234	-1.385321031403971	0.000116330103045	0.000050264295473	0.432083305674513	0.541116373825260	0	2	2	2	5	6	6	7	8	10	9	9	10	10	12	12	13	15	15	14	18	16	18	17	19	20	18	20	23	24	0	1	1	1	2	4	5	7	7	8	9	7	11	12	13	13	13	13	11	13	13	13	20	17	19	19	22	17	26	24	1	1	1	1	2	2	1	1	1	1	1	1	1	1	1	1	2	2	2	2	3	3	2	2	1	2	1	4	2	2