step	p_accept_mu1	p_accept_gamma	p_accept_pi	p_accept_Tinf	sigma_mu1	sigma_gamma	sigma_pi	n_like_zero
1		1.00000	1.00000	1.00000	1.00000	0.000100000000000	1.000000000000000	0.010000000000000	0
500		1.00000	1.00000	1.00000	0.36017	0.000100000000000	1.000000000000000	0.010000000000000	0
1000		-nan	-nan	0.94400	0.36916	0.000150000000000	1.000000000000000	0.015000000000000	0
1500		-nan	-nan	0.91000	0.36803	0.000150000000000	1.000000000000000	0.022500000000000	0
2000		-nan	-nan	0.85200	0.36078	0.000150000000000	1.000000000000000	0.033750000000000	0
2500		-nan	-nan	0.80200	0.35222	0.000150000000000	1.000000000000000	0.050625000000000	0
3000		-nan	-nan	0.64400	0.34085	0.000150000000000	1.000000000000000	0.075937500000000	0
3500		-nan	-nan	0.51200	0.33330	0.000150000000000	1.000000000000000	0.113906250000000	0
4000		-nan	-nan	0.36400	0.32834	0.000150000000000	1.000000000000000	0.170859375000000	0
4500		-nan	-nan	0.36500	0.32545	0.000150000000000	1.000000000000000	0.170859375000000	0
5000		-nan	-nan	0.39000	0.32336	0.000150000000000	1.000000000000000	0.170859375000000	0
5500		-nan	-nan	0.38700	0.32133	0.000150000000000	1.000000000000000	0.170859375000000	0
6000		-nan	-nan	0.39160	0.31935	0.000150000000000	1.000000000000000	0.170859375000000	0
6500		-nan	-nan	0.39367	0.31858	0.000150000000000	1.000000000000000	0.170859375000000	0
7000		-nan	-nan	0.39143	0.31775	0.000150000000000	1.000000000000000	0.170859375000000	0
7500		-nan	-nan	0.39950	0.31753	0.000150000000000	1.000000000000000	0.170859375000000	0
8000		-nan	-nan	0.40133	0.31626	0.000150000000000	1.000000000000000	0.170859375000000	0
8500		-nan	-nan	0.39940	0.31405	0.000150000000000	1.000000000000000	0.170859375000000	0
9000		-nan	-nan	0.39782	0.31231	0.000150000000000	1.000000000000000	0.170859375000000	0
9500		-nan	-nan	0.39600	0.31219	0.000150000000000	1.000000000000000	0.170859375000000	0
10000		-nan	-nan	0.39492	0.31172	0.000150000000000	1.000000000000000	0.170859375000000	0
10500		-nan	-nan	0.39357	0.31074	0.000150000000000	1.000000000000000	0.170859375000000	0
11000		-nan	-nan	0.39227	0.30955	0.000150000000000	1.000000000000000	0.170859375000000	0
11500		-nan	-nan	0.39213	0.30916	0.000150000000000	1.000000000000000	0.170859375000000	0
12000		-nan	-nan	0.39247	0.30915	0.000150000000000	1.000000000000000	0.170859375000000	0
12500		-nan	-nan	0.39322	0.30849	0.000150000000000	1.000000000000000	0.170859375000000	0
13000		-nan	-nan	0.39063	0.30809	0.000150000000000	1.000000000000000	0.170859375000000	0
13500		-nan	-nan	0.38790	0.30733	0.000150000000000	1.000000000000000	0.170859375000000	0
14000		-nan	-nan	0.38733	0.30696	0.000150000000000	1.000000000000000	0.170859375000000	0
14500		-nan	-nan	0.38936	0.30710	0.000150000000000	1.000000000000000	0.170859375000000	0
15000		-nan	-nan	0.39096	0.30744	0.000150000000000	1.000000000000000	0.170859375000000	0
15500		-nan	-nan	0.39333	0.30761	0.000150000000000	1.000000000000000	0.170859375000000	0
16000		-nan	-nan	0.39328	0.30787	0.000150000000000	1.000000000000000	0.170859375000000	0
16500		-nan	-nan	0.39223	0.30749	0.000150000000000	1.000000000000000	0.170859375000000	0
17000		-nan	-nan	0.39304	0.30749	0.000150000000000	1.000000000000000	0.170859375000000	0
17500		-nan	-nan	0.39186	0.30720	0.000150000000000	1.000000000000000	0.170859375000000	0
18000		-nan	-nan	0.39193	0.30684	0.000150000000000	1.000000000000000	0.170859375000000	0
18500		-nan	-nan	0.39260	0.30678	0.000150000000000	1.000000000000000	0.170859375000000	0
19000		-nan	-nan	0.39406	0.30676	0.000150000000000	1.000000000000000	0.170859375000000	0
19500		-nan	-nan	0.39275	0.30653	0.000150000000000	1.000000000000000	0.170859375000000	0
20000		-nan	-nan	0.39261	0.30641	0.000150000000000	1.000000000000000	0.170859375000000	0
20500		-nan	-nan	0.39188	0.30623	0.000150000000000	1.000000000000000	0.170859375000000	0
21000		-nan	-nan	0.39257	0.30660	0.000150000000000	1.000000000000000	0.170859375000000	0
21500		-nan	-nan	0.39461	0.30670	0.000150000000000	1.000000000000000	0.170859375000000	0
22000		-nan	-nan	0.39578	0.30713	0.000150000000000	1.000000000000000	0.170859375000000	0
22500		-nan	-nan	0.39605	0.30703	0.000150000000000	1.000000000000000	0.170859375000000	0
23000		-nan	-nan	0.39559	0.30673	0.000150000000000	1.000000000000000	0.170859375000000	0
23500		-nan	-nan	0.39485	0.30647	0.000150000000000	1.000000000000000	0.170859375000000	0
24000		-nan	-nan	0.39468	0.30653	0.000150000000000	1.000000000000000	0.170859375000000	0
24500		-nan	-nan	0.39624	0.30637	0.000150000000000	1.000000000000000	0.170859375000000	0
25000		-nan	-nan	0.39674	0.30642	0.000150000000000	1.000000000000000	0.170859375000000	0
25500		-nan	-nan	0.39695	0.30619	0.000150000000000	1.000000000000000	0.170859375000000	0
26000		-nan	-nan	0.39671	0.30604	0.000150000000000	1.000000000000000	0.170859375000000	0
26500		-nan	-nan	0.39709	0.30615	0.000150000000000	1.000000000000000	0.170859375000000	0
27000		-nan	-nan	0.39749	0.30603	0.000150000000000	1.000000000000000	0.170859375000000	0
27500		-nan	-nan	0.39737	0.30571	0.000150000000000	1.000000000000000	0.170859375000000	0
28000		-nan	-nan	0.39690	0.30563	0.000150000000000	1.000000000000000	0.170859375000000	0
28500		-nan	-nan	0.39560	0.30526	0.000150000000000	1.000000000000000	0.170859375000000	0
29000		-nan	-nan	0.39478	0.30505	0.000150000000000	1.000000000000000	0.170859375000000	0
29500		-nan	-nan	0.39523	0.30490	0.000150000000000	1.000000000000000	0.170859375000000	0
30000		-nan	-nan	0.39491	0.30481	0.000150000000000	1.000000000000000	0.170859375000000	0
30500		-nan	-nan	0.39500	0.30480	0.000150000000000	1.000000000000000	0.170859375000000	0
31000		-nan	-nan	0.39513	0.30459	0.000150000000000	1.000000000000000	0.170859375000000	0
31500		-nan	-nan	0.39457	0.30441	0.000150000000000	1.000000000000000	0.170859375000000	0
32000		-nan	-nan	0.39516	0.30437	0.000150000000000	1.000000000000000	0.170859375000000	0
32500		-nan	-nan	0.39517	0.30445	0.000150000000000	1.000000000000000	0.170859375000000	0
33000		-nan	-nan	0.39414	0.30447	0.000150000000000	1.000000000000000	0.170859375000000	0
33500		-nan	-nan	0.39380	0.30439	0.000150000000000	1.000000000000000	0.170859375000000	0
34000		-nan	-nan	0.39338	0.30441	0.000150000000000	1.000000000000000	0.170859375000000	0
34500		-nan	-nan	0.39319	0.30426	0.000150000000000	1.000000000000000	0.170859375000000	0
35000		-nan	-nan	0.39302	0.30407	0.000150000000000	1.000000000000000	0.170859375000000	0
35500		-nan	-nan	0.39253	0.30381	0.000150000000000	1.000000000000000	0.170859375000000	0
36000		-nan	-nan	0.39265	0.30375	0.000150000000000	1.000000000000000	0.170859375000000	0
36500		-nan	-nan	0.39221	0.30346	0.000150000000000	1.000000000000000	0.170859375000000	0
37000		-nan	-nan	0.39176	0.30329	0.000150000000000	1.000000000000000	0.170859375000000	0
37500		-nan	-nan	0.39235	0.30348	0.000150000000000	1.000000000000000	0.170859375000000	0
38000		-nan	-nan	0.39281	0.30352	0.000150000000000	1.000000000000000	0.170859375000000	0
38500		-nan	-nan	0.39240	0.30320	0.000150000000000	1.000000000000000	0.170859375000000	0
39000		-nan	-nan	0.39208	0.30306	0.000150000000000	1.000000000000000	0.170859375000000	0
39500		-nan	-nan	0.39139	0.30285	0.000150000000000	1.000000000000000	0.170859375000000	0
40000		-nan	-nan	0.39107	0.30268	0.000150000000000	1.000000000000000	0.170859375000000	0
40500		-nan	-nan	0.39065	0.30248	0.000150000000000	1.000000000000000	0.170859375000000	0
41000		-nan	-nan	0.38976	0.30223	0.000150000000000	1.000000000000000	0.170859375000000	0
41500		-nan	-nan	0.38958	0.30211	0.000150000000000	1.000000000000000	0.170859375000000	0
42000		-nan	-nan	0.38958	0.30219	0.000150000000000	1.000000000000000	0.170859375000000	0
42500		-nan	-nan	0.38928	0.30225	0.000150000000000	1.000000000000000	0.170859375000000	0
43000		-nan	-nan	0.38937	0.30226	0.000150000000000	1.000000000000000	0.170859375000000	0
43500		-nan	-nan	0.38938	0.30212	0.000150000000000	1.000000000000000	0.170859375000000	0
44000		-nan	-nan	0.38911	0.30200	0.000150000000000	1.000000000000000	0.170859375000000	0
44500		-nan	-nan	0.38932	0.30186	0.000150000000000	1.000000000000000	0.170859375000000	0
45000		-nan	-nan	0.38930	0.30187	0.000150000000000	1.000000000000000	0.170859375000000	0
45500		-nan	-nan	0.38962	0.30182	0.000150000000000	1.000000000000000	0.170859375000000	0
46000		-nan	-nan	0.38993	0.30205	0.000150000000000	1.000000000000000	0.170859375000000	0
46500		-nan	-nan	0.38991	0.30198	0.000150000000000	1.000000000000000	0.170859375000000	0
47000		-nan	-nan	0.38979	0.30188	0.000150000000000	1.000000000000000	0.170859375000000	0
47500		-nan	-nan	0.38970	0.30184	0.000150000000000	1.000000000000000	0.170859375000000	0
48000		-nan	-nan	0.38991	0.30190	0.000150000000000	1.000000000000000	0.170859375000000	0
48500		-nan	-nan	0.38944	0.30184	0.000150000000000	1.000000000000000	0.170859375000000	0
49000		-nan	-nan	0.38895	0.30163	0.000150000000000	1.000000000000000	0.170859375000000	0
49500		-nan	-nan	0.38935	0.30166	0.000150000000000	1.000000000000000	0.170859375000000	0
50000		-nan	-nan	0.38938	0.30176	0.000150000000000	1.000000000000000	0.170859375000000	0
50500		-nan	-nan	0.38957	0.30174	0.000150000000000	1.000000000000000	0.170859375000000	0
51000		-nan	-nan	0.38977	0.30176	0.000150000000000	1.000000000000000	0.170859375000000	0
51500		-nan	-nan	0.38985	0.30186	0.000150000000000	1.000000000000000	0.170859375000000	0
52000		-nan	-nan	0.38979	0.30193	0.000150000000000	1.000000000000000	0.170859375000000	0
52500		-nan	-nan	0.38984	0.30199	0.000150000000000	1.000000000000000	0.170859375000000	0
53000		-nan	-nan	0.39020	0.30202	0.000150000000000	1.000000000000000	0.170859375000000	0
53500		-nan	-nan	0.39006	0.30206	0.000150000000000	1.000000000000000	0.170859375000000	0
54000		-nan	-nan	0.39044	0.30216	0.000150000000000	1.000000000000000	0.170859375000000	0
54500		-nan	-nan	0.39031	0.30199	0.000150000000000	1.000000000000000	0.170859375000000	0
55000		-nan	-nan	0.39008	0.30191	0.000150000000000	1.000000000000000	0.170859375000000	0
55500		-nan	-nan	0.38971	0.30181	0.000150000000000	1.000000000000000	0.170859375000000	0
56000		-nan	-nan	0.38989	0.30163	0.000150000000000	1.000000000000000	0.170859375000000	0
56500		-nan	-nan	0.38985	0.30171	0.000150000000000	1.000000000000000	0.170859375000000	0
57000		-nan	-nan	0.39002	0.30181	0.000150000000000	1.000000000000000	0.170859375000000	0
57500		-nan	-nan	0.38989	0.30184	0.000150000000000	1.000000000000000	0.170859375000000	0
58000		-nan	-nan	0.38967	0.30177	0.000150000000000	1.000000000000000	0.170859375000000	0
58500		-nan	-nan	0.38971	0.30173	0.000150000000000	1.000000000000000	0.170859375000000	0
59000		-nan	-nan	0.38951	0.30162	0.000150000000000	1.000000000000000	0.170859375000000	0
59500		-nan	-nan	0.38914	0.30141	0.000150000000000	1.000000000000000	0.170859375000000	0
60000		-nan	-nan	0.38881	0.30128	0.000150000000000	1.000000000000000	0.170859375000000	0
60500		-nan	-nan	0.38870	0.30112	0.000150000000000	1.000000000000000	0.170859375000000	0
61000		-nan	-nan	0.38828	0.30093	0.000150000000000	1.000000000000000	0.170859375000000	0
61500		-nan	-nan	0.38852	0.30084	0.000150000000000	1.000000000000000	0.170859375000000	0
62000		-nan	-nan	0.38846	0.30063	0.000150000000000	1.000000000000000	0.170859375000000	0
62500		-nan	-nan	0.38800	0.30050	0.000150000000000	1.000000000000000	0.170859375000000	0
63000		-nan	-nan	0.38793	0.30039	0.000150000000000	1.000000000000000	0.170859375000000	0
63500		-nan	-nan	0.38783	0.30027	0.000150000000000	1.000000000000000	0.170859375000000	0
64000		-nan	-nan	0.38737	0.30017	0.000150000000000	1.000000000000000	0.170859375000000	0
64500		-nan	-nan	0.38733	0.30019	0.000150000000000	1.000000000000000	0.170859375000000	0
65000		-nan	-nan	0.38693	0.30016	0.000150000000000	1.000000000000000	0.170859375000000	0
65500		-nan	-nan	0.38700	0.30012	0.000150000000000	1.000000000000000	0.170859375000000	0
66000		-nan	-nan	0.38694	0.30018	0.000150000000000	1.000000000000000	0.170859375000000	0
66500		-nan	-nan	0.38697	0.30018	0.000150000000000	1.000000000000000	0.170859375000000	0
67000		-nan	-nan	0.38674	0.30012	0.000150000000000	1.000000000000000	0.170859375000000	0
67500		-nan	-nan	0.38677	0.30008	0.000150000000000	1.000000000000000	0.170859375000000	0
68000		-nan	-nan	0.38693	0.29997	0.000150000000000	1.000000000000000	0.170859375000000	0
68500		-nan	-nan	0.38705	0.29996	0.000150000000000	1.000000000000000	0.170859375000000	0
69000		-nan	-nan	0.38710	0.29984	0.000150000000000	1.000000000000000	0.170859375000000	0
69500		-nan	-nan	0.38692	0.29982	0.000150000000000	1.000000000000000	0.170859375000000	0
70000		-nan	-nan	0.38681	0.29991	0.000150000000000	1.000000000000000	0.170859375000000	0
70500		-nan	-nan	0.38688	0.29996	0.000150000000000	1.000000000000000	0.170859375000000	0
71000		-nan	-nan	0.38683	0.29992	0.000150000000000	1.000000000000000	0.170859375000000	0
71500		-nan	-nan	0.38709	0.29997	0.000150000000000	1.000000000000000	0.170859375000000	0
72000		-nan	-nan	0.38740	0.30000	0.000150000000000	1.000000000000000	0.170859375000000	0
72500		-nan	-nan	0.38745	0.30001	0.000150000000000	1.000000000000000	0.170859375000000	0
73000		-nan	-nan	0.38754	0.30001	0.000150000000000	1.000000000000000	0.170859375000000	0
73500		-nan	-nan	0.38769	0.29998	0.000150000000000	1.000000000000000	0.170859375000000	0
74000		-nan	-nan	0.38757	0.29998	0.000150000000000	1.000000000000000	0.170859375000000	0
74500		-nan	-nan	0.38762	0.29996	0.000150000000000	1.000000000000000	0.170859375000000	0
75000		-nan	-nan	0.38766	0.29997	0.000150000000000	1.000000000000000	0.170859375000000	0
75500		-nan	-nan	0.38769	0.29992	0.000150000000000	1.000000000000000	0.170859375000000	0
76000		-nan	-nan	0.38779	0.29989	0.000150000000000	1.000000000000000	0.170859375000000	0
76500		-nan	-nan	0.38768	0.29993	0.000150000000000	1.000000000000000	0.170859375000000	0
77000		-nan	-nan	0.38778	0.29999	0.000150000000000	1.000000000000000	0.170859375000000	0
77500		-nan	-nan	0.38785	0.30002	0.000150000000000	1.000000000000000	0.170859375000000	0
78000		-nan	-nan	0.38783	0.30005	0.000150000000000	1.000000000000000	0.170859375000000	0
78500		-nan	-nan	0.38785	0.30006	0.000150000000000	1.000000000000000	0.170859375000000	0
79000		-nan	-nan	0.38768	0.30005	0.000150000000000	1.000000000000000	0.170859375000000	0
79500		-nan	-nan	0.38764	0.30002	0.000150000000000	1.000000000000000	0.170859375000000	0
80000		-nan	-nan	0.38729	0.29995	0.000150000000000	1.000000000000000	0.170859375000000	0
80500		-nan	-nan	0.38721	0.29992	0.000150000000000	1.000000000000000	0.170859375000000	0
81000		-nan	-nan	0.38730	0.29989	0.000150000000000	1.000000000000000	0.170859375000000	0
81500		-nan	-nan	0.38690	0.29977	0.000150000000000	1.000000000000000	0.170859375000000	0
82000		-nan	-nan	0.38696	0.29977	0.000150000000000	1.000000000000000	0.170859375000000	0
82500		-nan	-nan	0.38685	0.29976	0.000150000000000	1.000000000000000	0.170859375000000	0
83000		-nan	-nan	0.38672	0.29966	0.000150000000000	1.000000000000000	0.170859375000000	0
83500		-nan	-nan	0.38648	0.29964	0.000150000000000	1.000000000000000	0.170859375000000	0
84000		-nan	-nan	0.38655	0.29967	0.000150000000000	1.000000000000000	0.170859375000000	0
84500		-nan	-nan	0.38658	0.29962	0.000150000000000	1.000000000000000	0.170859375000000	0
85000		-nan	-nan	0.38645	0.29959	0.000150000000000	1.000000000000000	0.170859375000000	0
85500		-nan	-nan	0.38629	0.29949	0.000150000000000	1.000000000000000	0.170859375000000	0
86000		-nan	-nan	0.38613	0.29949	0.000150000000000	1.000000000000000	0.170859375000000	0
86500		-nan	-nan	0.38617	0.29951	0.000150000000000	1.000000000000000	0.170859375000000	0
87000		-nan	-nan	0.38598	0.29951	0.000150000000000	1.000000000000000	0.170859375000000	0
87500		-nan	-nan	0.38589	0.29949	0.000150000000000	1.000000000000000	0.170859375000000	0
88000		-nan	-nan	0.38602	0.29950	0.000150000000000	1.000000000000000	0.170859375000000	0
88500		-nan	-nan	0.38589	0.29955	0.000150000000000	1.000000000000000	0.170859375000000	0
89000		-nan	-nan	0.38607	0.29952	0.000150000000000	1.000000000000000	0.170859375000000	0
89500		-nan	-nan	0.38666	0.29968	0.000150000000000	1.000000000000000	0.170859375000000	0
90000		-nan	-nan	0.38698	0.29977	0.000150000000000	1.000000000000000	0.170859375000000	0
90500		-nan	-nan	0.38718	0.29980	0.000150000000000	1.000000000000000	0.170859375000000	0
91000		-nan	-nan	0.38712	0.29982	0.000150000000000	1.000000000000000	0.170859375000000	0
91500		-nan	-nan	0.38733	0.29982	0.000150000000000	1.000000000000000	0.170859375000000	0
92000		-nan	-nan	0.38731	0.29985	0.000150000000000	1.000000000000000	0.170859375000000	0
92500		-nan	-nan	0.38724	0.29982	0.000150000000000	1.000000000000000	0.170859375000000	0
93000		-nan	-nan	0.38718	0.29976	0.000150000000000	1.000000000000000	0.170859375000000	0
93500		-nan	-nan	0.38708	0.29975	0.000150000000000	1.000000000000000	0.170859375000000	0
94000		-nan	-nan	0.38710	0.29974	0.000150000000000	1.000000000000000	0.170859375000000	0
94500		-nan	-nan	0.38709	0.29972	0.000150000000000	1.000000000000000	0.170859375000000	0
95000		-nan	-nan	0.38699	0.29966	0.000150000000000	1.000000000000000	0.170859375000000	0
95500		-nan	-nan	0.38666	0.29962	0.000150000000000	1.000000000000000	0.170859375000000	0
96000		-nan	-nan	0.38640	0.29962	0.000150000000000	1.000000000000000	0.170859375000000	0
96500		-nan	-nan	0.38628	0.29963	0.000150000000000	1.000000000000000	0.170859375000000	0
97000		-nan	-nan	0.38621	0.29961	0.000150000000000	1.000000000000000	0.170859375000000	0
97500		-nan	-nan	0.38630	0.29953	0.000150000000000	1.000000000000000	0.170859375000000	0
98000		-nan	-nan	0.38615	0.29945	0.000150000000000	1.000000000000000	0.170859375000000	0
98500		-nan	-nan	0.38633	0.29940	0.000150000000000	1.000000000000000	0.170859375000000	0
99000		-nan	-nan	0.38608	0.29938	0.000150000000000	1.000000000000000	0.170859375000000	0
99500		-nan	-nan	0.38622	0.29935	0.000150000000000	1.000000000000000	0.170859375000000	0
100000		-nan	-nan	0.38612	0.29934	0.000150000000000	1.000000000000000	0.170859375000000	0