step	post	like	prior	mu1	mu2	gamma	pi	Tinf_1	Tinf_2	Tinf_3	Tinf_4	Tinf_5	Tinf_6	Tinf_7	Tinf_8	Tinf_9	Tinf_10	Tinf_11	Tinf_12	Tinf_13	Tinf_14	Tinf_15	Tinf_16	Tinf_17	Tinf_18	Tinf_19	Tinf_20	Tinf_21	Tinf_22	Tinf_23	Tinf_24	Tinf_25	Tinf_26	Tinf_27	Tinf_28	Tinf_29	Tinf_30	Tinf_31	Tinf_32	Tinf_33	Tinf_34	Tinf_35	Tinf_36	Tinf_37	Tinf_38	Tinf_39	Tinf_40	Tinf_41	Tinf_42	Tinf_43	Tinf_44	Tinf_45	Tinf_46	Tinf_47	alpha_1	alpha_2	alpha_3	alpha_4	alpha_5	alpha_6	alpha_7	alpha_8	alpha_9	alpha_10	alpha_11	alpha_12	alpha_13	alpha_14	alpha_15	alpha_16	alpha_17	alpha_18	alpha_19	alpha_20	alpha_21	alpha_22	alpha_23	alpha_24	alpha_25	alpha_26	alpha_27	alpha_28	alpha_29	alpha_30	alpha_31	alpha_32	alpha_33	alpha_34	alpha_35	alpha_36	alpha_37	alpha_38	alpha_39	alpha_40	alpha_41	alpha_42	alpha_43	alpha_44	alpha_45	alpha_46	alpha_47	kappa_1	kappa_2	kappa_3	kappa_4	kappa_5	kappa_6	kappa_7	kappa_8	kappa_9	kappa_10	kappa_11	kappa_12	kappa_13	kappa_14	kappa_15	kappa_16	kappa_17	kappa_18	kappa_19	kappa_20	kappa_21	kappa_22	kappa_23	kappa_24	kappa_25	kappa_26	kappa_27	kappa_28	kappa_29	kappa_30	kappa_31	kappa_32	kappa_33	kappa_34	kappa_35	kappa_36	kappa_37	kappa_38	kappa_39	kappa_40	kappa_41	kappa_42	kappa_43	kappa_44	kappa_45	kappa_46	kappa_47
1	-nan	-nan	-nan	0.000000000000000	0.000000000000000	1.000000000000000	0.635734750666688	1	3	5	7	8	10	9	8	10	9	9	10	10	11	10	11	11	13	10	11	11	12	12	13	13	12	13	15	13	13	15	15	18	16	17	16	16	16	18	18	16	18	18	19	20	21	21	0	1	1	1	1	1	1	1	1	1	1	1	1	1	1	1	1	1	1	1	1	1	1	1	1	1	1	1	1	1	1	1	1	1	1	1	1	1	1	1	1	1	1	1	1	1	1	1	1	2	3	4	5	4	4	5	4	4	5	5	5	5	5	5	6	5	5	5	6	6	6	6	6	6	7	6	6	7	7	9	8	8	8	8	8	9	9	8	9	9	9	10	10	10
500	-nan	-nan	-nan	0.000000000000000	0.000000000000000	1.000000000000000	0.232914133542416	1	3	5	7	8	10	9	8	10	9	9	10	10	11	10	11	11	13	10	11	11	12	12	13	13	12	13	15	13	13	15	15	18	16	17	16	16	16	18	18	16	18	18	19	20	21	21	0	1	1	1	1	1	1	1	1	1	1	1	1	1	1	1	1	1	1	1	1	1	1	1	1	1	1	1	1	1	1	1	1	1	1	1	1	1	1	1	1	1	1	1	1	1	1	1	1	2	3	4	5	4	4	5	4	4	5	5	5	5	5	5	6	5	5	5	6	6	6	6	6	6	7	6	6	7	7	9	8	8	8	8	8	9	9	8	9	9	9	10	10	10
1000	-nan	-nan	-nan	0.000000000000000	0.000000000000000	1.000000000000000	0.166235463227414	1	3	5	7	8	10	9	8	10	9	9	10	10	11	10	11	11	13	10	11	11	12	12	13	13	12	13	15	13	13	15	15	18	16	17	16	16	16	18	18	16	18	18	19	20	21	21	0	1	1	1	1	1	1	1	1	1	1	1	1	1	1	1	1	1	1	1	1	1	1	1	1	1	1	1	1	1	1	1	1	1	1	1	1	1	1	1	1	1	1	1	1	1	1	1	1	2	3	4	5	4	4	5	4	4	5	5	5	5	5	5	6	5	5	5	6	6	6	6	6	6	7	6	6	7	7	9	8	8	8	8	8	9	9	8	9	9	9	10	10	10
1500	-nan	-nan	-nan	0.000000000000000	0.000000000000000	1.000000000000000	0.186039414293536	1	3	5	7	8	10	9	8	10	9	9	10	10	11	10	11	11	13	10	11	11	12	12	13	13	12	13	15	13	13	15	15	18	16	17	16	16	16	18	18	16	18	18	19	20	21	21	0	1	1	1	1	1	1	1	1	1	1	1	1	1	1	1	1	1	1	1	1	1	1	1	1	1	1	1	1	1	1	1	1	1	1	1	1	1	1	1	1	1	1	1	1	1	1	1	1	2	3	4	5	4	4	5	4	4	5	5	5	5	5	5	6	5	5	5	6	6	6	6	6	6	7	6	6	7	7	9	8	8	8	8	8	9	9	8	9	9	9	10	10	10
2000	-nan	-nan	-nan	0.000000000000000	0.000000000000000	1.000000000000000	0.170968388222640	1	3	5	7	8	10	9	8	10	9	9	10	10	11	10	11	11	13	10	11	11	12	12	13	13	12	13	15	13	13	15	15	18	16	17	16	16	16	18	18	16	18	18	19	20	21	21	0	1	1	1	1	1	1	1	1	1	1	1	1	1	1	1	1	1	1	1	1	1	1	1	1	1	1	1	1	1	1	1	1	1	1	1	1	1	1	1	1	1	1	1	1	1	1	1	1	2	3	4	5	4	4	5	4	4	5	5	5	5	5	5	6	5	5	5	6	6	6	6	6	6	7	6	6	7	7	9	8	8	8	8	8	9	9	8	9	9	9	10	10	10
2500	-nan	-nan	-nan	0.000000000000000	0.000000000000000	1.000000000000000	0.140464434684981	1	3	5	7	8	10	9	8	10	9	9	10	10	11	10	11	11	13	10	11	11	12	12	13	13	12	13	15	13	13	15	15	18	16	17	16	16	16	18	18	16	18	18	19	20	21	21	0	1	1	1	1	1	1	1	1	1	1	1	1	1	1	1	1	1	1	1	1	1	1	1	1	1	1	1	1	1	1	1	1	1	1	1	1	1	1	1	1	1	1	1	1	1	1	1	1	2	3	4	5	4	4	5	4	4	5	5	5	5	5	5	6	5	5	5	6	6	6	6	6	6	7	6	6	7	7	9	8	8	8	8	8	9	9	8	9	9	9	10	10	10
3000	-nan	-nan	-nan	0.000000000000000	0.000000000000000	1.000000000000000	0.165796783762502	1	3	5	7	8	10	9	8	10	9	9	10	10	11	10	11	11	13	10	11	11	12	12	13	13	12	13	15	13	13	15	15	18	16	17	16	16	16	18	18	16	18	18	19	20	21	21	0	1	1	1	1	1	1	1	1	1	1	1	1	1	1	1	1	1	1	1	1	1	1	1	1	1	1	1	1	1	1	1	1	1	1	1	1	1	1	1	1	1	1	1	1	1	1	1	1	2	3	4	5	4	4	5	4	4	5	5	5	5	5	5	6	5	5	5	6	6	6	6	6	6	7	6	6	7	7	9	8	8	8	8	8	9	9	8	9	9	9	10	10	10
3500	-nan	-nan	-nan	0.000000000000000	0.000000000000000	1.000000000000000	0.159406847878208	1	3	5	7	8	10	9	8	10	9	9	10	10	11	10	11	11	13	10	11	11	12	12	13	13	12	13	15	13	13	15	15	18	16	17	16	16	16	18	18	16	18	18	19	20	21	21	0	1	1	1	1	1	1	1	1	1	1	1	1	1	1	1	1	1	1	1	1	1	1	1	1	1	1	1	1	1	1	1	1	1	1	1	1	1	1	1	1	1	1	1	1	1	1	1	1	2	3	4	5	4	4	5	4	4	5	5	5	5	5	5	6	5	5	5	6	6	6	6	6	6	7	6	6	7	7	9	8	8	8	8	8	9	9	8	9	9	9	10	10	10
4000	-nan	-nan	-nan	0.000000000000000	0.000000000000000	1.000000000000000	0.191682210665508	1	3	5	7	8	10	9	8	10	9	9	10	10	11	10	11	11	13	10	11	11	12	12	13	13	12	13	15	13	13	15	15	18	16	17	16	16	16	18	18	16	18	18	19	20	21	21	0	1	1	1	1	1	1	1	1	1	1	1	1	1	1	1	1	1	1	1	1	1	1	1	1	1	1	1	1	1	1	1	1	1	1	1	1	1	1	1	1	1	1	1	1	1	1	1	1	2	3	4	5	4	4	5	4	4	5	5	5	5	5	5	6	5	5	5	6	6	6	6	6	6	7	6	6	7	7	9	8	8	8	8	8	9	9	8	9	9	9	10	10	10
4500	-nan	-nan	-nan	0.000000000000000	0.000000000000000	1.000000000000000	0.166497931183780	1	3	5	7	8	10	9	8	10	9	9	10	10	11	10	11	11	13	10	11	11	12	12	13	13	12	13	15	13	13	15	15	18	16	17	16	16	16	18	18	16	18	18	19	20	21	21	0	1	1	1	1	1	1	1	1	1	1	1	1	1	1	1	1	1	1	1	1	1	1	1	1	1	1	1	1	1	1	1	1	1	1	1	1	1	1	1	1	1	1	1	1	1	1	1	1	2	3	4	5	4	4	5	4	4	5	5	5	5	5	5	6	5	5	5	6	6	6	6	6	6	7	6	6	7	7	9	8	8	8	8	8	9	9	8	9	9	9	10	10	10
5000	-nan	-nan	-nan	0.000000000000000	0.000000000000000	1.000000000000000	0.197067838055972	1	3	5	7	8	10	9	8	10	9	9	10	10	11	10	11	11	13	10	11	11	12	12	13	13	12	13	15	13	13	15	15	18	16	17	16	16	16	18	18	16	18	18	19	20	21	21	0	1	1	1	1	1	1	1	1	1	1	1	1	1	1	1	1	1	1	1	1	1	1	1	1	1	1	1	1	1	1	1	1	1	1	1	1	1	1	1	1	1	1	1	1	1	1	1	1	2	3	4	5	4	4	5	4	4	5	5	5	5	5	5	6	5	5	5	6	6	6	6	6	6	7	6	6	7	7	9	8	8	8	8	8	9	9	8	9	9	9	10	10	10
5500	-nan	-nan	-nan	0.000000000000000	0.000000000000000	1.000000000000000	0.156102394622484	1	3	5	7	8	10	9	8	10	9	9	10	10	11	10	11	11	13	10	11	11	12	12	13	13	12	13	15	13	13	15	15	18	16	17	16	16	16	18	18	16	18	18	19	20	21	21	0	1	1	1	1	1	1	1	1	1	1	1	1	1	1	1	1	1	1	1	1	1	1	1	1	1	1	1	1	1	1	1	1	1	1	1	1	1	1	1	1	1	1	1	1	1	1	1	1	2	3	4	5	4	4	5	4	4	5	5	5	5	5	5	6	5	5	5	6	6	6	6	6	6	7	6	6	7	7	9	8	8	8	8	8	9	9	8	9	9	9	10	10	10
6000	-nan	-nan	-nan	0.000000000000000	0.000000000000000	1.000000000000000	0.086826449327967	1	3	5	7	8	10	9	8	10	9	9	10	10	11	10	11	11	13	10	11	11	12	12	13	13	12	13	15	13	13	15	15	18	16	17	16	16	16	18	18	16	18	18	19	20	21	21	0	1	1	1	1	1	1	1	1	1	1	1	1	1	1	1	1	1	1	1	1	1	1	1	1	1	1	1	1	1	1	1	1	1	1	1	1	1	1	1	1	1	1	1	1	1	1	1	1	2	3	4	5	4	4	5	4	4	5	5	5	5	5	5	6	5	5	5	6	6	6	6	6	6	7	6	6	7	7	9	8	8	8	8	8	9	9	8	9	9	9	10	10	10
6500	-nan	-nan	-nan	0.000000000000000	0.000000000000000	1.000000000000000	0.211613866271440	1	3	5	7	8	10	9	8	10	9	9	10	10	11	10	11	11	13	10	11	11	12	12	13	13	12	13	15	13	13	15	15	18	16	17	16	16	16	18	18	16	18	18	19	20	21	21	0	1	1	1	1	1	1	1	1	1	1	1	1	1	1	1	1	1	1	1	1	1	1	1	1	1	1	1	1	1	1	1	1	1	1	1	1	1	1	1	1	1	1	1	1	1	1	1	1	2	3	4	5	4	4	5	4	4	5	5	5	5	5	5	6	5	5	5	6	6	6	6	6	6	7	6	6	7	7	9	8	8	8	8	8	9	9	8	9	9	9	10	10	10
7000	-nan	-nan	-nan	0.000000000000000	0.000000000000000	1.000000000000000	0.189727316633867	1	3	5	7	8	10	9	8	10	9	9	10	10	11	10	11	11	13	10	11	11	12	12	13	13	12	13	15	13	13	15	15	18	16	17	16	16	16	18	18	16	18	18	19	20	21	21	0	1	1	1	1	1	1	1	1	1	1	1	1	1	1	1	1	1	1	1	1	1	1	1	1	1	1	1	1	1	1	1	1	1	1	1	1	1	1	1	1	1	1	1	1	1	1	1	1	2	3	4	5	4	4	5	4	4	5	5	5	5	5	5	6	5	5	5	6	6	6	6	6	6	7	6	6	7	7	9	8	8	8	8	8	9	9	8	9	9	9	10	10	10
7500	-nan	-nan	-nan	0.000000000000000	0.000000000000000	1.000000000000000	0.118146041697693	1	3	5	7	8	10	9	8	10	9	9	10	10	11	10	11	11	13	10	11	11	12	12	13	13	12	13	15	13	13	15	15	18	16	17	16	16	16	18	18	16	18	18	19	20	21	21	0	1	1	1	1	1	1	1	1	1	1	1	1	1	1	1	1	1	1	1	1	1	1	1	1	1	1	1	1	1	1	1	1	1	1	1	1	1	1	1	1	1	1	1	1	1	1	1	1	2	3	4	5	4	4	5	4	4	5	5	5	5	5	5	6	5	5	5	6	6	6	6	6	6	7	6	6	7	7	9	8	8	8	8	8	9	9	8	9	9	9	10	10	10
8000	-nan	-nan	-nan	0.000000000000000	0.000000000000000	1.000000000000000	0.151451386800591	1	3	5	7	8	10	9	8	10	9	9	10	10	11	10	11	11	13	10	11	11	12	12	13	13	12	13	15	13	13	15	15	18	16	17	16	16	16	18	18	16	18	18	19	20	21	21	0	1	1	1	1	1	1	1	1	1	1	1	1	1	1	1	1	1	1	1	1	1	1	1	1	1	1	1	1	1	1	1	1	1	1	1	1	1	1	1	1	1	1	1	1	1	1	1	1	2	3	4	5	4	4	5	4	4	5	5	5	5	5	5	6	5	5	5	6	6	6	6	6	6	7	6	6	7	7	9	8	8	8	8	8	9	9	8	9	9	9	10	10	10
8500	-nan	-nan	-nan	0.000000000000000	0.000000000000000	1.000000000000000	0.169339540879073	1	3	5	7	8	10	9	8	10	9	9	10	10	11	10	11	11	13	10	11	11	12	12	13	13	12	13	15	13	13	15	15	18	16	17	16	16	16	18	18	16	18	18	19	20	21	21	0	1	1	1	1	1	1	1	1	1	1	1	1	1	1	1	1	1	1	1	1	1	1	1	1	1	1	1	1	1	1	1	1	1	1	1	1	1	1	1	1	1	1	1	1	1	1	1	1	2	3	4	5	4	4	5	4	4	5	5	5	5	5	5	6	5	5	5	6	6	6	6	6	6	7	6	6	7	7	9	8	8	8	8	8	9	9	8	9	9	9	10	10	10
9000	-nan	-nan	-nan	0.000000000000000	0.000000000000000	1.000000000000000	0.187017064331706	1	3	5	7	8	10	9	8	10	9	9	10	10	11	10	11	11	13	10	11	11	12	12	13	13	12	13	15	13	13	15	15	18	16	17	16	16	16	18	18	16	18	18	19	20	21	21	0	1	1	1	1	1	1	1	1	1	1	1	1	1	1	1	1	1	1	1	1	1	1	1	1	1	1	1	1	1	1	1	1	1	1	1	1	1	1	1	1	1	1	1	1	1	1	1	1	2	3	4	5	4	4	5	4	4	5	5	5	5	5	5	6	5	5	5	6	6	6	6	6	6	7	6	6	7	7	9	8	8	8	8	8	9	9	8	9	9	9	10	10	10
9500	-nan	-nan	-nan	0.000000000000000	0.000000000000000	1.000000000000000	0.148908517528212	1	3	5	7	8	10	9	8	10	9	9	10	10	11	10	11	11	13	10	11	11	12	12	13	13	12	13	15	13	13	15	15	18	16	17	16	16	16	18	18	16	18	18	19	20	21	21	0	1	1	1	1	1	1	1	1	1	1	1	1	1	1	1	1	1	1	1	1	1	1	1	1	1	1	1	1	1	1	1	1	1	1	1	1	1	1	1	1	1	1	1	1	1	1	1	1	2	3	4	5	4	4	5	4	4	5	5	5	5	5	5	6	5	5	5	6	6	6	6	6	6	7	6	6	7	7	9	8	8	8	8	8	9	9	8	9	9	9	10	10	10
10000	-nan	-nan	-nan	0.000000000000000	0.000000000000000	1.000000000000000	0.199743640750360	1	3	5	7	8	10	9	8	10	9	9	10	10	11	10	11	11	13	10	11	11	12	12	13	13	12	13	15	13	13	15	15	18	16	17	16	16	16	18	18	16	18	18	19	20	21	21	0	1	1	1	1	1	1	1	1	1	1	1	1	1	1	1	1	1	1	1	1	1	1	1	1	1	1	1	1	1	1	1	1	1	1	1	1	1	1	1	1	1	1	1	1	1	1	1	1	2	3	4	5	4	4	5	4	4	5	5	5	5	5	5	6	5	5	5	6	6	6	6	6	6	7	6	6	7	7	9	8	8	8	8	8	9	9	8	9	9	9	10	10	10
10500	-nan	-nan	-nan	0.000000000000000	0.000000000000000	1.000000000000000	0.189928696177399	1	3	5	7	8	10	9	8	10	9	9	10	10	11	10	11	11	13	10	11	11	12	12	13	13	12	13	15	13	13	15	15	18	16	17	16	16	16	18	18	16	18	18	19	20	21	21	0	1	1	1	1	1	1	1	1	1	1	1	1	1	1	1	1	1	1	1	1	1	1	1	1	1	1	1	1	1	1	1	1	1	1	1	1	1	1	1	1	1	1	1	1	1	1	1	1	2	3	4	5	4	4	5	4	4	5	5	5	5	5	5	6	5	5	5	6	6	6	6	6	6	7	6	6	7	7	9	8	8	8	8	8	9	9	8	9	9	9	10	10	10
11000	-nan	-nan	-nan	0.000000000000000	0.000000000000000	1.000000000000000	0.151066978383716	1	3	5	7	8	10	9	8	10	9	9	10	10	11	10	11	11	13	10	11	11	12	12	13	13	12	13	15	13	13	15	15	18	16	17	16	16	16	18	18	16	18	18	19	20	21	21	0	1	1	1	1	1	1	1	1	1	1	1	1	1	1	1	1	1	1	1	1	1	1	1	1	1	1	1	1	1	1	1	1	1	1	1	1	1	1	1	1	1	1	1	1	1	1	1	1	2	3	4	5	4	4	5	4	4	5	5	5	5	5	5	6	5	5	5	6	6	6	6	6	6	7	6	6	7	7	9	8	8	8	8	8	9	9	8	9	9	9	10	10	10
11500	-nan	-nan	-nan	0.000000000000000	0.000000000000000	1.000000000000000	0.117408266746398	1	3	5	7	8	10	9	8	10	9	9	10	10	11	10	11	11	13	10	11	11	12	12	13	13	12	13	15	13	13	15	15	18	16	17	16	16	16	18	18	16	18	18	19	20	21	21	0	1	1	1	1	1	1	1	1	1	1	1	1	1	1	1	1	1	1	1	1	1	1	1	1	1	1	1	1	1	1	1	1	1	1	1	1	1	1	1	1	1	1	1	1	1	1	1	1	2	3	4	5	4	4	5	4	4	5	5	5	5	5	5	6	5	5	5	6	6	6	6	6	6	7	6	6	7	7	9	8	8	8	8	8	9	9	8	9	9	9	10	10	10
12000	-nan	-nan	-nan	0.000000000000000	0.000000000000000	1.000000000000000	0.211718466396042	1	3	5	7	8	10	9	8	10	9	9	10	10	11	10	11	11	13	10	11	11	12	12	13	13	12	13	15	13	13	15	15	18	16	17	16	16	16	18	18	16	18	18	19	20	21	21	0	1	1	1	1	1	1	1	1	1	1	1	1	1	1	1	1	1	1	1	1	1	1	1	1	1	1	1	1	1	1	1	1	1	1	1	1	1	1	1	1	1	1	1	1	1	1	1	1	2	3	4	5	4	4	5	4	4	5	5	5	5	5	5	6	5	5	5	6	6	6	6	6	6	7	6	6	7	7	9	8	8	8	8	8	9	9	8	9	9	9	10	10	10
12500	-nan	-nan	-nan	0.000000000000000	0.000000000000000	1.000000000000000	0.162122891645511	1	3	5	7	8	10	9	8	10	9	9	10	10	11	10	11	11	13	10	11	11	12	12	13	13	12	13	15	13	13	15	15	18	16	17	16	16	16	18	18	16	18	18	19	20	21	21	0	1	1	1	1	1	1	1	1	1	1	1	1	1	1	1	1	1	1	1	1	1	1	1	1	1	1	1	1	1	1	1	1	1	1	1	1	1	1	1	1	1	1	1	1	1	1	1	1	2	3	4	5	4	4	5	4	4	5	5	5	5	5	5	6	5	5	5	6	6	6	6	6	6	7	6	6	7	7	9	8	8	8	8	8	9	9	8	9	9	9	10	10	10
13000	-nan	-nan	-nan	0.000000000000000	0.000000000000000	1.000000000000000	0.173825914045263	1	3	5	7	8	10	9	8	10	9	9	10	10	11	10	11	11	13	10	11	11	12	12	13	13	12	13	15	13	13	15	15	18	16	17	16	16	16	18	18	16	18	18	19	20	21	21	0	1	1	1	1	1	1	1	1	1	1	1	1	1	1	1	1	1	1	1	1	1	1	1	1	1	1	1	1	1	1	1	1	1	1	1	1	1	1	1	1	1	1	1	1	1	1	1	1	2	3	4	5	4	4	5	4	4	5	5	5	5	5	5	6	5	5	5	6	6	6	6	6	6	7	6	6	7	7	9	8	8	8	8	8	9	9	8	9	9	9	10	10	10
13500	-nan	-nan	-nan	0.000000000000000	0.000000000000000	1.000000000000000	0.173720796721204	1	3	5	7	8	10	9	8	10	9	9	10	10	11	10	11	11	13	10	11	11	12	12	13	13	12	13	15	13	13	15	15	18	16	17	16	16	16	18	18	16	18	18	19	20	21	21	0	1	1	1	1	1	1	1	1	1	1	1	1	1	1	1	1	1	1	1	1	1	1	1	1	1	1	1	1	1	1	1	1	1	1	1	1	1	1	1	1	1	1	1	1	1	1	1	1	2	3	4	5	4	4	5	4	4	5	5	5	5	5	5	6	5	5	5	6	6	6	6	6	6	7	6	6	7	7	9	8	8	8	8	8	9	9	8	9	9	9	10	10	10
14000	-nan	-nan	-nan	0.000000000000000	0.000000000000000	1.000000000000000	0.139427166816386	1	3	5	7	8	10	9	8	10	9	9	10	10	11	10	11	11	13	10	11	11	12	12	13	13	12	13	15	13	13	15	15	18	16	17	16	16	16	18	18	16	18	18	19	20	21	21	0	1	1	1	1	1	1	1	1	1	1	1	1	1	1	1	1	1	1	1	1	1	1	1	1	1	1	1	1	1	1	1	1	1	1	1	1	1	1	1	1	1	1	1	1	1	1	1	1	2	3	4	5	4	4	5	4	4	5	5	5	5	5	5	6	5	5	5	6	6	6	6	6	6	7	6	6	7	7	9	8	8	8	8	8	9	9	8	9	9	9	10	10	10
14500	-nan	-nan	-nan	0.000000000000000	0.000000000000000	1.000000000000000	0.147119657991970	1	3	5	7	8	10	9	8	10	9	9	10	10	11	10	11	11	13	10	11	11	12	12	13	13	12	13	15	13	13	15	15	18	16	17	16	16	16	18	18	16	18	18	19	20	21	21	0	1	1	1	1	1	1	1	1	1	1	1	1	1	1	1	1	1	1	1	1	1	1	1	1	1	1	1	1	1	1	1	1	1	1	1	1	1	1	1	1	1	1	1	1	1	1	1	1	2	3	4	5	4	4	5	4	4	5	5	5	5	5	5	6	5	5	5	6	6	6	6	6	6	7	6	6	7	7	9	8	8	8	8	8	9	9	8	9	9	9	10	10	10
15000	-nan	-nan	-nan	0.000000000000000	0.000000000000000	1.000000000000000	0.143177510327131	1	3	5	7	8	10	9	8	10	9	9	10	10	11	10	11	11	13	10	11	11	12	12	13	13	12	13	15	13	13	15	15	18	16	17	16	16	16	18	18	16	18	18	19	20	21	21	0	1	1	1	1	1	1	1	1	1	1	1	1	1	1	1	1	1	1	1	1	1	1	1	1	1	1	1	1	1	1	1	1	1	1	1	1	1	1	1	1	1	1	1	1	1	1	1	1	2	3	4	5	4	4	5	4	4	5	5	5	5	5	5	6	5	5	5	6	6	6	6	6	6	7	6	6	7	7	9	8	8	8	8	8	9	9	8	9	9	9	10	10	10
15500	-nan	-nan	-nan	0.000000000000000	0.000000000000000	1.000000000000000	0.194286706223845	1	3	5	7	8	10	9	8	10	9	9	10	10	11	10	11	11	13	10	11	11	12	12	13	13	12	13	15	13	13	15	15	18	16	17	16	16	16	18	18	16	18	18	19	20	21	21	0	1	1	1	1	1	1	1	1	1	1	1	1	1	1	1	1	1	1	1	1	1	1	1	1	1	1	1	1	1	1	1	1	1	1	1	1	1	1	1	1	1	1	1	1	1	1	1	1	2	3	4	5	4	4	5	4	4	5	5	5	5	5	5	6	5	5	5	6	6	6	6	6	6	7	6	6	7	7	9	8	8	8	8	8	9	9	8	9	9	9	10	10	10
16000	-nan	-nan	-nan	0.000000000000000	0.000000000000000	1.000000000000000	0.195702953109517	1	3	5	7	8	10	9	8	10	9	9	10	10	11	10	11	11	13	10	11	11	12	12	13	13	12	13	15	13	13	15	15	18	16	17	16	16	16	18	18	16	18	18	19	20	21	21	0	1	1	1	1	1	1	1	1	1	1	1	1	1	1	1	1	1	1	1	1	1	1	1	1	1	1	1	1	1	1	1	1	1	1	1	1	1	1	1	1	1	1	1	1	1	1	1	1	2	3	4	5	4	4	5	4	4	5	5	5	5	5	5	6	5	5	5	6	6	6	6	6	6	7	6	6	7	7	9	8	8	8	8	8	9	9	8	9	9	9	10	10	10
16500	-nan	-nan	-nan	0.000000000000000	0.000000000000000	1.000000000000000	0.209010705666390	1	3	5	7	8	10	9	8	10	9	9	10	10	11	10	11	11	13	10	11	11	12	12	13	13	12	13	15	13	13	15	15	18	16	17	16	16	16	18	18	16	18	18	19	20	21	21	0	1	1	1	1	1	1	1	1	1	1	1	1	1	1	1	1	1	1	1	1	1	1	1	1	1	1	1	1	1	1	1	1	1	1	1	1	1	1	1	1	1	1	1	1	1	1	1	1	2	3	4	5	4	4	5	4	4	5	5	5	5	5	5	6	5	5	5	6	6	6	6	6	6	7	6	6	7	7	9	8	8	8	8	8	9	9	8	9	9	9	10	10	10
17000	-nan	-nan	-nan	0.000000000000000	0.000000000000000	1.000000000000000	0.161986946183169	1	3	5	7	8	10	9	8	10	9	9	10	10	11	10	11	11	13	10	11	11	12	12	13	13	12	13	15	13	13	15	15	18	16	17	16	16	16	18	18	16	18	18	19	20	21	21	0	1	1	1	1	1	1	1	1	1	1	1	1	1	1	1	1	1	1	1	1	1	1	1	1	1	1	1	1	1	1	1	1	1	1	1	1	1	1	1	1	1	1	1	1	1	1	1	1	2	3	4	5	4	4	5	4	4	5	5	5	5	5	5	6	5	5	5	6	6	6	6	6	6	7	6	6	7	7	9	8	8	8	8	8	9	9	8	9	9	9	10	10	10
17500	-nan	-nan	-nan	0.000000000000000	0.000000000000000	1.000000000000000	0.149884319249195	1	3	5	7	8	10	9	8	10	9	9	10	10	11	10	11	11	13	10	11	11	12	12	13	13	12	13	15	13	13	15	15	18	16	17	16	16	16	18	18	16	18	18	19	20	21	21	0	1	1	1	1	1	1	1	1	1	1	1	1	1	1	1	1	1	1	1	1	1	1	1	1	1	1	1	1	1	1	1	1	1	1	1	1	1	1	1	1	1	1	1	1	1	1	1	1	2	3	4	5	4	4	5	4	4	5	5	5	5	5	5	6	5	5	5	6	6	6	6	6	6	7	6	6	7	7	9	8	8	8	8	8	9	9	8	9	9	9	10	10	10
18000	-nan	-nan	-nan	0.000000000000000	0.000000000000000	1.000000000000000	0.111518350319849	1	3	5	7	8	10	9	8	10	9	9	10	10	11	10	11	11	13	10	11	11	12	12	13	13	12	13	15	13	13	15	15	18	16	17	16	16	16	18	18	16	18	18	19	20	21	21	0	1	1	1	1	1	1	1	1	1	1	1	1	1	1	1	1	1	1	1	1	1	1	1	1	1	1	1	1	1	1	1	1	1	1	1	1	1	1	1	1	1	1	1	1	1	1	1	1	2	3	4	5	4	4	5	4	4	5	5	5	5	5	5	6	5	5	5	6	6	6	6	6	6	7	6	6	7	7	9	8	8	8	8	8	9	9	8	9	9	9	10	10	10
18500	-nan	-nan	-nan	0.000000000000000	0.000000000000000	1.000000000000000	0.178756215967588	1	3	5	7	8	10	9	8	10	9	9	10	10	11	10	11	11	13	10	11	11	12	12	13	13	12	13	15	13	13	15	15	18	16	17	16	16	16	18	18	16	18	18	19	20	21	21	0	1	1	1	1	1	1	1	1	1	1	1	1	1	1	1	1	1	1	1	1	1	1	1	1	1	1	1	1	1	1	1	1	1	1	1	1	1	1	1	1	1	1	1	1	1	1	1	1	2	3	4	5	4	4	5	4	4	5	5	5	5	5	5	6	5	5	5	6	6	6	6	6	6	7	6	6	7	7	9	8	8	8	8	8	9	9	8	9	9	9	10	10	10
19000	-nan	-nan	-nan	0.000000000000000	0.000000000000000	1.000000000000000	0.159119830502248	1	3	5	7	8	10	9	8	10	9	9	10	10	11	10	11	11	13	10	11	11	12	12	13	13	12	13	15	13	13	15	15	18	16	17	16	16	16	18	18	16	18	18	19	20	21	21	0	1	1	1	1	1	1	1	1	1	1	1	1	1	1	1	1	1	1	1	1	1	1	1	1	1	1	1	1	1	1	1	1	1	1	1	1	1	1	1	1	1	1	1	1	1	1	1	1	2	3	4	5	4	4	5	4	4	5	5	5	5	5	5	6	5	5	5	6	6	6	6	6	6	7	6	6	7	7	9	8	8	8	8	8	9	9	8	9	9	9	10	10	10
19500	-nan	-nan	-nan	0.000000000000000	0.000000000000000	1.000000000000000	0.156067602509483	1	3	5	7	8	10	9	8	10	9	9	10	10	11	10	11	11	13	10	11	11	12	12	13	13	12	13	15	13	13	15	15	18	16	17	16	16	16	18	18	16	18	18	19	20	21	21	0	1	1	1	1	1	1	1	1	1	1	1	1	1	1	1	1	1	1	1	1	1	1	1	1	1	1	1	1	1	1	1	1	1	1	1	1	1	1	1	1	1	1	1	1	1	1	1	1	2	3	4	5	4	4	5	4	4	5	5	5	5	5	5	6	5	5	5	6	6	6	6	6	6	7	6	6	7	7	9	8	8	8	8	8	9	9	8	9	9	9	10	10	10
20000	-nan	-nan	-nan	0.000000000000000	0.000000000000000	1.000000000000000	0.204115114665520	1	3	5	7	8	10	9	8	10	9	9	10	10	11	10	11	11	13	10	11	11	12	12	13	13	12	13	15	13	13	15	15	18	16	17	16	16	16	18	18	16	18	18	19	20	21	21	0	1	1	1	1	1	1	1	1	1	1	1	1	1	1	1	1	1	1	1	1	1	1	1	1	1	1	1	1	1	1	1	1	1	1	1	1	1	1	1	1	1	1	1	1	1	1	1	1	2	3	4	5	4	4	5	4	4	5	5	5	5	5	5	6	5	5	5	6	6	6	6	6	6	7	6	6	7	7	9	8	8	8	8	8	9	9	8	9	9	9	10	10	10
20500	-nan	-nan	-nan	0.000000000000000	0.000000000000000	1.000000000000000	0.130060448913179	1	3	5	7	8	10	9	8	10	9	9	10	10	11	10	11	11	13	10	11	11	12	12	13	13	12	13	15	13	13	15	15	18	16	17	16	16	16	18	18	16	18	18	19	20	21	21	0	1	1	1	1	1	1	1	1	1	1	1	1	1	1	1	1	1	1	1	1	1	1	1	1	1	1	1	1	1	1	1	1	1	1	1	1	1	1	1	1	1	1	1	1	1	1	1	1	2	3	4	5	4	4	5	4	4	5	5	5	5	5	5	6	5	5	5	6	6	6	6	6	6	7	6	6	7	7	9	8	8	8	8	8	9	9	8	9	9	9	10	10	10
21000	-nan	-nan	-nan	0.000000000000000	0.000000000000000	1.000000000000000	0.178928942726503	1	3	5	7	8	10	9	8	10	9	9	10	10	11	10	11	11	13	10	11	11	12	12	13	13	12	13	15	13	13	15	15	18	16	17	16	16	16	18	18	16	18	18	19	20	21	21	0	1	1	1	1	1	1	1	1	1	1	1	1	1	1	1	1	1	1	1	1	1	1	1	1	1	1	1	1	1	1	1	1	1	1	1	1	1	1	1	1	1	1	1	1	1	1	1	1	2	3	4	5	4	4	5	4	4	5	5	5	5	5	5	6	5	5	5	6	6	6	6	6	6	7	6	6	7	7	9	8	8	8	8	8	9	9	8	9	9	9	10	10	10
21500	-nan	-nan	-nan	0.000000000000000	0.000000000000000	1.000000000000000	0.185692464376982	1	3	5	7	8	10	9	8	10	9	9	10	10	11	10	11	11	13	10	11	11	12	12	13	13	12	13	15	13	13	15	15	18	16	17	16	16	16	18	18	16	18	18	19	20	21	21	0	1	1	1	1	1	1	1	1	1	1	1	1	1	1	1	1	1	1	1	1	1	1	1	1	1	1	1	1	1	1	1	1	1	1	1	1	1	1	1	1	1	1	1	1	1	1	1	1	2	3	4	5	4	4	5	4	4	5	5	5	5	5	5	6	5	5	5	6	6	6	6	6	6	7	6	6	7	7	9	8	8	8	8	8	9	9	8	9	9	9	10	10	10
22000	-nan	-nan	-nan	0.000000000000000	0.000000000000000	1.000000000000000	0.143571265694787	1	3	5	7	8	10	9	8	10	9	9	10	10	11	10	11	11	13	10	11	11	12	12	13	13	12	13	15	13	13	15	15	18	16	17	16	16	16	18	18	16	18	18	19	20	21	21	0	1	1	1	1	1	1	1	1	1	1	1	1	1	1	1	1	1	1	1	1	1	1	1	1	1	1	1	1	1	1	1	1	1	1	1	1	1	1	1	1	1	1	1	1	1	1	1	1	2	3	4	5	4	4	5	4	4	5	5	5	5	5	5	6	5	5	5	6	6	6	6	6	6	7	6	6	7	7	9	8	8	8	8	8	9	9	8	9	9	9	10	10	10
22500	-nan	-nan	-nan	0.000000000000000	0.000000000000000	1.000000000000000	0.163731645951742	1	3	5	7	8	10	9	8	10	9	9	10	10	11	10	11	11	13	10	11	11	12	12	13	13	12	13	15	13	13	15	15	18	16	17	16	16	16	18	18	16	18	18	19	20	21	21	0	1	1	1	1	1	1	1	1	1	1	1	1	1	1	1	1	1	1	1	1	1	1	1	1	1	1	1	1	1	1	1	1	1	1	1	1	1	1	1	1	1	1	1	1	1	1	1	1	2	3	4	5	4	4	5	4	4	5	5	5	5	5	5	6	5	5	5	6	6	6	6	6	6	7	6	6	7	7	9	8	8	8	8	8	9	9	8	9	9	9	10	10	10
23000	-nan	-nan	-nan	0.000000000000000	0.000000000000000	1.000000000000000	0.186394699646843	1	3	5	7	8	10	9	8	10	9	9	10	10	11	10	11	11	13	10	11	11	12	12	13	13	12	13	15	13	13	15	15	18	16	17	16	16	16	18	18	16	18	18	19	20	21	21	0	1	1	1	1	1	1	1	1	1	1	1	1	1	1	1	1	1	1	1	1	1	1	1	1	1	1	1	1	1	1	1	1	1	1	1	1	1	1	1	1	1	1	1	1	1	1	1	1	2	3	4	5	4	4	5	4	4	5	5	5	5	5	5	6	5	5	5	6	6	6	6	6	6	7	6	6	7	7	9	8	8	8	8	8	9	9	8	9	9	9	10	10	10
23500	-nan	-nan	-nan	0.000000000000000	0.000000000000000	1.000000000000000	0.137250644767541	1	3	5	7	8	10	9	8	10	9	9	10	10	11	10	11	11	13	10	11	11	12	12	13	13	12	13	15	13	13	15	15	18	16	17	16	16	16	18	18	16	18	18	19	20	21	21	0	1	1	1	1	1	1	1	1	1	1	1	1	1	1	1	1	1	1	1	1	1	1	1	1	1	1	1	1	1	1	1	1	1	1	1	1	1	1	1	1	1	1	1	1	1	1	1	1	2	3	4	5	4	4	5	4	4	5	5	5	5	5	5	6	5	5	5	6	6	6	6	6	6	7	6	6	7	7	9	8	8	8	8	8	9	9	8	9	9	9	10	10	10
24000	-nan	-nan	-nan	0.000000000000000	0.000000000000000	1.000000000000000	0.165941385535378	1	3	5	7	8	10	9	8	10	9	9	10	10	11	10	11	11	13	10	11	11	12	12	13	13	12	13	15	13	13	15	15	18	16	17	16	16	16	18	18	16	18	18	19	20	21	21	0	1	1	1	1	1	1	1	1	1	1	1	1	1	1	1	1	1	1	1	1	1	1	1	1	1	1	1	1	1	1	1	1	1	1	1	1	1	1	1	1	1	1	1	1	1	1	1	1	2	3	4	5	4	4	5	4	4	5	5	5	5	5	5	6	5	5	5	6	6	6	6	6	6	7	6	6	7	7	9	8	8	8	8	8	9	9	8	9	9	9	10	10	10
24500	-nan	-nan	-nan	0.000000000000000	0.000000000000000	1.000000000000000	0.146720282193312	1	3	5	7	8	10	9	8	10	9	9	10	10	11	10	11	11	13	10	11	11	12	12	13	13	12	13	15	13	13	15	15	18	16	17	16	16	16	18	18	16	18	18	19	20	21	21	0	1	1	1	1	1	1	1	1	1	1	1	1	1	1	1	1	1	1	1	1	1	1	1	1	1	1	1	1	1	1	1	1	1	1	1	1	1	1	1	1	1	1	1	1	1	1	1	1	2	3	4	5	4	4	5	4	4	5	5	5	5	5	5	6	5	5	5	6	6	6	6	6	6	7	6	6	7	7	9	8	8	8	8	8	9	9	8	9	9	9	10	10	10
25000	-nan	-nan	-nan	0.000000000000000	0.000000000000000	1.000000000000000	0.160373989471045	1	3	5	7	8	10	9	8	10	9	9	10	10	11	10	11	11	13	10	11	11	12	12	13	13	12	13	15	13	13	15	15	18	16	17	16	16	16	18	18	16	18	18	19	20	21	21	0	1	1	1	1	1	1	1	1	1	1	1	1	1	1	1	1	1	1	1	1	1	1	1	1	1	1	1	1	1	1	1	1	1	1	1	1	1	1	1	1	1	1	1	1	1	1	1	1	2	3	4	5	4	4	5	4	4	5	5	5	5	5	5	6	5	5	5	6	6	6	6	6	6	7	6	6	7	7	9	8	8	8	8	8	9	9	8	9	9	9	10	10	10
25500	-nan	-nan	-nan	0.000000000000000	0.000000000000000	1.000000000000000	0.180523257568592	1	3	5	7	8	10	9	8	10	9	9	10	10	11	10	11	11	13	10	11	11	12	12	13	13	12	13	15	13	13	15	15	18	16	17	16	16	16	18	18	16	18	18	19	20	21	21	0	1	1	1	1	1	1	1	1	1	1	1	1	1	1	1	1	1	1	1	1	1	1	1	1	1	1	1	1	1	1	1	1	1	1	1	1	1	1	1	1	1	1	1	1	1	1	1	1	2	3	4	5	4	4	5	4	4	5	5	5	5	5	5	6	5	5	5	6	6	6	6	6	6	7	6	6	7	7	9	8	8	8	8	8	9	9	8	9	9	9	10	10	10
26000	-nan	-nan	-nan	0.000000000000000	0.000000000000000	1.000000000000000	0.182511291850332	1	3	5	7	8	10	9	8	10	9	9	10	10	11	10	11	11	13	10	11	11	12	12	13	13	12	13	15	13	13	15	15	18	16	17	16	16	16	18	18	16	18	18	19	20	21	21	0	1	1	1	1	1	1	1	1	1	1	1	1	1	1	1	1	1	1	1	1	1	1	1	1	1	1	1	1	1	1	1	1	1	1	1	1	1	1	1	1	1	1	1	1	1	1	1	1	2	3	4	5	4	4	5	4	4	5	5	5	5	5	5	6	5	5	5	6	6	6	6	6	6	7	6	6	7	7	9	8	8	8	8	8	9	9	8	9	9	9	10	10	10
26500	-nan	-nan	-nan	0.000000000000000	0.000000000000000	1.000000000000000	0.178239826608885	1	3	5	7	8	10	9	8	10	9	9	10	10	11	10	11	11	13	10	11	11	12	12	13	13	12	13	15	13	13	15	15	18	16	17	16	16	16	18	18	16	18	18	19	20	21	21	0	1	1	1	1	1	1	1	1	1	1	1	1	1	1	1	1	1	1	1	1	1	1	1	1	1	1	1	1	1	1	1	1	1	1	1	1	1	1	1	1	1	1	1	1	1	1	1	1	2	3	4	5	4	4	5	4	4	5	5	5	5	5	5	6	5	5	5	6	6	6	6	6	6	7	6	6	7	7	9	8	8	8	8	8	9	9	8	9	9	9	10	10	10
27000	-nan	-nan	-nan	0.000000000000000	0.000000000000000	1.000000000000000	0.176544950774203	1	3	5	7	8	10	9	8	10	9	9	10	10	11	10	11	11	13	10	11	11	12	12	13	13	12	13	15	13	13	15	15	18	16	17	16	16	16	18	18	16	18	18	19	20	21	21	0	1	1	1	1	1	1	1	1	1	1	1	1	1	1	1	1	1	1	1	1	1	1	1	1	1	1	1	1	1	1	1	1	1	1	1	1	1	1	1	1	1	1	1	1	1	1	1	1	2	3	4	5	4	4	5	4	4	5	5	5	5	5	5	6	5	5	5	6	6	6	6	6	6	7	6	6	7	7	9	8	8	8	8	8	9	9	8	9	9	9	10	10	10
27500	-nan	-nan	-nan	0.000000000000000	0.000000000000000	1.000000000000000	0.154166196848152	1	3	5	7	8	10	9	8	10	9	9	10	10	11	10	11	11	13	10	11	11	12	12	13	13	12	13	15	13	13	15	15	18	16	17	16	16	16	18	18	16	18	18	19	20	21	21	0	1	1	1	1	1	1	1	1	1	1	1	1	1	1	1	1	1	1	1	1	1	1	1	1	1	1	1	1	1	1	1	1	1	1	1	1	1	1	1	1	1	1	1	1	1	1	1	1	2	3	4	5	4	4	5	4	4	5	5	5	5	5	5	6	5	5	5	6	6	6	6	6	6	7	6	6	7	7	9	8	8	8	8	8	9	9	8	9	9	9	10	10	10
28000	-nan	-nan	-nan	0.000000000000000	0.000000000000000	1.000000000000000	0.173138126963743	1	3	5	7	8	10	9	8	10	9	9	10	10	11	10	11	11	13	10	11	11	12	12	13	13	12	13	15	13	13	15	15	18	16	17	16	16	16	18	18	16	18	18	19	20	21	21	0	1	1	1	1	1	1	1	1	1	1	1	1	1	1	1	1	1	1	1	1	1	1	1	1	1	1	1	1	1	1	1	1	1	1	1	1	1	1	1	1	1	1	1	1	1	1	1	1	2	3	4	5	4	4	5	4	4	5	5	5	5	5	5	6	5	5	5	6	6	6	6	6	6	7	6	6	7	7	9	8	8	8	8	8	9	9	8	9	9	9	10	10	10
28500	-nan	-nan	-nan	0.000000000000000	0.000000000000000	1.000000000000000	0.151783218603689	1	3	5	7	8	10	9	8	10	9	9	10	10	11	10	11	11	13	10	11	11	12	12	13	13	12	13	15	13	13	15	15	18	16	17	16	16	16	18	18	16	18	18	19	20	21	21	0	1	1	1	1	1	1	1	1	1	1	1	1	1	1	1	1	1	1	1	1	1	1	1	1	1	1	1	1	1	1	1	1	1	1	1	1	1	1	1	1	1	1	1	1	1	1	1	1	2	3	4	5	4	4	5	4	4	5	5	5	5	5	5	6	5	5	5	6	6	6	6	6	6	7	6	6	7	7	9	8	8	8	8	8	9	9	8	9	9	9	10	10	10
29000	-nan	-nan	-nan	0.000000000000000	0.000000000000000	1.000000000000000	0.137922948991704	1	3	5	7	8	10	9	8	10	9	9	10	10	11	10	11	11	13	10	11	11	12	12	13	13	12	13	15	13	13	15	15	18	16	17	16	16	16	18	18	16	18	18	19	20	21	21	0	1	1	1	1	1	1	1	1	1	1	1	1	1	1	1	1	1	1	1	1	1	1	1	1	1	1	1	1	1	1	1	1	1	1	1	1	1	1	1	1	1	1	1	1	1	1	1	1	2	3	4	5	4	4	5	4	4	5	5	5	5	5	5	6	5	5	5	6	6	6	6	6	6	7	6	6	7	7	9	8	8	8	8	8	9	9	8	9	9	9	10	10	10
29500	-nan	-nan	-nan	0.000000000000000	0.000000000000000	1.000000000000000	0.124405912187112	1	3	5	7	8	10	9	8	10	9	9	10	10	11	10	11	11	13	10	11	11	12	12	13	13	12	13	15	13	13	15	15	18	16	17	16	16	16	18	18	16	18	18	19	20	21	21	0	1	1	1	1	1	1	1	1	1	1	1	1	1	1	1	1	1	1	1	1	1	1	1	1	1	1	1	1	1	1	1	1	1	1	1	1	1	1	1	1	1	1	1	1	1	1	1	1	2	3	4	5	4	4	5	4	4	5	5	5	5	5	5	6	5	5	5	6	6	6	6	6	6	7	6	6	7	7	9	8	8	8	8	8	9	9	8	9	9	9	10	10	10
30000	-nan	-nan	-nan	0.000000000000000	0.000000000000000	1.000000000000000	0.158357822661573	1	3	5	7	8	10	9	8	10	9	9	10	10	11	10	11	11	13	10	11	11	12	12	13	13	12	13	15	13	13	15	15	18	16	17	16	16	16	18	18	16	18	18	19	20	21	21	0	1	1	1	1	1	1	1	1	1	1	1	1	1	1	1	1	1	1	1	1	1	1	1	1	1	1	1	1	1	1	1	1	1	1	1	1	1	1	1	1	1	1	1	1	1	1	1	1	2	3	4	5	4	4	5	4	4	5	5	5	5	5	5	6	5	5	5	6	6	6	6	6	6	7	6	6	7	7	9	8	8	8	8	8	9	9	8	9	9	9	10	10	10
30500	-nan	-nan	-nan	0.000000000000000	0.000000000000000	1.000000000000000	0.168792709851399	1	3	5	7	8	10	9	8	10	9	9	10	10	11	10	11	11	13	10	11	11	12	12	13	13	12	13	15	13	13	15	15	18	16	17	16	16	16	18	18	16	18	18	19	20	21	21	0	1	1	1	1	1	1	1	1	1	1	1	1	1	1	1	1	1	1	1	1	1	1	1	1	1	1	1	1	1	1	1	1	1	1	1	1	1	1	1	1	1	1	1	1	1	1	1	1	2	3	4	5	4	4	5	4	4	5	5	5	5	5	5	6	5	5	5	6	6	6	6	6	6	7	6	6	7	7	9	8	8	8	8	8	9	9	8	9	9	9	10	10	10
31000	-nan	-nan	-nan	0.000000000000000	0.000000000000000	1.000000000000000	0.166647523530391	1	3	5	7	8	10	9	8	10	9	9	10	10	11	10	11	11	13	10	11	11	12	12	13	13	12	13	15	13	13	15	15	18	16	17	16	16	16	18	18	16	18	18	19	20	21	21	0	1	1	1	1	1	1	1	1	1	1	1	1	1	1	1	1	1	1	1	1	1	1	1	1	1	1	1	1	1	1	1	1	1	1	1	1	1	1	1	1	1	1	1	1	1	1	1	1	2	3	4	5	4	4	5	4	4	5	5	5	5	5	5	6	5	5	5	6	6	6	6	6	6	7	6	6	7	7	9	8	8	8	8	8	9	9	8	9	9	9	10	10	10
31500	-nan	-nan	-nan	0.000000000000000	0.000000000000000	1.000000000000000	0.156469728300229	1	3	5	7	8	10	9	8	10	9	9	10	10	11	10	11	11	13	10	11	11	12	12	13	13	12	13	15	13	13	15	15	18	16	17	16	16	16	18	18	16	18	18	19	20	21	21	0	1	1	1	1	1	1	1	1	1	1	1	1	1	1	1	1	1	1	1	1	1	1	1	1	1	1	1	1	1	1	1	1	1	1	1	1	1	1	1	1	1	1	1	1	1	1	1	1	2	3	4	5	4	4	5	4	4	5	5	5	5	5	5	6	5	5	5	6	6	6	6	6	6	7	6	6	7	7	9	8	8	8	8	8	9	9	8	9	9	9	10	10	10
32000	-nan	-nan	-nan	0.000000000000000	0.000000000000000	1.000000000000000	0.157772911713027	1	3	5	7	8	10	9	8	10	9	9	10	10	11	10	11	11	13	10	11	11	12	12	13	13	12	13	15	13	13	15	15	18	16	17	16	16	16	18	18	16	18	18	19	20	21	21	0	1	1	1	1	1	1	1	1	1	1	1	1	1	1	1	1	1	1	1	1	1	1	1	1	1	1	1	1	1	1	1	1	1	1	1	1	1	1	1	1	1	1	1	1	1	1	1	1	2	3	4	5	4	4	5	4	4	5	5	5	5	5	5	6	5	5	5	6	6	6	6	6	6	7	6	6	7	7	9	8	8	8	8	8	9	9	8	9	9	9	10	10	10
32500	-nan	-nan	-nan	0.000000000000000	0.000000000000000	1.000000000000000	0.164348613094662	1	3	5	7	8	10	9	8	10	9	9	10	10	11	10	11	11	13	10	11	11	12	12	13	13	12	13	15	13	13	15	15	18	16	17	16	16	16	18	18	16	18	18	19	20	21	21	0	1	1	1	1	1	1	1	1	1	1	1	1	1	1	1	1	1	1	1	1	1	1	1	1	1	1	1	1	1	1	1	1	1	1	1	1	1	1	1	1	1	1	1	1	1	1	1	1	2	3	4	5	4	4	5	4	4	5	5	5	5	5	5	6	5	5	5	6	6	6	6	6	6	7	6	6	7	7	9	8	8	8	8	8	9	9	8	9	9	9	10	10	10
33000	-nan	-nan	-nan	0.000000000000000	0.000000000000000	1.000000000000000	0.159272307325782	1	3	5	7	8	10	9	8	10	9	9	10	10	11	10	11	11	13	10	11	11	12	12	13	13	12	13	15	13	13	15	15	18	16	17	16	16	16	18	18	16	18	18	19	20	21	21	0	1	1	1	1	1	1	1	1	1	1	1	1	1	1	1	1	1	1	1	1	1	1	1	1	1	1	1	1	1	1	1	1	1	1	1	1	1	1	1	1	1	1	1	1	1	1	1	1	2	3	4	5	4	4	5	4	4	5	5	5	5	5	5	6	5	5	5	6	6	6	6	6	6	7	6	6	7	7	9	8	8	8	8	8	9	9	8	9	9	9	10	10	10
33500	-nan	-nan	-nan	0.000000000000000	0.000000000000000	1.000000000000000	0.134584479209733	1	3	5	7	8	10	9	8	10	9	9	10	10	11	10	11	11	13	10	11	11	12	12	13	13	12	13	15	13	13	15	15	18	16	17	16	16	16	18	18	16	18	18	19	20	21	21	0	1	1	1	1	1	1	1	1	1	1	1	1	1	1	1	1	1	1	1	1	1	1	1	1	1	1	1	1	1	1	1	1	1	1	1	1	1	1	1	1	1	1	1	1	1	1	1	1	2	3	4	5	4	4	5	4	4	5	5	5	5	5	5	6	5	5	5	6	6	6	6	6	6	7	6	6	7	7	9	8	8	8	8	8	9	9	8	9	9	9	10	10	10
34000	-nan	-nan	-nan	0.000000000000000	0.000000000000000	1.000000000000000	0.164962262796825	1	3	5	7	8	10	9	8	10	9	9	10	10	11	10	11	11	13	10	11	11	12	12	13	13	12	13	15	13	13	15	15	18	16	17	16	16	16	18	18	16	18	18	19	20	21	21	0	1	1	1	1	1	1	1	1	1	1	1	1	1	1	1	1	1	1	1	1	1	1	1	1	1	1	1	1	1	1	1	1	1	1	1	1	1	1	1	1	1	1	1	1	1	1	1	1	2	3	4	5	4	4	5	4	4	5	5	5	5	5	5	6	5	5	5	6	6	6	6	6	6	7	6	6	7	7	9	8	8	8	8	8	9	9	8	9	9	9	10	10	10
34500	-nan	-nan	-nan	0.000000000000000	0.000000000000000	1.000000000000000	0.158750040164092	1	3	5	7	8	10	9	8	10	9	9	10	10	11	10	11	11	13	10	11	11	12	12	13	13	12	13	15	13	13	15	15	18	16	17	16	16	16	18	18	16	18	18	19	20	21	21	0	1	1	1	1	1	1	1	1	1	1	1	1	1	1	1	1	1	1	1	1	1	1	1	1	1	1	1	1	1	1	1	1	1	1	1	1	1	1	1	1	1	1	1	1	1	1	1	1	2	3	4	5	4	4	5	4	4	5	5	5	5	5	5	6	5	5	5	6	6	6	6	6	6	7	6	6	7	7	9	8	8	8	8	8	9	9	8	9	9	9	10	10	10
35000	-nan	-nan	-nan	0.000000000000000	0.000000000000000	1.000000000000000	0.182945838370066	1	3	5	7	8	10	9	8	10	9	9	10	10	11	10	11	11	13	10	11	11	12	12	13	13	12	13	15	13	13	15	15	18	16	17	16	16	16	18	18	16	18	18	19	20	21	21	0	1	1	1	1	1	1	1	1	1	1	1	1	1	1	1	1	1	1	1	1	1	1	1	1	1	1	1	1	1	1	1	1	1	1	1	1	1	1	1	1	1	1	1	1	1	1	1	1	2	3	4	5	4	4	5	4	4	5	5	5	5	5	5	6	5	5	5	6	6	6	6	6	6	7	6	6	7	7	9	8	8	8	8	8	9	9	8	9	9	9	10	10	10
35500	-nan	-nan	-nan	0.000000000000000	0.000000000000000	1.000000000000000	0.136818975062277	1	3	5	7	8	10	9	8	10	9	9	10	10	11	10	11	11	13	10	11	11	12	12	13	13	12	13	15	13	13	15	15	18	16	17	16	16	16	18	18	16	18	18	19	20	21	21	0	1	1	1	1	1	1	1	1	1	1	1	1	1	1	1	1	1	1	1	1	1	1	1	1	1	1	1	1	1	1	1	1	1	1	1	1	1	1	1	1	1	1	1	1	1	1	1	1	2	3	4	5	4	4	5	4	4	5	5	5	5	5	5	6	5	5	5	6	6	6	6	6	6	7	6	6	7	7	9	8	8	8	8	8	9	9	8	9	9	9	10	10	10
36000	-nan	-nan	-nan	0.000000000000000	0.000000000000000	1.000000000000000	0.204256190825183	1	3	5	7	8	10	9	8	10	9	9	10	10	11	10	11	11	13	10	11	11	12	12	13	13	12	13	15	13	13	15	15	18	16	17	16	16	16	18	18	16	18	18	19	20	21	21	0	1	1	1	1	1	1	1	1	1	1	1	1	1	1	1	1	1	1	1	1	1	1	1	1	1	1	1	1	1	1	1	1	1	1	1	1	1	1	1	1	1	1	1	1	1	1	1	1	2	3	4	5	4	4	5	4	4	5	5	5	5	5	5	6	5	5	5	6	6	6	6	6	6	7	6	6	7	7	9	8	8	8	8	8	9	9	8	9	9	9	10	10	10
36500	-nan	-nan	-nan	0.000000000000000	0.000000000000000	1.000000000000000	0.150171882013819	1	3	5	7	8	10	9	8	10	9	9	10	10	11	10	11	11	13	10	11	11	12	12	13	13	12	13	15	13	13	15	15	18	16	17	16	16	16	18	18	16	18	18	19	20	21	21	0	1	1	1	1	1	1	1	1	1	1	1	1	1	1	1	1	1	1	1	1	1	1	1	1	1	1	1	1	1	1	1	1	1	1	1	1	1	1	1	1	1	1	1	1	1	1	1	1	2	3	4	5	4	4	5	4	4	5	5	5	5	5	5	6	5	5	5	6	6	6	6	6	6	7	6	6	7	7	9	8	8	8	8	8	9	9	8	9	9	9	10	10	10
37000	-nan	-nan	-nan	0.000000000000000	0.000000000000000	1.000000000000000	0.138740456593429	1	3	5	7	8	10	9	8	10	9	9	10	10	11	10	11	11	13	10	11	11	12	12	13	13	12	13	15	13	13	15	15	18	16	17	16	16	16	18	18	16	18	18	19	20	21	21	0	1	1	1	1	1	1	1	1	1	1	1	1	1	1	1	1	1	1	1	1	1	1	1	1	1	1	1	1	1	1	1	1	1	1	1	1	1	1	1	1	1	1	1	1	1	1	1	1	2	3	4	5	4	4	5	4	4	5	5	5	5	5	5	6	5	5	5	6	6	6	6	6	6	7	6	6	7	7	9	8	8	8	8	8	9	9	8	9	9	9	10	10	10
37500	-nan	-nan	-nan	0.000000000000000	0.000000000000000	1.000000000000000	0.200580867824663	1	3	5	7	8	10	9	8	10	9	9	10	10	11	10	11	11	13	10	11	11	12	12	13	13	12	13	15	13	13	15	15	18	16	17	16	16	16	18	18	16	18	18	19	20	21	21	0	1	1	1	1	1	1	1	1	1	1	1	1	1	1	1	1	1	1	1	1	1	1	1	1	1	1	1	1	1	1	1	1	1	1	1	1	1	1	1	1	1	1	1	1	1	1	1	1	2	3	4	5	4	4	5	4	4	5	5	5	5	5	5	6	5	5	5	6	6	6	6	6	6	7	6	6	7	7	9	8	8	8	8	8	9	9	8	9	9	9	10	10	10
38000	-nan	-nan	-nan	0.000000000000000	0.000000000000000	1.000000000000000	0.169905183264926	1	3	5	7	8	10	9	8	10	9	9	10	10	11	10	11	11	13	10	11	11	12	12	13	13	12	13	15	13	13	15	15	18	16	17	16	16	16	18	18	16	18	18	19	20	21	21	0	1	1	1	1	1	1	1	1	1	1	1	1	1	1	1	1	1	1	1	1	1	1	1	1	1	1	1	1	1	1	1	1	1	1	1	1	1	1	1	1	1	1	1	1	1	1	1	1	2	3	4	5	4	4	5	4	4	5	5	5	5	5	5	6	5	5	5	6	6	6	6	6	6	7	6	6	7	7	9	8	8	8	8	8	9	9	8	9	9	9	10	10	10
38500	-nan	-nan	-nan	0.000000000000000	0.000000000000000	1.000000000000000	0.120240967458099	1	3	5	7	8	10	9	8	10	9	9	10	10	11	10	11	11	13	10	11	11	12	12	13	13	12	13	15	13	13	15	15	18	16	17	16	16	16	18	18	16	18	18	19	20	21	21	0	1	1	1	1	1	1	1	1	1	1	1	1	1	1	1	1	1	1	1	1	1	1	1	1	1	1	1	1	1	1	1	1	1	1	1	1	1	1	1	1	1	1	1	1	1	1	1	1	2	3	4	5	4	4	5	4	4	5	5	5	5	5	5	6	5	5	5	6	6	6	6	6	6	7	6	6	7	7	9	8	8	8	8	8	9	9	8	9	9	9	10	10	10
39000	-nan	-nan	-nan	0.000000000000000	0.000000000000000	1.000000000000000	0.160996491687610	1	3	5	7	8	10	9	8	10	9	9	10	10	11	10	11	11	13	10	11	11	12	12	13	13	12	13	15	13	13	15	15	18	16	17	16	16	16	18	18	16	18	18	19	20	21	21	0	1	1	1	1	1	1	1	1	1	1	1	1	1	1	1	1	1	1	1	1	1	1	1	1	1	1	1	1	1	1	1	1	1	1	1	1	1	1	1	1	1	1	1	1	1	1	1	1	2	3	4	5	4	4	5	4	4	5	5	5	5	5	5	6	5	5	5	6	6	6	6	6	6	7	6	6	7	7	9	8	8	8	8	8	9	9	8	9	9	9	10	10	10
39500	-nan	-nan	-nan	0.000000000000000	0.000000000000000	1.000000000000000	0.159334154861883	1	3	5	7	8	10	9	8	10	9	9	10	10	11	10	11	11	13	10	11	11	12	12	13	13	12	13	15	13	13	15	15	18	16	17	16	16	16	18	18	16	18	18	19	20	21	21	0	1	1	1	1	1	1	1	1	1	1	1	1	1	1	1	1	1	1	1	1	1	1	1	1	1	1	1	1	1	1	1	1	1	1	1	1	1	1	1	1	1	1	1	1	1	1	1	1	2	3	4	5	4	4	5	4	4	5	5	5	5	5	5	6	5	5	5	6	6	6	6	6	6	7	6	6	7	7	9	8	8	8	8	8	9	9	8	9	9	9	10	10	10
40000	-nan	-nan	-nan	0.000000000000000	0.000000000000000	1.000000000000000	0.145523314729800	1	3	5	7	8	10	9	8	10	9	9	10	10	11	10	11	11	13	10	11	11	12	12	13	13	12	13	15	13	13	15	15	18	16	17	16	16	16	18	18	16	18	18	19	20	21	21	0	1	1	1	1	1	1	1	1	1	1	1	1	1	1	1	1	1	1	1	1	1	1	1	1	1	1	1	1	1	1	1	1	1	1	1	1	1	1	1	1	1	1	1	1	1	1	1	1	2	3	4	5	4	4	5	4	4	5	5	5	5	5	5	6	5	5	5	6	6	6	6	6	6	7	6	6	7	7	9	8	8	8	8	8	9	9	8	9	9	9	10	10	10
40500	-nan	-nan	-nan	0.000000000000000	0.000000000000000	1.000000000000000	0.148953173237387	1	3	5	7	8	10	9	8	10	9	9	10	10	11	10	11	11	13	10	11	11	12	12	13	13	12	13	15	13	13	15	15	18	16	17	16	16	16	18	18	16	18	18	19	20	21	21	0	1	1	1	1	1	1	1	1	1	1	1	1	1	1	1	1	1	1	1	1	1	1	1	1	1	1	1	1	1	1	1	1	1	1	1	1	1	1	1	1	1	1	1	1	1	1	1	1	2	3	4	5	4	4	5	4	4	5	5	5	5	5	5	6	5	5	5	6	6	6	6	6	6	7	6	6	7	7	9	8	8	8	8	8	9	9	8	9	9	9	10	10	10
41000	-nan	-nan	-nan	0.000000000000000	0.000000000000000	1.000000000000000	0.201389692853187	1	3	5	7	8	10	9	8	10	9	9	10	10	11	10	11	11	13	10	11	11	12	12	13	13	12	13	15	13	13	15	15	18	16	17	16	16	16	18	18	16	18	18	19	20	21	21	0	1	1	1	1	1	1	1	1	1	1	1	1	1	1	1	1	1	1	1	1	1	1	1	1	1	1	1	1	1	1	1	1	1	1	1	1	1	1	1	1	1	1	1	1	1	1	1	1	2	3	4	5	4	4	5	4	4	5	5	5	5	5	5	6	5	5	5	6	6	6	6	6	6	7	6	6	7	7	9	8	8	8	8	8	9	9	8	9	9	9	10	10	10
41500	-nan	-nan	-nan	0.000000000000000	0.000000000000000	1.000000000000000	0.154334445579854	1	3	5	7	8	10	9	8	10	9	9	10	10	11	10	11	11	13	10	11	11	12	12	13	13	12	13	15	13	13	15	15	18	16	17	16	16	16	18	18	16	18	18	19	20	21	21	0	1	1	1	1	1	1	1	1	1	1	1	1	1	1	1	1	1	1	1	1	1	1	1	1	1	1	1	1	1	1	1	1	1	1	1	1	1	1	1	1	1	1	1	1	1	1	1	1	2	3	4	5	4	4	5	4	4	5	5	5	5	5	5	6	5	5	5	6	6	6	6	6	6	7	6	6	7	7	9	8	8	8	8	8	9	9	8	9	9	9	10	10	10
42000	-nan	-nan	-nan	0.000000000000000	0.000000000000000	1.000000000000000	0.176403024561128	1	3	5	7	8	10	9	8	10	9	9	10	10	11	10	11	11	13	10	11	11	12	12	13	13	12	13	15	13	13	15	15	18	16	17	16	16	16	18	18	16	18	18	19	20	21	21	0	1	1	1	1	1	1	1	1	1	1	1	1	1	1	1	1	1	1	1	1	1	1	1	1	1	1	1	1	1	1	1	1	1	1	1	1	1	1	1	1	1	1	1	1	1	1	1	1	2	3	4	5	4	4	5	4	4	5	5	5	5	5	5	6	5	5	5	6	6	6	6	6	6	7	6	6	7	7	9	8	8	8	8	8	9	9	8	9	9	9	10	10	10
42500	-nan	-nan	-nan	0.000000000000000	0.000000000000000	1.000000000000000	0.209566857249971	1	3	5	7	8	10	9	8	10	9	9	10	10	11	10	11	11	13	10	11	11	12	12	13	13	12	13	15	13	13	15	15	18	16	17	16	16	16	18	18	16	18	18	19	20	21	21	0	1	1	1	1	1	1	1	1	1	1	1	1	1	1	1	1	1	1	1	1	1	1	1	1	1	1	1	1	1	1	1	1	1	1	1	1	1	1	1	1	1	1	1	1	1	1	1	1	2	3	4	5	4	4	5	4	4	5	5	5	5	5	5	6	5	5	5	6	6	6	6	6	6	7	6	6	7	7	9	8	8	8	8	8	9	9	8	9	9	9	10	10	10
43000	-nan	-nan	-nan	0.000000000000000	0.000000000000000	1.000000000000000	0.153234499497475	1	3	5	7	8	10	9	8	10	9	9	10	10	11	10	11	11	13	10	11	11	12	12	13	13	12	13	15	13	13	15	15	18	16	17	16	16	16	18	18	16	18	18	19	20	21	21	0	1	1	1	1	1	1	1	1	1	1	1	1	1	1	1	1	1	1	1	1	1	1	1	1	1	1	1	1	1	1	1	1	1	1	1	1	1	1	1	1	1	1	1	1	1	1	1	1	2	3	4	5	4	4	5	4	4	5	5	5	5	5	5	6	5	5	5	6	6	6	6	6	6	7	6	6	7	7	9	8	8	8	8	8	9	9	8	9	9	9	10	10	10
43500	-nan	-nan	-nan	0.000000000000000	0.000000000000000	1.000000000000000	0.167586749623243	1	3	5	7	8	10	9	8	10	9	9	10	10	11	10	11	11	13	10	11	11	12	12	13	13	12	13	15	13	13	15	15	18	16	17	16	16	16	18	18	16	18	18	19	20	21	21	0	1	1	1	1	1	1	1	1	1	1	1	1	1	1	1	1	1	1	1	1	1	1	1	1	1	1	1	1	1	1	1	1	1	1	1	1	1	1	1	1	1	1	1	1	1	1	1	1	2	3	4	5	4	4	5	4	4	5	5	5	5	5	5	6	5	5	5	6	6	6	6	6	6	7	6	6	7	7	9	8	8	8	8	8	9	9	8	9	9	9	10	10	10
44000	-nan	-nan	-nan	0.000000000000000	0.000000000000000	1.000000000000000	0.187192341295336	1	3	5	7	8	10	9	8	10	9	9	10	10	11	10	11	11	13	10	11	11	12	12	13	13	12	13	15	13	13	15	15	18	16	17	16	16	16	18	18	16	18	18	19	20	21	21	0	1	1	1	1	1	1	1	1	1	1	1	1	1	1	1	1	1	1	1	1	1	1	1	1	1	1	1	1	1	1	1	1	1	1	1	1	1	1	1	1	1	1	1	1	1	1	1	1	2	3	4	5	4	4	5	4	4	5	5	5	5	5	5	6	5	5	5	6	6	6	6	6	6	7	6	6	7	7	9	8	8	8	8	8	9	9	8	9	9	9	10	10	10
44500	-nan	-nan	-nan	0.000000000000000	0.000000000000000	1.000000000000000	0.200236011515533	1	3	5	7	8	10	9	8	10	9	9	10	10	11	10	11	11	13	10	11	11	12	12	13	13	12	13	15	13	13	15	15	18	16	17	16	16	16	18	18	16	18	18	19	20	21	21	0	1	1	1	1	1	1	1	1	1	1	1	1	1	1	1	1	1	1	1	1	1	1	1	1	1	1	1	1	1	1	1	1	1	1	1	1	1	1	1	1	1	1	1	1	1	1	1	1	2	3	4	5	4	4	5	4	4	5	5	5	5	5	5	6	5	5	5	6	6	6	6	6	6	7	6	6	7	7	9	8	8	8	8	8	9	9	8	9	9	9	10	10	10
45000	-nan	-nan	-nan	0.000000000000000	0.000000000000000	1.000000000000000	0.197520525408340	1	3	5	7	8	10	9	8	10	9	9	10	10	11	10	11	11	13	10	11	11	12	12	13	13	12	13	15	13	13	15	15	18	16	17	16	16	16	18	18	16	18	18	19	20	21	21	0	1	1	1	1	1	1	1	1	1	1	1	1	1	1	1	1	1	1	1	1	1	1	1	1	1	1	1	1	1	1	1	1	1	1	1	1	1	1	1	1	1	1	1	1	1	1	1	1	2	3	4	5	4	4	5	4	4	5	5	5	5	5	5	6	5	5	5	6	6	6	6	6	6	7	6	6	7	7	9	8	8	8	8	8	9	9	8	9	9	9	10	10	10
45500	-nan	-nan	-nan	0.000000000000000	0.000000000000000	1.000000000000000	0.160286001002377	1	3	5	7	8	10	9	8	10	9	9	10	10	11	10	11	11	13	10	11	11	12	12	13	13	12	13	15	13	13	15	15	18	16	17	16	16	16	18	18	16	18	18	19	20	21	21	0	1	1	1	1	1	1	1	1	1	1	1	1	1	1	1	1	1	1	1	1	1	1	1	1	1	1	1	1	1	1	1	1	1	1	1	1	1	1	1	1	1	1	1	1	1	1	1	1	2	3	4	5	4	4	5	4	4	5	5	5	5	5	5	6	5	5	5	6	6	6	6	6	6	7	6	6	7	7	9	8	8	8	8	8	9	9	8	9	9	9	10	10	10
46000	-nan	-nan	-nan	0.000000000000000	0.000000000000000	1.000000000000000	0.173567069161536	1	3	5	7	8	10	9	8	10	9	9	10	10	11	10	11	11	13	10	11	11	12	12	13	13	12	13	15	13	13	15	15	18	16	17	16	16	16	18	18	16	18	18	19	20	21	21	0	1	1	1	1	1	1	1	1	1	1	1	1	1	1	1	1	1	1	1	1	1	1	1	1	1	1	1	1	1	1	1	1	1	1	1	1	1	1	1	1	1	1	1	1	1	1	1	1	2	3	4	5	4	4	5	4	4	5	5	5	5	5	5	6	5	5	5	6	6	6	6	6	6	7	6	6	7	7	9	8	8	8	8	8	9	9	8	9	9	9	10	10	10
46500	-nan	-nan	-nan	0.000000000000000	0.000000000000000	1.000000000000000	0.152054497859405	1	3	5	7	8	10	9	8	10	9	9	10	10	11	10	11	11	13	10	11	11	12	12	13	13	12	13	15	13	13	15	15	18	16	17	16	16	16	18	18	16	18	18	19	20	21	21	0	1	1	1	1	1	1	1	1	1	1	1	1	1	1	1	1	1	1	1	1	1	1	1	1	1	1	1	1	1	1	1	1	1	1	1	1	1	1	1	1	1	1	1	1	1	1	1	1	2	3	4	5	4	4	5	4	4	5	5	5	5	5	5	6	5	5	5	6	6	6	6	6	6	7	6	6	7	7	9	8	8	8	8	8	9	9	8	9	9	9	10	10	10
47000	-nan	-nan	-nan	0.000000000000000	0.000000000000000	1.000000000000000	0.147719281568544	1	3	5	7	8	10	9	8	10	9	9	10	10	11	10	11	11	13	10	11	11	12	12	13	13	12	13	15	13	13	15	15	18	16	17	16	16	16	18	18	16	18	18	19	20	21	21	0	1	1	1	1	1	1	1	1	1	1	1	1	1	1	1	1	1	1	1	1	1	1	1	1	1	1	1	1	1	1	1	1	1	1	1	1	1	1	1	1	1	1	1	1	1	1	1	1	2	3	4	5	4	4	5	4	4	5	5	5	5	5	5	6	5	5	5	6	6	6	6	6	6	7	6	6	7	7	9	8	8	8	8	8	9	9	8	9	9	9	10	10	10
47500	-nan	-nan	-nan	0.000000000000000	0.000000000000000	1.000000000000000	0.128199082374673	1	3	5	7	8	10	9	8	10	9	9	10	10	11	10	11	11	13	10	11	11	12	12	13	13	12	13	15	13	13	15	15	18	16	17	16	16	16	18	18	16	18	18	19	20	21	21	0	1	1	1	1	1	1	1	1	1	1	1	1	1	1	1	1	1	1	1	1	1	1	1	1	1	1	1	1	1	1	1	1	1	1	1	1	1	1	1	1	1	1	1	1	1	1	1	1	2	3	4	5	4	4	5	4	4	5	5	5	5	5	5	6	5	5	5	6	6	6	6	6	6	7	6	6	7	7	9	8	8	8	8	8	9	9	8	9	9	9	10	10	10
48000	-nan	-nan	-nan	0.000000000000000	0.000000000000000	1.000000000000000	0.136413077332394	1	3	5	7	8	10	9	8	10	9	9	10	10	11	10	11	11	13	10	11	11	12	12	13	13	12	13	15	13	13	15	15	18	16	17	16	16	16	18	18	16	18	18	19	20	21	21	0	1	1	1	1	1	1	1	1	1	1	1	1	1	1	1	1	1	1	1	1	1	1	1	1	1	1	1	1	1	1	1	1	1	1	1	1	1	1	1	1	1	1	1	1	1	1	1	1	2	3	4	5	4	4	5	4	4	5	5	5	5	5	5	6	5	5	5	6	6	6	6	6	6	7	6	6	7	7	9	8	8	8	8	8	9	9	8	9	9	9	10	10	10
48500	-nan	-nan	-nan	0.000000000000000	0.000000000000000	1.000000000000000	0.199791984675138	1	3	5	7	8	10	9	8	10	9	9	10	10	11	10	11	11	13	10	11	11	12	12	13	13	12	13	15	13	13	15	15	18	16	17	16	16	16	18	18	16	18	18	19	20	21	21	0	1	1	1	1	1	1	1	1	1	1	1	1	1	1	1	1	1	1	1	1	1	1	1	1	1	1	1	1	1	1	1	1	1	1	1	1	1	1	1	1	1	1	1	1	1	1	1	1	2	3	4	5	4	4	5	4	4	5	5	5	5	5	5	6	5	5	5	6	6	6	6	6	6	7	6	6	7	7	9	8	8	8	8	8	9	9	8	9	9	9	10	10	10
49000	-nan	-nan	-nan	0.000000000000000	0.000000000000000	1.000000000000000	0.136934977115364	1	3	5	7	8	10	9	8	10	9	9	10	10	11	10	11	11	13	10	11	11	12	12	13	13	12	13	15	13	13	15	15	18	16	17	16	16	16	18	18	16	18	18	19	20	21	21	0	1	1	1	1	1	1	1	1	1	1	1	1	1	1	1	1	1	1	1	1	1	1	1	1	1	1	1	1	1	1	1	1	1	1	1	1	1	1	1	1	1	1	1	1	1	1	1	1	2	3	4	5	4	4	5	4	4	5	5	5	5	5	5	6	5	5	5	6	6	6	6	6	6	7	6	6	7	7	9	8	8	8	8	8	9	9	8	9	9	9	10	10	10
49500	-nan	-nan	-nan	0.000000000000000	0.000000000000000	1.000000000000000	0.146324679193726	1	3	5	7	8	10	9	8	10	9	9	10	10	11	10	11	11	13	10	11	11	12	12	13	13	12	13	15	13	13	15	15	18	16	17	16	16	16	18	18	16	18	18	19	20	21	21	0	1	1	1	1	1	1	1	1	1	1	1	1	1	1	1	1	1	1	1	1	1	1	1	1	1	1	1	1	1	1	1	1	1	1	1	1	1	1	1	1	1	1	1	1	1	1	1	1	2	3	4	5	4	4	5	4	4	5	5	5	5	5	5	6	5	5	5	6	6	6	6	6	6	7	6	6	7	7	9	8	8	8	8	8	9	9	8	9	9	9	10	10	10
50000	-nan	-nan	-nan	0.000000000000000	0.000000000000000	1.000000000000000	0.149902663468220	1	3	5	7	8	10	9	8	10	9	9	10	10	11	10	11	11	13	10	11	11	12	12	13	13	12	13	15	13	13	15	15	18	16	17	16	16	16	18	18	16	18	18	19	20	21	21	0	1	1	1	1	1	1	1	1	1	1	1	1	1	1	1	1	1	1	1	1	1	1	1	1	1	1	1	1	1	1	1	1	1	1	1	1	1	1	1	1	1	1	1	1	1	1	1	1	2	3	4	5	4	4	5	4	4	5	5	5	5	5	5	6	5	5	5	6	6	6	6	6	6	7	6	6	7	7	9	8	8	8	8	8	9	9	8	9	9	9	10	10	10
50500	-nan	-nan	-nan	0.000000000000000	0.000000000000000	1.000000000000000	0.179359279576645	1	3	5	7	8	10	9	8	10	9	9	10	10	11	10	11	11	13	10	11	11	12	12	13	13	12	13	15	13	13	15	15	18	16	17	16	16	16	18	18	16	18	18	19	20	21	21	0	1	1	1	1	1	1	1	1	1	1	1	1	1	1	1	1	1	1	1	1	1	1	1	1	1	1	1	1	1	1	1	1	1	1	1	1	1	1	1	1	1	1	1	1	1	1	1	1	2	3	4	5	4	4	5	4	4	5	5	5	5	5	5	6	5	5	5	6	6	6	6	6	6	7	6	6	7	7	9	8	8	8	8	8	9	9	8	9	9	9	10	10	10
51000	-nan	-nan	-nan	0.000000000000000	0.000000000000000	1.000000000000000	0.175329112126739	1	3	5	7	8	10	9	8	10	9	9	10	10	11	10	11	11	13	10	11	11	12	12	13	13	12	13	15	13	13	15	15	18	16	17	16	16	16	18	18	16	18	18	19	20	21	21	0	1	1	1	1	1	1	1	1	1	1	1	1	1	1	1	1	1	1	1	1	1	1	1	1	1	1	1	1	1	1	1	1	1	1	1	1	1	1	1	1	1	1	1	1	1	1	1	1	2	3	4	5	4	4	5	4	4	5	5	5	5	5	5	6	5	5	5	6	6	6	6	6	6	7	6	6	7	7	9	8	8	8	8	8	9	9	8	9	9	9	10	10	10
51500	-nan	-nan	-nan	0.000000000000000	0.000000000000000	1.000000000000000	0.159521136169461	1	3	5	7	8	10	9	8	10	9	9	10	10	11	10	11	11	13	10	11	11	12	12	13	13	12	13	15	13	13	15	15	18	16	17	16	16	16	18	18	16	18	18	19	20	21	21	0	1	1	1	1	1	1	1	1	1	1	1	1	1	1	1	1	1	1	1	1	1	1	1	1	1	1	1	1	1	1	1	1	1	1	1	1	1	1	1	1	1	1	1	1	1	1	1	1	2	3	4	5	4	4	5	4	4	5	5	5	5	5	5	6	5	5	5	6	6	6	6	6	6	7	6	6	7	7	9	8	8	8	8	8	9	9	8	9	9	9	10	10	10
52000	-nan	-nan	-nan	0.000000000000000	0.000000000000000	1.000000000000000	0.167338262379714	1	3	5	7	8	10	9	8	10	9	9	10	10	11	10	11	11	13	10	11	11	12	12	13	13	12	13	15	13	13	15	15	18	16	17	16	16	16	18	18	16	18	18	19	20	21	21	0	1	1	1	1	1	1	1	1	1	1	1	1	1	1	1	1	1	1	1	1	1	1	1	1	1	1	1	1	1	1	1	1	1	1	1	1	1	1	1	1	1	1	1	1	1	1	1	1	2	3	4	5	4	4	5	4	4	5	5	5	5	5	5	6	5	5	5	6	6	6	6	6	6	7	6	6	7	7	9	8	8	8	8	8	9	9	8	9	9	9	10	10	10
52500	-nan	-nan	-nan	0.000000000000000	0.000000000000000	1.000000000000000	0.171344283914408	1	3	5	7	8	10	9	8	10	9	9	10	10	11	10	11	11	13	10	11	11	12	12	13	13	12	13	15	13	13	15	15	18	16	17	16	16	16	18	18	16	18	18	19	20	21	21	0	1	1	1	1	1	1	1	1	1	1	1	1	1	1	1	1	1	1	1	1	1	1	1	1	1	1	1	1	1	1	1	1	1	1	1	1	1	1	1	1	1	1	1	1	1	1	1	1	2	3	4	5	4	4	5	4	4	5	5	5	5	5	5	6	5	5	5	6	6	6	6	6	6	7	6	6	7	7	9	8	8	8	8	8	9	9	8	9	9	9	10	10	10
53000	-nan	-nan	-nan	0.000000000000000	0.000000000000000	1.000000000000000	0.198710102403929	1	3	5	7	8	10	9	8	10	9	9	10	10	11	10	11	11	13	10	11	11	12	12	13	13	12	13	15	13	13	15	15	18	16	17	16	16	16	18	18	16	18	18	19	20	21	21	0	1	1	1	1	1	1	1	1	1	1	1	1	1	1	1	1	1	1	1	1	1	1	1	1	1	1	1	1	1	1	1	1	1	1	1	1	1	1	1	1	1	1	1	1	1	1	1	1	2	3	4	5	4	4	5	4	4	5	5	5	5	5	5	6	5	5	5	6	6	6	6	6	6	7	6	6	7	7	9	8	8	8	8	8	9	9	8	9	9	9	10	10	10
53500	-nan	-nan	-nan	0.000000000000000	0.000000000000000	1.000000000000000	0.197513141596424	1	3	5	7	8	10	9	8	10	9	9	10	10	11	10	11	11	13	10	11	11	12	12	13	13	12	13	15	13	13	15	15	18	16	17	16	16	16	18	18	16	18	18	19	20	21	21	0	1	1	1	1	1	1	1	1	1	1	1	1	1	1	1	1	1	1	1	1	1	1	1	1	1	1	1	1	1	1	1	1	1	1	1	1	1	1	1	1	1	1	1	1	1	1	1	1	2	3	4	5	4	4	5	4	4	5	5	5	5	5	5	6	5	5	5	6	6	6	6	6	6	7	6	6	7	7	9	8	8	8	8	8	9	9	8	9	9	9	10	10	10
54000	-nan	-nan	-nan	0.000000000000000	0.000000000000000	1.000000000000000	0.148622476494670	1	3	5	7	8	10	9	8	10	9	9	10	10	11	10	11	11	13	10	11	11	12	12	13	13	12	13	15	13	13	15	15	18	16	17	16	16	16	18	18	16	18	18	19	20	21	21	0	1	1	1	1	1	1	1	1	1	1	1	1	1	1	1	1	1	1	1	1	1	1	1	1	1	1	1	1	1	1	1	1	1	1	1	1	1	1	1	1	1	1	1	1	1	1	1	1	2	3	4	5	4	4	5	4	4	5	5	5	5	5	5	6	5	5	5	6	6	6	6	6	6	7	6	6	7	7	9	8	8	8	8	8	9	9	8	9	9	9	10	10	10
54500	-nan	-nan	-nan	0.000000000000000	0.000000000000000	1.000000000000000	0.196779078358380	1	3	5	7	8	10	9	8	10	9	9	10	10	11	10	11	11	13	10	11	11	12	12	13	13	12	13	15	13	13	15	15	18	16	17	16	16	16	18	18	16	18	18	19	20	21	21	0	1	1	1	1	1	1	1	1	1	1	1	1	1	1	1	1	1	1	1	1	1	1	1	1	1	1	1	1	1	1	1	1	1	1	1	1	1	1	1	1	1	1	1	1	1	1	1	1	2	3	4	5	4	4	5	4	4	5	5	5	5	5	5	6	5	5	5	6	6	6	6	6	6	7	6	6	7	7	9	8	8	8	8	8	9	9	8	9	9	9	10	10	10
55000	-nan	-nan	-nan	0.000000000000000	0.000000000000000	1.000000000000000	0.166905807668581	1	3	5	7	8	10	9	8	10	9	9	10	10	11	10	11	11	13	10	11	11	12	12	13	13	12	13	15	13	13	15	15	18	16	17	16	16	16	18	18	16	18	18	19	20	21	21	0	1	1	1	1	1	1	1	1	1	1	1	1	1	1	1	1	1	1	1	1	1	1	1	1	1	1	1	1	1	1	1	1	1	1	1	1	1	1	1	1	1	1	1	1	1	1	1	1	2	3	4	5	4	4	5	4	4	5	5	5	5	5	5	6	5	5	5	6	6	6	6	6	6	7	6	6	7	7	9	8	8	8	8	8	9	9	8	9	9	9	10	10	10
55500	-nan	-nan	-nan	0.000000000000000	0.000000000000000	1.000000000000000	0.146589700740467	1	3	5	7	8	10	9	8	10	9	9	10	10	11	10	11	11	13	10	11	11	12	12	13	13	12	13	15	13	13	15	15	18	16	17	16	16	16	18	18	16	18	18	19	20	21	21	0	1	1	1	1	1	1	1	1	1	1	1	1	1	1	1	1	1	1	1	1	1	1	1	1	1	1	1	1	1	1	1	1	1	1	1	1	1	1	1	1	1	1	1	1	1	1	1	1	2	3	4	5	4	4	5	4	4	5	5	5	5	5	5	6	5	5	5	6	6	6	6	6	6	7	6	6	7	7	9	8	8	8	8	8	9	9	8	9	9	9	10	10	10
56000	-nan	-nan	-nan	0.000000000000000	0.000000000000000	1.000000000000000	0.187918441829712	1	3	5	7	8	10	9	8	10	9	9	10	10	11	10	11	11	13	10	11	11	12	12	13	13	12	13	15	13	13	15	15	18	16	17	16	16	16	18	18	16	18	18	19	20	21	21	0	1	1	1	1	1	1	1	1	1	1	1	1	1	1	1	1	1	1	1	1	1	1	1	1	1	1	1	1	1	1	1	1	1	1	1	1	1	1	1	1	1	1	1	1	1	1	1	1	2	3	4	5	4	4	5	4	4	5	5	5	5	5	5	6	5	5	5	6	6	6	6	6	6	7	6	6	7	7	9	8	8	8	8	8	9	9	8	9	9	9	10	10	10
56500	-nan	-nan	-nan	0.000000000000000	0.000000000000000	1.000000000000000	0.185859970382797	1	3	5	7	8	10	9	8	10	9	9	10	10	11	10	11	11	13	10	11	11	12	12	13	13	12	13	15	13	13	15	15	18	16	17	16	16	16	18	18	16	18	18	19	20	21	21	0	1	1	1	1	1	1	1	1	1	1	1	1	1	1	1	1	1	1	1	1	1	1	1	1	1	1	1	1	1	1	1	1	1	1	1	1	1	1	1	1	1	1	1	1	1	1	1	1	2	3	4	5	4	4	5	4	4	5	5	5	5	5	5	6	5	5	5	6	6	6	6	6	6	7	6	6	7	7	9	8	8	8	8	8	9	9	8	9	9	9	10	10	10
57000	-nan	-nan	-nan	0.000000000000000	0.000000000000000	1.000000000000000	0.201306847258753	1	3	5	7	8	10	9	8	10	9	9	10	10	11	10	11	11	13	10	11	11	12	12	13	13	12	13	15	13	13	15	15	18	16	17	16	16	16	18	18	16	18	18	19	20	21	21	0	1	1	1	1	1	1	1	1	1	1	1	1	1	1	1	1	1	1	1	1	1	1	1	1	1	1	1	1	1	1	1	1	1	1	1	1	1	1	1	1	1	1	1	1	1	1	1	1	2	3	4	5	4	4	5	4	4	5	5	5	5	5	5	6	5	5	5	6	6	6	6	6	6	7	6	6	7	7	9	8	8	8	8	8	9	9	8	9	9	9	10	10	10
57500	-nan	-nan	-nan	0.000000000000000	0.000000000000000	1.000000000000000	0.158202902279245	1	3	5	7	8	10	9	8	10	9	9	10	10	11	10	11	11	13	10	11	11	12	12	13	13	12	13	15	13	13	15	15	18	16	17	16	16	16	18	18	16	18	18	19	20	21	21	0	1	1	1	1	1	1	1	1	1	1	1	1	1	1	1	1	1	1	1	1	1	1	1	1	1	1	1	1	1	1	1	1	1	1	1	1	1	1	1	1	1	1	1	1	1	1	1	1	2	3	4	5	4	4	5	4	4	5	5	5	5	5	5	6	5	5	5	6	6	6	6	6	6	7	6	6	7	7	9	8	8	8	8	8	9	9	8	9	9	9	10	10	10
58000	-nan	-nan	-nan	0.000000000000000	0.000000000000000	1.000000000000000	0.161407845795811	1	3	5	7	8	10	9	8	10	9	9	10	10	11	10	11	11	13	10	11	11	12	12	13	13	12	13	15	13	13	15	15	18	16	17	16	16	16	18	18	16	18	18	19	20	21	21	0	1	1	1	1	1	1	1	1	1	1	1	1	1	1	1	1	1	1	1	1	1	1	1	1	1	1	1	1	1	1	1	1	1	1	1	1	1	1	1	1	1	1	1	1	1	1	1	1	2	3	4	5	4	4	5	4	4	5	5	5	5	5	5	6	5	5	5	6	6	6	6	6	6	7	6	6	7	7	9	8	8	8	8	8	9	9	8	9	9	9	10	10	10
58500	-nan	-nan	-nan	0.000000000000000	0.000000000000000	1.000000000000000	0.179036099699285	1	3	5	7	8	10	9	8	10	9	9	10	10	11	10	11	11	13	10	11	11	12	12	13	13	12	13	15	13	13	15	15	18	16	17	16	16	16	18	18	16	18	18	19	20	21	21	0	1	1	1	1	1	1	1	1	1	1	1	1	1	1	1	1	1	1	1	1	1	1	1	1	1	1	1	1	1	1	1	1	1	1	1	1	1	1	1	1	1	1	1	1	1	1	1	1	2	3	4	5	4	4	5	4	4	5	5	5	5	5	5	6	5	5	5	6	6	6	6	6	6	7	6	6	7	7	9	8	8	8	8	8	9	9	8	9	9	9	10	10	10
59000	-nan	-nan	-nan	0.000000000000000	0.000000000000000	1.000000000000000	0.211038477267904	1	3	5	7	8	10	9	8	10	9	9	10	10	11	10	11	11	13	10	11	11	12	12	13	13	12	13	15	13	13	15	15	18	16	17	16	16	16	18	18	16	18	18	19	20	21	21	0	1	1	1	1	1	1	1	1	1	1	1	1	1	1	1	1	1	1	1	1	1	1	1	1	1	1	1	1	1	1	1	1	1	1	1	1	1	1	1	1	1	1	1	1	1	1	1	1	2	3	4	5	4	4	5	4	4	5	5	5	5	5	5	6	5	5	5	6	6	6	6	6	6	7	6	6	7	7	9	8	8	8	8	8	9	9	8	9	9	9	10	10	10
59500	-nan	-nan	-nan	0.000000000000000	0.000000000000000	1.000000000000000	0.127916210974107	1	3	5	7	8	10	9	8	10	9	9	10	10	11	10	11	11	13	10	11	11	12	12	13	13	12	13	15	13	13	15	15	18	16	17	16	16	16	18	18	16	18	18	19	20	21	21	0	1	1	1	1	1	1	1	1	1	1	1	1	1	1	1	1	1	1	1	1	1	1	1	1	1	1	1	1	1	1	1	1	1	1	1	1	1	1	1	1	1	1	1	1	1	1	1	1	2	3	4	5	4	4	5	4	4	5	5	5	5	5	5	6	5	5	5	6	6	6	6	6	6	7	6	6	7	7	9	8	8	8	8	8	9	9	8	9	9	9	10	10	10
60000	-nan	-nan	-nan	0.000000000000000	0.000000000000000	1.000000000000000	0.221668764846140	1	3	5	7	8	10	9	8	10	9	9	10	10	11	10	11	11	13	10	11	11	12	12	13	13	12	13	15	13	13	15	15	18	16	17	16	16	16	18	18	16	18	18	19	20	21	21	0	1	1	1	1	1	1	1	1	1	1	1	1	1	1	1	1	1	1	1	1	1	1	1	1	1	1	1	1	1	1	1	1	1	1	1	1	1	1	1	1	1	1	1	1	1	1	1	1	2	3	4	5	4	4	5	4	4	5	5	5	5	5	5	6	5	5	5	6	6	6	6	6	6	7	6	6	7	7	9	8	8	8	8	8	9	9	8	9	9	9	10	10	10
60500	-nan	-nan	-nan	0.000000000000000	0.000000000000000	1.000000000000000	0.193599868204376	1	3	5	7	8	10	9	8	10	9	9	10	10	11	10	11	11	13	10	11	11	12	12	13	13	12	13	15	13	13	15	15	18	16	17	16	16	16	18	18	16	18	18	19	20	21	21	0	1	1	1	1	1	1	1	1	1	1	1	1	1	1	1	1	1	1	1	1	1	1	1	1	1	1	1	1	1	1	1	1	1	1	1	1	1	1	1	1	1	1	1	1	1	1	1	1	2	3	4	5	4	4	5	4	4	5	5	5	5	5	5	6	5	5	5	6	6	6	6	6	6	7	6	6	7	7	9	8	8	8	8	8	9	9	8	9	9	9	10	10	10
61000	-nan	-nan	-nan	0.000000000000000	0.000000000000000	1.000000000000000	0.125951029138698	1	3	5	7	8	10	9	8	10	9	9	10	10	11	10	11	11	13	10	11	11	12	12	13	13	12	13	15	13	13	15	15	18	16	17	16	16	16	18	18	16	18	18	19	20	21	21	0	1	1	1	1	1	1	1	1	1	1	1	1	1	1	1	1	1	1	1	1	1	1	1	1	1	1	1	1	1	1	1	1	1	1	1	1	1	1	1	1	1	1	1	1	1	1	1	1	2	3	4	5	4	4	5	4	4	5	5	5	5	5	5	6	5	5	5	6	6	6	6	6	6	7	6	6	7	7	9	8	8	8	8	8	9	9	8	9	9	9	10	10	10
61500	-nan	-nan	-nan	0.000000000000000	0.000000000000000	1.000000000000000	0.177025749607826	1	3	5	7	8	10	9	8	10	9	9	10	10	11	10	11	11	13	10	11	11	12	12	13	13	12	13	15	13	13	15	15	18	16	17	16	16	16	18	18	16	18	18	19	20	21	21	0	1	1	1	1	1	1	1	1	1	1	1	1	1	1	1	1	1	1	1	1	1	1	1	1	1	1	1	1	1	1	1	1	1	1	1	1	1	1	1	1	1	1	1	1	1	1	1	1	2	3	4	5	4	4	5	4	4	5	5	5	5	5	5	6	5	5	5	6	6	6	6	6	6	7	6	6	7	7	9	8	8	8	8	8	9	9	8	9	9	9	10	10	10
62000	-nan	-nan	-nan	0.000000000000000	0.000000000000000	1.000000000000000	0.142660295950904	1	3	5	7	8	10	9	8	10	9	9	10	10	11	10	11	11	13	10	11	11	12	12	13	13	12	13	15	13	13	15	15	18	16	17	16	16	16	18	18	16	18	18	19	20	21	21	0	1	1	1	1	1	1	1	1	1	1	1	1	1	1	1	1	1	1	1	1	1	1	1	1	1	1	1	1	1	1	1	1	1	1	1	1	1	1	1	1	1	1	1	1	1	1	1	1	2	3	4	5	4	4	5	4	4	5	5	5	5	5	5	6	5	5	5	6	6	6	6	6	6	7	6	6	7	7	9	8	8	8	8	8	9	9	8	9	9	9	10	10	10
62500	-nan	-nan	-nan	0.000000000000000	0.000000000000000	1.000000000000000	0.138886332347562	1	3	5	7	8	10	9	8	10	9	9	10	10	11	10	11	11	13	10	11	11	12	12	13	13	12	13	15	13	13	15	15	18	16	17	16	16	16	18	18	16	18	18	19	20	21	21	0	1	1	1	1	1	1	1	1	1	1	1	1	1	1	1	1	1	1	1	1	1	1	1	1	1	1	1	1	1	1	1	1	1	1	1	1	1	1	1	1	1	1	1	1	1	1	1	1	2	3	4	5	4	4	5	4	4	5	5	5	5	5	5	6	5	5	5	6	6	6	6	6	6	7	6	6	7	7	9	8	8	8	8	8	9	9	8	9	9	9	10	10	10
63000	-nan	-nan	-nan	0.000000000000000	0.000000000000000	1.000000000000000	0.171495265770698	1	3	5	7	8	10	9	8	10	9	9	10	10	11	10	11	11	13	10	11	11	12	12	13	13	12	13	15	13	13	15	15	18	16	17	16	16	16	18	18	16	18	18	19	20	21	21	0	1	1	1	1	1	1	1	1	1	1	1	1	1	1	1	1	1	1	1	1	1	1	1	1	1	1	1	1	1	1	1	1	1	1	1	1	1	1	1	1	1	1	1	1	1	1	1	1	2	3	4	5	4	4	5	4	4	5	5	5	5	5	5	6	5	5	5	6	6	6	6	6	6	7	6	6	7	7	9	8	8	8	8	8	9	9	8	9	9	9	10	10	10
63500	-nan	-nan	-nan	0.000000000000000	0.000000000000000	1.000000000000000	0.164148819051751	1	3	5	7	8	10	9	8	10	9	9	10	10	11	10	11	11	13	10	11	11	12	12	13	13	12	13	15	13	13	15	15	18	16	17	16	16	16	18	18	16	18	18	19	20	21	21	0	1	1	1	1	1	1	1	1	1	1	1	1	1	1	1	1	1	1	1	1	1	1	1	1	1	1	1	1	1	1	1	1	1	1	1	1	1	1	1	1	1	1	1	1	1	1	1	1	2	3	4	5	4	4	5	4	4	5	5	5	5	5	5	6	5	5	5	6	6	6	6	6	6	7	6	6	7	7	9	8	8	8	8	8	9	9	8	9	9	9	10	10	10
64000	-nan	-nan	-nan	0.000000000000000	0.000000000000000	1.000000000000000	0.182462344855616	1	3	5	7	8	10	9	8	10	9	9	10	10	11	10	11	11	13	10	11	11	12	12	13	13	12	13	15	13	13	15	15	18	16	17	16	16	16	18	18	16	18	18	19	20	21	21	0	1	1	1	1	1	1	1	1	1	1	1	1	1	1	1	1	1	1	1	1	1	1	1	1	1	1	1	1	1	1	1	1	1	1	1	1	1	1	1	1	1	1	1	1	1	1	1	1	2	3	4	5	4	4	5	4	4	5	5	5	5	5	5	6	5	5	5	6	6	6	6	6	6	7	6	6	7	7	9	8	8	8	8	8	9	9	8	9	9	9	10	10	10
64500	-nan	-nan	-nan	0.000000000000000	0.000000000000000	1.000000000000000	0.191703954432521	1	3	5	7	8	10	9	8	10	9	9	10	10	11	10	11	11	13	10	11	11	12	12	13	13	12	13	15	13	13	15	15	18	16	17	16	16	16	18	18	16	18	18	19	20	21	21	0	1	1	1	1	1	1	1	1	1	1	1	1	1	1	1	1	1	1	1	1	1	1	1	1	1	1	1	1	1	1	1	1	1	1	1	1	1	1	1	1	1	1	1	1	1	1	1	1	2	3	4	5	4	4	5	4	4	5	5	5	5	5	5	6	5	5	5	6	6	6	6	6	6	7	6	6	7	7	9	8	8	8	8	8	9	9	8	9	9	9	10	10	10
65000	-nan	-nan	-nan	0.000000000000000	0.000000000000000	1.000000000000000	0.167595082687370	1	3	5	7	8	10	9	8	10	9	9	10	10	11	10	11	11	13	10	11	11	12	12	13	13	12	13	15	13	13	15	15	18	16	17	16	16	16	18	18	16	18	18	19	20	21	21	0	1	1	1	1	1	1	1	1	1	1	1	1	1	1	1	1	1	1	1	1	1	1	1	1	1	1	1	1	1	1	1	1	1	1	1	1	1	1	1	1	1	1	1	1	1	1	1	1	2	3	4	5	4	4	5	4	4	5	5	5	5	5	5	6	5	5	5	6	6	6	6	6	6	7	6	6	7	7	9	8	8	8	8	8	9	9	8	9	9	9	10	10	10
65500	-nan	-nan	-nan	0.000000000000000	0.000000000000000	1.000000000000000	0.211412110213282	1	3	5	7	8	10	9	8	10	9	9	10	10	11	10	11	11	13	10	11	11	12	12	13	13	12	13	15	13	13	15	15	18	16	17	16	16	16	18	18	16	18	18	19	20	21	21	0	1	1	1	1	1	1	1	1	1	1	1	1	1	1	1	1	1	1	1	1	1	1	1	1	1	1	1	1	1	1	1	1	1	1	1	1	1	1	1	1	1	1	1	1	1	1	1	1	2	3	4	5	4	4	5	4	4	5	5	5	5	5	5	6	5	5	5	6	6	6	6	6	6	7	6	6	7	7	9	8	8	8	8	8	9	9	8	9	9	9	10	10	10
66000	-nan	-nan	-nan	0.000000000000000	0.000000000000000	1.000000000000000	0.126644986052020	1	3	5	7	8	10	9	8	10	9	9	10	10	11	10	11	11	13	10	11	11	12	12	13	13	12	13	15	13	13	15	15	18	16	17	16	16	16	18	18	16	18	18	19	20	21	21	0	1	1	1	1	1	1	1	1	1	1	1	1	1	1	1	1	1	1	1	1	1	1	1	1	1	1	1	1	1	1	1	1	1	1	1	1	1	1	1	1	1	1	1	1	1	1	1	1	2	3	4	5	4	4	5	4	4	5	5	5	5	5	5	6	5	5	5	6	6	6	6	6	6	7	6	6	7	7	9	8	8	8	8	8	9	9	8	9	9	9	10	10	10
66500	-nan	-nan	-nan	0.000000000000000	0.000000000000000	1.000000000000000	0.143131106710074	1	3	5	7	8	10	9	8	10	9	9	10	10	11	10	11	11	13	10	11	11	12	12	13	13	12	13	15	13	13	15	15	18	16	17	16	16	16	18	18	16	18	18	19	20	21	21	0	1	1	1	1	1	1	1	1	1	1	1	1	1	1	1	1	1	1	1	1	1	1	1	1	1	1	1	1	1	1	1	1	1	1	1	1	1	1	1	1	1	1	1	1	1	1	1	1	2	3	4	5	4	4	5	4	4	5	5	5	5	5	5	6	5	5	5	6	6	6	6	6	6	7	6	6	7	7	9	8	8	8	8	8	9	9	8	9	9	9	10	10	10
67000	-nan	-nan	-nan	0.000000000000000	0.000000000000000	1.000000000000000	0.164231777562508	1	3	5	7	8	10	9	8	10	9	9	10	10	11	10	11	11	13	10	11	11	12	12	13	13	12	13	15	13	13	15	15	18	16	17	16	16	16	18	18	16	18	18	19	20	21	21	0	1	1	1	1	1	1	1	1	1	1	1	1	1	1	1	1	1	1	1	1	1	1	1	1	1	1	1	1	1	1	1	1	1	1	1	1	1	1	1	1	1	1	1	1	1	1	1	1	2	3	4	5	4	4	5	4	4	5	5	5	5	5	5	6	5	5	5	6	6	6	6	6	6	7	6	6	7	7	9	8	8	8	8	8	9	9	8	9	9	9	10	10	10
67500	-nan	-nan	-nan	0.000000000000000	0.000000000000000	1.000000000000000	0.157236889953926	1	3	5	7	8	10	9	8	10	9	9	10	10	11	10	11	11	13	10	11	11	12	12	13	13	12	13	15	13	13	15	15	18	16	17	16	16	16	18	18	16	18	18	19	20	21	21	0	1	1	1	1	1	1	1	1	1	1	1	1	1	1	1	1	1	1	1	1	1	1	1	1	1	1	1	1	1	1	1	1	1	1	1	1	1	1	1	1	1	1	1	1	1	1	1	1	2	3	4	5	4	4	5	4	4	5	5	5	5	5	5	6	5	5	5	6	6	6	6	6	6	7	6	6	7	7	9	8	8	8	8	8	9	9	8	9	9	9	10	10	10
68000	-nan	-nan	-nan	0.000000000000000	0.000000000000000	1.000000000000000	0.146591261352370	1	3	5	7	8	10	9	8	10	9	9	10	10	11	10	11	11	13	10	11	11	12	12	13	13	12	13	15	13	13	15	15	18	16	17	16	16	16	18	18	16	18	18	19	20	21	21	0	1	1	1	1	1	1	1	1	1	1	1	1	1	1	1	1	1	1	1	1	1	1	1	1	1	1	1	1	1	1	1	1	1	1	1	1	1	1	1	1	1	1	1	1	1	1	1	1	2	3	4	5	4	4	5	4	4	5	5	5	5	5	5	6	5	5	5	6	6	6	6	6	6	7	6	6	7	7	9	8	8	8	8	8	9	9	8	9	9	9	10	10	10
68500	-nan	-nan	-nan	0.000000000000000	0.000000000000000	1.000000000000000	0.181568851236626	1	3	5	7	8	10	9	8	10	9	9	10	10	11	10	11	11	13	10	11	11	12	12	13	13	12	13	15	13	13	15	15	18	16	17	16	16	16	18	18	16	18	18	19	20	21	21	0	1	1	1	1	1	1	1	1	1	1	1	1	1	1	1	1	1	1	1	1	1	1	1	1	1	1	1	1	1	1	1	1	1	1	1	1	1	1	1	1	1	1	1	1	1	1	1	1	2	3	4	5	4	4	5	4	4	5	5	5	5	5	5	6	5	5	5	6	6	6	6	6	6	7	6	6	7	7	9	8	8	8	8	8	9	9	8	9	9	9	10	10	10
69000	-nan	-nan	-nan	0.000000000000000	0.000000000000000	1.000000000000000	0.151551391874776	1	3	5	7	8	10	9	8	10	9	9	10	10	11	10	11	11	13	10	11	11	12	12	13	13	12	13	15	13	13	15	15	18	16	17	16	16	16	18	18	16	18	18	19	20	21	21	0	1	1	1	1	1	1	1	1	1	1	1	1	1	1	1	1	1	1	1	1	1	1	1	1	1	1	1	1	1	1	1	1	1	1	1	1	1	1	1	1	1	1	1	1	1	1	1	1	2	3	4	5	4	4	5	4	4	5	5	5	5	5	5	6	5	5	5	6	6	6	6	6	6	7	6	6	7	7	9	8	8	8	8	8	9	9	8	9	9	9	10	10	10
69500	-nan	-nan	-nan	0.000000000000000	0.000000000000000	1.000000000000000	0.140124398198046	1	3	5	7	8	10	9	8	10	9	9	10	10	11	10	11	11	13	10	11	11	12	12	13	13	12	13	15	13	13	15	15	18	16	17	16	16	16	18	18	16	18	18	19	20	21	21	0	1	1	1	1	1	1	1	1	1	1	1	1	1	1	1	1	1	1	1	1	1	1	1	1	1	1	1	1	1	1	1	1	1	1	1	1	1	1	1	1	1	1	1	1	1	1	1	1	2	3	4	5	4	4	5	4	4	5	5	5	5	5	5	6	5	5	5	6	6	6	6	6	6	7	6	6	7	7	9	8	8	8	8	8	9	9	8	9	9	9	10	10	10
70000	-nan	-nan	-nan	0.000000000000000	0.000000000000000	1.000000000000000	0.156440107781475	1	3	5	7	8	10	9	8	10	9	9	10	10	11	10	11	11	13	10	11	11	12	12	13	13	12	13	15	13	13	15	15	18	16	17	16	16	16	18	18	16	18	18	19	20	21	21	0	1	1	1	1	1	1	1	1	1	1	1	1	1	1	1	1	1	1	1	1	1	1	1	1	1	1	1	1	1	1	1	1	1	1	1	1	1	1	1	1	1	1	1	1	1	1	1	1	2	3	4	5	4	4	5	4	4	5	5	5	5	5	5	6	5	5	5	6	6	6	6	6	6	7	6	6	7	7	9	8	8	8	8	8	9	9	8	9	9	9	10	10	10
70500	-nan	-nan	-nan	0.000000000000000	0.000000000000000	1.000000000000000	0.138249417712429	1	3	5	7	8	10	9	8	10	9	9	10	10	11	10	11	11	13	10	11	11	12	12	13	13	12	13	15	13	13	15	15	18	16	17	16	16	16	18	18	16	18	18	19	20	21	21	0	1	1	1	1	1	1	1	1	1	1	1	1	1	1	1	1	1	1	1	1	1	1	1	1	1	1	1	1	1	1	1	1	1	1	1	1	1	1	1	1	1	1	1	1	1	1	1	1	2	3	4	5	4	4	5	4	4	5	5	5	5	5	5	6	5	5	5	6	6	6	6	6	6	7	6	6	7	7	9	8	8	8	8	8	9	9	8	9	9	9	10	10	10
71000	-nan	-nan	-nan	0.000000000000000	0.000000000000000	1.000000000000000	0.160157067874474	1	3	5	7	8	10	9	8	10	9	9	10	10	11	10	11	11	13	10	11	11	12	12	13	13	12	13	15	13	13	15	15	18	16	17	16	16	16	18	18	16	18	18	19	20	21	21	0	1	1	1	1	1	1	1	1	1	1	1	1	1	1	1	1	1	1	1	1	1	1	1	1	1	1	1	1	1	1	1	1	1	1	1	1	1	1	1	1	1	1	1	1	1	1	1	1	2	3	4	5	4	4	5	4	4	5	5	5	5	5	5	6	5	5	5	6	6	6	6	6	6	7	6	6	7	7	9	8	8	8	8	8	9	9	8	9	9	9	10	10	10
71500	-nan	-nan	-nan	0.000000000000000	0.000000000000000	1.000000000000000	0.186707895070617	1	3	5	7	8	10	9	8	10	9	9	10	10	11	10	11	11	13	10	11	11	12	12	13	13	12	13	15	13	13	15	15	18	16	17	16	16	16	18	18	16	18	18	19	20	21	21	0	1	1	1	1	1	1	1	1	1	1	1	1	1	1	1	1	1	1	1	1	1	1	1	1	1	1	1	1	1	1	1	1	1	1	1	1	1	1	1	1	1	1	1	1	1	1	1	1	2	3	4	5	4	4	5	4	4	5	5	5	5	5	5	6	5	5	5	6	6	6	6	6	6	7	6	6	7	7	9	8	8	8	8	8	9	9	8	9	9	9	10	10	10
72000	-nan	-nan	-nan	0.000000000000000	0.000000000000000	1.000000000000000	0.149612068526226	1	3	5	7	8	10	9	8	10	9	9	10	10	11	10	11	11	13	10	11	11	12	12	13	13	12	13	15	13	13	15	15	18	16	17	16	16	16	18	18	16	18	18	19	20	21	21	0	1	1	1	1	1	1	1	1	1	1	1	1	1	1	1	1	1	1	1	1	1	1	1	1	1	1	1	1	1	1	1	1	1	1	1	1	1	1	1	1	1	1	1	1	1	1	1	1	2	3	4	5	4	4	5	4	4	5	5	5	5	5	5	6	5	5	5	6	6	6	6	6	6	7	6	6	7	7	9	8	8	8	8	8	9	9	8	9	9	9	10	10	10
72500	-nan	-nan	-nan	0.000000000000000	0.000000000000000	1.000000000000000	0.153701527212955	1	3	5	7	8	10	9	8	10	9	9	10	10	11	10	11	11	13	10	11	11	12	12	13	13	12	13	15	13	13	15	15	18	16	17	16	16	16	18	18	16	18	18	19	20	21	21	0	1	1	1	1	1	1	1	1	1	1	1	1	1	1	1	1	1	1	1	1	1	1	1	1	1	1	1	1	1	1	1	1	1	1	1	1	1	1	1	1	1	1	1	1	1	1	1	1	2	3	4	5	4	4	5	4	4	5	5	5	5	5	5	6	5	5	5	6	6	6	6	6	6	7	6	6	7	7	9	8	8	8	8	8	9	9	8	9	9	9	10	10	10
73000	-nan	-nan	-nan	0.000000000000000	0.000000000000000	1.000000000000000	0.133051483460137	1	3	5	7	8	10	9	8	10	9	9	10	10	11	10	11	11	13	10	11	11	12	12	13	13	12	13	15	13	13	15	15	18	16	17	16	16	16	18	18	16	18	18	19	20	21	21	0	1	1	1	1	1	1	1	1	1	1	1	1	1	1	1	1	1	1	1	1	1	1	1	1	1	1	1	1	1	1	1	1	1	1	1	1	1	1	1	1	1	1	1	1	1	1	1	1	2	3	4	5	4	4	5	4	4	5	5	5	5	5	5	6	5	5	5	6	6	6	6	6	6	7	6	6	7	7	9	8	8	8	8	8	9	9	8	9	9	9	10	10	10
73500	-nan	-nan	-nan	0.000000000000000	0.000000000000000	1.000000000000000	0.187872797948623	1	3	5	7	8	10	9	8	10	9	9	10	10	11	10	11	11	13	10	11	11	12	12	13	13	12	13	15	13	13	15	15	18	16	17	16	16	16	18	18	16	18	18	19	20	21	21	0	1	1	1	1	1	1	1	1	1	1	1	1	1	1	1	1	1	1	1	1	1	1	1	1	1	1	1	1	1	1	1	1	1	1	1	1	1	1	1	1	1	1	1	1	1	1	1	1	2	3	4	5	4	4	5	4	4	5	5	5	5	5	5	6	5	5	5	6	6	6	6	6	6	7	6	6	7	7	9	8	8	8	8	8	9	9	8	9	9	9	10	10	10
74000	-nan	-nan	-nan	0.000000000000000	0.000000000000000	1.000000000000000	0.143479412986662	1	3	5	7	8	10	9	8	10	9	9	10	10	11	10	11	11	13	10	11	11	12	12	13	13	12	13	15	13	13	15	15	18	16	17	16	16	16	18	18	16	18	18	19	20	21	21	0	1	1	1	1	1	1	1	1	1	1	1	1	1	1	1	1	1	1	1	1	1	1	1	1	1	1	1	1	1	1	1	1	1	1	1	1	1	1	1	1	1	1	1	1	1	1	1	1	2	3	4	5	4	4	5	4	4	5	5	5	5	5	5	6	5	5	5	6	6	6	6	6	6	7	6	6	7	7	9	8	8	8	8	8	9	9	8	9	9	9	10	10	10
74500	-nan	-nan	-nan	0.000000000000000	0.000000000000000	1.000000000000000	0.177380316936108	1	3	5	7	8	10	9	8	10	9	9	10	10	11	10	11	11	13	10	11	11	12	12	13	13	12	13	15	13	13	15	15	18	16	17	16	16	16	18	18	16	18	18	19	20	21	21	0	1	1	1	1	1	1	1	1	1	1	1	1	1	1	1	1	1	1	1	1	1	1	1	1	1	1	1	1	1	1	1	1	1	1	1	1	1	1	1	1	1	1	1	1	1	1	1	1	2	3	4	5	4	4	5	4	4	5	5	5	5	5	5	6	5	5	5	6	6	6	6	6	6	7	6	6	7	7	9	8	8	8	8	8	9	9	8	9	9	9	10	10	10
75000	-nan	-nan	-nan	0.000000000000000	0.000000000000000	1.000000000000000	0.167464879831807	1	3	5	7	8	10	9	8	10	9	9	10	10	11	10	11	11	13	10	11	11	12	12	13	13	12	13	15	13	13	15	15	18	16	17	16	16	16	18	18	16	18	18	19	20	21	21	0	1	1	1	1	1	1	1	1	1	1	1	1	1	1	1	1	1	1	1	1	1	1	1	1	1	1	1	1	1	1	1	1	1	1	1	1	1	1	1	1	1	1	1	1	1	1	1	1	2	3	4	5	4	4	5	4	4	5	5	5	5	5	5	6	5	5	5	6	6	6	6	6	6	7	6	6	7	7	9	8	8	8	8	8	9	9	8	9	9	9	10	10	10
75500	-nan	-nan	-nan	0.000000000000000	0.000000000000000	1.000000000000000	0.216786858844252	1	3	5	7	8	10	9	8	10	9	9	10	10	11	10	11	11	13	10	11	11	12	12	13	13	12	13	15	13	13	15	15	18	16	17	16	16	16	18	18	16	18	18	19	20	21	21	0	1	1	1	1	1	1	1	1	1	1	1	1	1	1	1	1	1	1	1	1	1	1	1	1	1	1	1	1	1	1	1	1	1	1	1	1	1	1	1	1	1	1	1	1	1	1	1	1	2	3	4	5	4	4	5	4	4	5	5	5	5	5	5	6	5	5	5	6	6	6	6	6	6	7	6	6	7	7	9	8	8	8	8	8	9	9	8	9	9	9	10	10	10
76000	-nan	-nan	-nan	0.000000000000000	0.000000000000000	1.000000000000000	0.187428765818348	1	3	5	7	8	10	9	8	10	9	9	10	10	11	10	11	11	13	10	11	11	12	12	13	13	12	13	15	13	13	15	15	18	16	17	16	16	16	18	18	16	18	18	19	20	21	21	0	1	1	1	1	1	1	1	1	1	1	1	1	1	1	1	1	1	1	1	1	1	1	1	1	1	1	1	1	1	1	1	1	1	1	1	1	1	1	1	1	1	1	1	1	1	1	1	1	2	3	4	5	4	4	5	4	4	5	5	5	5	5	5	6	5	5	5	6	6	6	6	6	6	7	6	6	7	7	9	8	8	8	8	8	9	9	8	9	9	9	10	10	10
76500	-nan	-nan	-nan	0.000000000000000	0.000000000000000	1.000000000000000	0.167789776288763	1	3	5	7	8	10	9	8	10	9	9	10	10	11	10	11	11	13	10	11	11	12	12	13	13	12	13	15	13	13	15	15	18	16	17	16	16	16	18	18	16	18	18	19	20	21	21	0	1	1	1	1	1	1	1	1	1	1	1	1	1	1	1	1	1	1	1	1	1	1	1	1	1	1	1	1	1	1	1	1	1	1	1	1	1	1	1	1	1	1	1	1	1	1	1	1	2	3	4	5	4	4	5	4	4	5	5	5	5	5	5	6	5	5	5	6	6	6	6	6	6	7	6	6	7	7	9	8	8	8	8	8	9	9	8	9	9	9	10	10	10
77000	-nan	-nan	-nan	0.000000000000000	0.000000000000000	1.000000000000000	0.143503103342297	1	3	5	7	8	10	9	8	10	9	9	10	10	11	10	11	11	13	10	11	11	12	12	13	13	12	13	15	13	13	15	15	18	16	17	16	16	16	18	18	16	18	18	19	20	21	21	0	1	1	1	1	1	1	1	1	1	1	1	1	1	1	1	1	1	1	1	1	1	1	1	1	1	1	1	1	1	1	1	1	1	1	1	1	1	1	1	1	1	1	1	1	1	1	1	1	2	3	4	5	4	4	5	4	4	5	5	5	5	5	5	6	5	5	5	6	6	6	6	6	6	7	6	6	7	7	9	8	8	8	8	8	9	9	8	9	9	9	10	10	10
77500	-nan	-nan	-nan	0.000000000000000	0.000000000000000	1.000000000000000	0.102556747682897	1	3	5	7	8	10	9	8	10	9	9	10	10	11	10	11	11	13	10	11	11	12	12	13	13	12	13	15	13	13	15	15	18	16	17	16	16	16	18	18	16	18	18	19	20	21	21	0	1	1	1	1	1	1	1	1	1	1	1	1	1	1	1	1	1	1	1	1	1	1	1	1	1	1	1	1	1	1	1	1	1	1	1	1	1	1	1	1	1	1	1	1	1	1	1	1	2	3	4	5	4	4	5	4	4	5	5	5	5	5	5	6	5	5	5	6	6	6	6	6	6	7	6	6	7	7	9	8	8	8	8	8	9	9	8	9	9	9	10	10	10
78000	-nan	-nan	-nan	0.000000000000000	0.000000000000000	1.000000000000000	0.178024065456547	1	3	5	7	8	10	9	8	10	9	9	10	10	11	10	11	11	13	10	11	11	12	12	13	13	12	13	15	13	13	15	15	18	16	17	16	16	16	18	18	16	18	18	19	20	21	21	0	1	1	1	1	1	1	1	1	1	1	1	1	1	1	1	1	1	1	1	1	1	1	1	1	1	1	1	1	1	1	1	1	1	1	1	1	1	1	1	1	1	1	1	1	1	1	1	1	2	3	4	5	4	4	5	4	4	5	5	5	5	5	5	6	5	5	5	6	6	6	6	6	6	7	6	6	7	7	9	8	8	8	8	8	9	9	8	9	9	9	10	10	10
78500	-nan	-nan	-nan	0.000000000000000	0.000000000000000	1.000000000000000	0.179975088634603	1	3	5	7	8	10	9	8	10	9	9	10	10	11	10	11	11	13	10	11	11	12	12	13	13	12	13	15	13	13	15	15	18	16	17	16	16	16	18	18	16	18	18	19	20	21	21	0	1	1	1	1	1	1	1	1	1	1	1	1	1	1	1	1	1	1	1	1	1	1	1	1	1	1	1	1	1	1	1	1	1	1	1	1	1	1	1	1	1	1	1	1	1	1	1	1	2	3	4	5	4	4	5	4	4	5	5	5	5	5	5	6	5	5	5	6	6	6	6	6	6	7	6	6	7	7	9	8	8	8	8	8	9	9	8	9	9	9	10	10	10
79000	-nan	-nan	-nan	0.000000000000000	0.000000000000000	1.000000000000000	0.217174839281149	1	3	5	7	8	10	9	8	10	9	9	10	10	11	10	11	11	13	10	11	11	12	12	13	13	12	13	15	13	13	15	15	18	16	17	16	16	16	18	18	16	18	18	19	20	21	21	0	1	1	1	1	1	1	1	1	1	1	1	1	1	1	1	1	1	1	1	1	1	1	1	1	1	1	1	1	1	1	1	1	1	1	1	1	1	1	1	1	1	1	1	1	1	1	1	1	2	3	4	5	4	4	5	4	4	5	5	5	5	5	5	6	5	5	5	6	6	6	6	6	6	7	6	6	7	7	9	8	8	8	8	8	9	9	8	9	9	9	10	10	10
79500	-nan	-nan	-nan	0.000000000000000	0.000000000000000	1.000000000000000	0.149612458006118	1	3	5	7	8	10	9	8	10	9	9	10	10	11	10	11	11	13	10	11	11	12	12	13	13	12	13	15	13	13	15	15	18	16	17	16	16	16	18	18	16	18	18	19	20	21	21	0	1	1	1	1	1	1	1	1	1	1	1	1	1	1	1	1	1	1	1	1	1	1	1	1	1	1	1	1	1	1	1	1	1	1	1	1	1	1	1	1	1	1	1	1	1	1	1	1	2	3	4	5	4	4	5	4	4	5	5	5	5	5	5	6	5	5	5	6	6	6	6	6	6	7	6	6	7	7	9	8	8	8	8	8	9	9	8	9	9	9	10	10	10
80000	-nan	-nan	-nan	0.000000000000000	0.000000000000000	1.000000000000000	0.168519545858757	1	3	5	7	8	10	9	8	10	9	9	10	10	11	10	11	11	13	10	11	11	12	12	13	13	12	13	15	13	13	15	15	18	16	17	16	16	16	18	18	16	18	18	19	20	21	21	0	1	1	1	1	1	1	1	1	1	1	1	1	1	1	1	1	1	1	1	1	1	1	1	1	1	1	1	1	1	1	1	1	1	1	1	1	1	1	1	1	1	1	1	1	1	1	1	1	2	3	4	5	4	4	5	4	4	5	5	5	5	5	5	6	5	5	5	6	6	6	6	6	6	7	6	6	7	7	9	8	8	8	8	8	9	9	8	9	9	9	10	10	10
80500	-nan	-nan	-nan	0.000000000000000	0.000000000000000	1.000000000000000	0.202171234531390	1	3	5	7	8	10	9	8	10	9	9	10	10	11	10	11	11	13	10	11	11	12	12	13	13	12	13	15	13	13	15	15	18	16	17	16	16	16	18	18	16	18	18	19	20	21	21	0	1	1	1	1	1	1	1	1	1	1	1	1	1	1	1	1	1	1	1	1	1	1	1	1	1	1	1	1	1	1	1	1	1	1	1	1	1	1	1	1	1	1	1	1	1	1	1	1	2	3	4	5	4	4	5	4	4	5	5	5	5	5	5	6	5	5	5	6	6	6	6	6	6	7	6	6	7	7	9	8	8	8	8	8	9	9	8	9	9	9	10	10	10
81000	-nan	-nan	-nan	0.000000000000000	0.000000000000000	1.000000000000000	0.192870732941738	1	3	5	7	8	10	9	8	10	9	9	10	10	11	10	11	11	13	10	11	11	12	12	13	13	12	13	15	13	13	15	15	18	16	17	16	16	16	18	18	16	18	18	19	20	21	21	0	1	1	1	1	1	1	1	1	1	1	1	1	1	1	1	1	1	1	1	1	1	1	1	1	1	1	1	1	1	1	1	1	1	1	1	1	1	1	1	1	1	1	1	1	1	1	1	1	2	3	4	5	4	4	5	4	4	5	5	5	5	5	5	6	5	5	5	6	6	6	6	6	6	7	6	6	7	7	9	8	8	8	8	8	9	9	8	9	9	9	10	10	10
81500	-nan	-nan	-nan	0.000000000000000	0.000000000000000	1.000000000000000	0.198813878884129	1	3	5	7	8	10	9	8	10	9	9	10	10	11	10	11	11	13	10	11	11	12	12	13	13	12	13	15	13	13	15	15	18	16	17	16	16	16	18	18	16	18	18	19	20	21	21	0	1	1	1	1	1	1	1	1	1	1	1	1	1	1	1	1	1	1	1	1	1	1	1	1	1	1	1	1	1	1	1	1	1	1	1	1	1	1	1	1	1	1	1	1	1	1	1	1	2	3	4	5	4	4	5	4	4	5	5	5	5	5	5	6	5	5	5	6	6	6	6	6	6	7	6	6	7	7	9	8	8	8	8	8	9	9	8	9	9	9	10	10	10
82000	-nan	-nan	-nan	0.000000000000000	0.000000000000000	1.000000000000000	0.177533453910886	1	3	5	7	8	10	9	8	10	9	9	10	10	11	10	11	11	13	10	11	11	12	12	13	13	12	13	15	13	13	15	15	18	16	17	16	16	16	18	18	16	18	18	19	20	21	21	0	1	1	1	1	1	1	1	1	1	1	1	1	1	1	1	1	1	1	1	1	1	1	1	1	1	1	1	1	1	1	1	1	1	1	1	1	1	1	1	1	1	1	1	1	1	1	1	1	2	3	4	5	4	4	5	4	4	5	5	5	5	5	5	6	5	5	5	6	6	6	6	6	6	7	6	6	7	7	9	8	8	8	8	8	9	9	8	9	9	9	10	10	10
82500	-nan	-nan	-nan	0.000000000000000	0.000000000000000	1.000000000000000	0.156128761512274	1	3	5	7	8	10	9	8	10	9	9	10	10	11	10	11	11	13	10	11	11	12	12	13	13	12	13	15	13	13	15	15	18	16	17	16	16	16	18	18	16	18	18	19	20	21	21	0	1	1	1	1	1	1	1	1	1	1	1	1	1	1	1	1	1	1	1	1	1	1	1	1	1	1	1	1	1	1	1	1	1	1	1	1	1	1	1	1	1	1	1	1	1	1	1	1	2	3	4	5	4	4	5	4	4	5	5	5	5	5	5	6	5	5	5	6	6	6	6	6	6	7	6	6	7	7	9	8	8	8	8	8	9	9	8	9	9	9	10	10	10
83000	-nan	-nan	-nan	0.000000000000000	0.000000000000000	1.000000000000000	0.166323457546501	1	3	5	7	8	10	9	8	10	9	9	10	10	11	10	11	11	13	10	11	11	12	12	13	13	12	13	15	13	13	15	15	18	16	17	16	16	16	18	18	16	18	18	19	20	21	21	0	1	1	1	1	1	1	1	1	1	1	1	1	1	1	1	1	1	1	1	1	1	1	1	1	1	1	1	1	1	1	1	1	1	1	1	1	1	1	1	1	1	1	1	1	1	1	1	1	2	3	4	5	4	4	5	4	4	5	5	5	5	5	5	6	5	5	5	6	6	6	6	6	6	7	6	6	7	7	9	8	8	8	8	8	9	9	8	9	9	9	10	10	10
83500	-nan	-nan	-nan	0.000000000000000	0.000000000000000	1.000000000000000	0.154493468942765	1	3	5	7	8	10	9	8	10	9	9	10	10	11	10	11	11	13	10	11	11	12	12	13	13	12	13	15	13	13	15	15	18	16	17	16	16	16	18	18	16	18	18	19	20	21	21	0	1	1	1	1	1	1	1	1	1	1	1	1	1	1	1	1	1	1	1	1	1	1	1	1	1	1	1	1	1	1	1	1	1	1	1	1	1	1	1	1	1	1	1	1	1	1	1	1	2	3	4	5	4	4	5	4	4	5	5	5	5	5	5	6	5	5	5	6	6	6	6	6	6	7	6	6	7	7	9	8	8	8	8	8	9	9	8	9	9	9	10	10	10
84000	-nan	-nan	-nan	0.000000000000000	0.000000000000000	1.000000000000000	0.174826061028122	1	3	5	7	8	10	9	8	10	9	9	10	10	11	10	11	11	13	10	11	11	12	12	13	13	12	13	15	13	13	15	15	18	16	17	16	16	16	18	18	16	18	18	19	20	21	21	0	1	1	1	1	1	1	1	1	1	1	1	1	1	1	1	1	1	1	1	1	1	1	1	1	1	1	1	1	1	1	1	1	1	1	1	1	1	1	1	1	1	1	1	1	1	1	1	1	2	3	4	5	4	4	5	4	4	5	5	5	5	5	5	6	5	5	5	6	6	6	6	6	6	7	6	6	7	7	9	8	8	8	8	8	9	9	8	9	9	9	10	10	10
84500	-nan	-nan	-nan	0.000000000000000	0.000000000000000	1.000000000000000	0.174231677785806	1	3	5	7	8	10	9	8	10	9	9	10	10	11	10	11	11	13	10	11	11	12	12	13	13	12	13	15	13	13	15	15	18	16	17	16	16	16	18	18	16	18	18	19	20	21	21	0	1	1	1	1	1	1	1	1	1	1	1	1	1	1	1	1	1	1	1	1	1	1	1	1	1	1	1	1	1	1	1	1	1	1	1	1	1	1	1	1	1	1	1	1	1	1	1	1	2	3	4	5	4	4	5	4	4	5	5	5	5	5	5	6	5	5	5	6	6	6	6	6	6	7	6	6	7	7	9	8	8	8	8	8	9	9	8	9	9	9	10	10	10
85000	-nan	-nan	-nan	0.000000000000000	0.000000000000000	1.000000000000000	0.176459403932198	1	3	5	7	8	10	9	8	10	9	9	10	10	11	10	11	11	13	10	11	11	12	12	13	13	12	13	15	13	13	15	15	18	16	17	16	16	16	18	18	16	18	18	19	20	21	21	0	1	1	1	1	1	1	1	1	1	1	1	1	1	1	1	1	1	1	1	1	1	1	1	1	1	1	1	1	1	1	1	1	1	1	1	1	1	1	1	1	1	1	1	1	1	1	1	1	2	3	4	5	4	4	5	4	4	5	5	5	5	5	5	6	5	5	5	6	6	6	6	6	6	7	6	6	7	7	9	8	8	8	8	8	9	9	8	9	9	9	10	10	10
85500	-nan	-nan	-nan	0.000000000000000	0.000000000000000	1.000000000000000	0.138338134501441	1	3	5	7	8	10	9	8	10	9	9	10	10	11	10	11	11	13	10	11	11	12	12	13	13	12	13	15	13	13	15	15	18	16	17	16	16	16	18	18	16	18	18	19	20	21	21	0	1	1	1	1	1	1	1	1	1	1	1	1	1	1	1	1	1	1	1	1	1	1	1	1	1	1	1	1	1	1	1	1	1	1	1	1	1	1	1	1	1	1	1	1	1	1	1	1	2	3	4	5	4	4	5	4	4	5	5	5	5	5	5	6	5	5	5	6	6	6	6	6	6	7	6	6	7	7	9	8	8	8	8	8	9	9	8	9	9	9	10	10	10
86000	-nan	-nan	-nan	0.000000000000000	0.000000000000000	1.000000000000000	0.169831144245752	1	3	5	7	8	10	9	8	10	9	9	10	10	11	10	11	11	13	10	11	11	12	12	13	13	12	13	15	13	13	15	15	18	16	17	16	16	16	18	18	16	18	18	19	20	21	21	0	1	1	1	1	1	1	1	1	1	1	1	1	1	1	1	1	1	1	1	1	1	1	1	1	1	1	1	1	1	1	1	1	1	1	1	1	1	1	1	1	1	1	1	1	1	1	1	1	2	3	4	5	4	4	5	4	4	5	5	5	5	5	5	6	5	5	5	6	6	6	6	6	6	7	6	6	7	7	9	8	8	8	8	8	9	9	8	9	9	9	10	10	10
86500	-nan	-nan	-nan	0.000000000000000	0.000000000000000	1.000000000000000	0.148647638034202	1	3	5	7	8	10	9	8	10	9	9	10	10	11	10	11	11	13	10	11	11	12	12	13	13	12	13	15	13	13	15	15	18	16	17	16	16	16	18	18	16	18	18	19	20	21	21	0	1	1	1	1	1	1	1	1	1	1	1	1	1	1	1	1	1	1	1	1	1	1	1	1	1	1	1	1	1	1	1	1	1	1	1	1	1	1	1	1	1	1	1	1	1	1	1	1	2	3	4	5	4	4	5	4	4	5	5	5	5	5	5	6	5	5	5	6	6	6	6	6	6	7	6	6	7	7	9	8	8	8	8	8	9	9	8	9	9	9	10	10	10
87000	-nan	-nan	-nan	0.000000000000000	0.000000000000000	1.000000000000000	0.144290655793010	1	3	5	7	8	10	9	8	10	9	9	10	10	11	10	11	11	13	10	11	11	12	12	13	13	12	13	15	13	13	15	15	18	16	17	16	16	16	18	18	16	18	18	19	20	21	21	0	1	1	1	1	1	1	1	1	1	1	1	1	1	1	1	1	1	1	1	1	1	1	1	1	1	1	1	1	1	1	1	1	1	1	1	1	1	1	1	1	1	1	1	1	1	1	1	1	2	3	4	5	4	4	5	4	4	5	5	5	5	5	5	6	5	5	5	6	6	6	6	6	6	7	6	6	7	7	9	8	8	8	8	8	9	9	8	9	9	9	10	10	10
87500	-nan	-nan	-nan	0.000000000000000	0.000000000000000	1.000000000000000	0.170817903536076	1	3	5	7	8	10	9	8	10	9	9	10	10	11	10	11	11	13	10	11	11	12	12	13	13	12	13	15	13	13	15	15	18	16	17	16	16	16	18	18	16	18	18	19	20	21	21	0	1	1	1	1	1	1	1	1	1	1	1	1	1	1	1	1	1	1	1	1	1	1	1	1	1	1	1	1	1	1	1	1	1	1	1	1	1	1	1	1	1	1	1	1	1	1	1	1	2	3	4	5	4	4	5	4	4	5	5	5	5	5	5	6	5	5	5	6	6	6	6	6	6	7	6	6	7	7	9	8	8	8	8	8	9	9	8	9	9	9	10	10	10
88000	-nan	-nan	-nan	0.000000000000000	0.000000000000000	1.000000000000000	0.176507533190124	1	3	5	7	8	10	9	8	10	9	9	10	10	11	10	11	11	13	10	11	11	12	12	13	13	12	13	15	13	13	15	15	18	16	17	16	16	16	18	18	16	18	18	19	20	21	21	0	1	1	1	1	1	1	1	1	1	1	1	1	1	1	1	1	1	1	1	1	1	1	1	1	1	1	1	1	1	1	1	1	1	1	1	1	1	1	1	1	1	1	1	1	1	1	1	1	2	3	4	5	4	4	5	4	4	5	5	5	5	5	5	6	5	5	5	6	6	6	6	6	6	7	6	6	7	7	9	8	8	8	8	8	9	9	8	9	9	9	10	10	10
88500	-nan	-nan	-nan	0.000000000000000	0.000000000000000	1.000000000000000	0.173602347516551	1	3	5	7	8	10	9	8	10	9	9	10	10	11	10	11	11	13	10	11	11	12	12	13	13	12	13	15	13	13	15	15	18	16	17	16	16	16	18	18	16	18	18	19	20	21	21	0	1	1	1	1	1	1	1	1	1	1	1	1	1	1	1	1	1	1	1	1	1	1	1	1	1	1	1	1	1	1	1	1	1	1	1	1	1	1	1	1	1	1	1	1	1	1	1	1	2	3	4	5	4	4	5	4	4	5	5	5	5	5	5	6	5	5	5	6	6	6	6	6	6	7	6	6	7	7	9	8	8	8	8	8	9	9	8	9	9	9	10	10	10
89000	-nan	-nan	-nan	0.000000000000000	0.000000000000000	1.000000000000000	0.173376977031861	1	3	5	7	8	10	9	8	10	9	9	10	10	11	10	11	11	13	10	11	11	12	12	13	13	12	13	15	13	13	15	15	18	16	17	16	16	16	18	18	16	18	18	19	20	21	21	0	1	1	1	1	1	1	1	1	1	1	1	1	1	1	1	1	1	1	1	1	1	1	1	1	1	1	1	1	1	1	1	1	1	1	1	1	1	1	1	1	1	1	1	1	1	1	1	1	2	3	4	5	4	4	5	4	4	5	5	5	5	5	5	6	5	5	5	6	6	6	6	6	6	7	6	6	7	7	9	8	8	8	8	8	9	9	8	9	9	9	10	10	10
89500	-nan	-nan	-nan	0.000000000000000	0.000000000000000	1.000000000000000	0.157233806428560	1	3	5	7	8	10	9	8	10	9	9	10	10	11	10	11	11	13	10	11	11	12	12	13	13	12	13	15	13	13	15	15	18	16	17	16	16	16	18	18	16	18	18	19	20	21	21	0	1	1	1	1	1	1	1	1	1	1	1	1	1	1	1	1	1	1	1	1	1	1	1	1	1	1	1	1	1	1	1	1	1	1	1	1	1	1	1	1	1	1	1	1	1	1	1	1	2	3	4	5	4	4	5	4	4	5	5	5	5	5	5	6	5	5	5	6	6	6	6	6	6	7	6	6	7	7	9	8	8	8	8	8	9	9	8	9	9	9	10	10	10
90000	-nan	-nan	-nan	0.000000000000000	0.000000000000000	1.000000000000000	0.146401575957202	1	3	5	7	8	10	9	8	10	9	9	10	10	11	10	11	11	13	10	11	11	12	12	13	13	12	13	15	13	13	15	15	18	16	17	16	16	16	18	18	16	18	18	19	20	21	21	0	1	1	1	1	1	1	1	1	1	1	1	1	1	1	1	1	1	1	1	1	1	1	1	1	1	1	1	1	1	1	1	1	1	1	1	1	1	1	1	1	1	1	1	1	1	1	1	1	2	3	4	5	4	4	5	4	4	5	5	5	5	5	5	6	5	5	5	6	6	6	6	6	6	7	6	6	7	7	9	8	8	8	8	8	9	9	8	9	9	9	10	10	10
90500	-nan	-nan	-nan	0.000000000000000	0.000000000000000	1.000000000000000	0.162623920285634	1	3	5	7	8	10	9	8	10	9	9	10	10	11	10	11	11	13	10	11	11	12	12	13	13	12	13	15	13	13	15	15	18	16	17	16	16	16	18	18	16	18	18	19	20	21	21	0	1	1	1	1	1	1	1	1	1	1	1	1	1	1	1	1	1	1	1	1	1	1	1	1	1	1	1	1	1	1	1	1	1	1	1	1	1	1	1	1	1	1	1	1	1	1	1	1	2	3	4	5	4	4	5	4	4	5	5	5	5	5	5	6	5	5	5	6	6	6	6	6	6	7	6	6	7	7	9	8	8	8	8	8	9	9	8	9	9	9	10	10	10
91000	-nan	-nan	-nan	0.000000000000000	0.000000000000000	1.000000000000000	0.171306314672684	1	3	5	7	8	10	9	8	10	9	9	10	10	11	10	11	11	13	10	11	11	12	12	13	13	12	13	15	13	13	15	15	18	16	17	16	16	16	18	18	16	18	18	19	20	21	21	0	1	1	1	1	1	1	1	1	1	1	1	1	1	1	1	1	1	1	1	1	1	1	1	1	1	1	1	1	1	1	1	1	1	1	1	1	1	1	1	1	1	1	1	1	1	1	1	1	2	3	4	5	4	4	5	4	4	5	5	5	5	5	5	6	5	5	5	6	6	6	6	6	6	7	6	6	7	7	9	8	8	8	8	8	9	9	8	9	9	9	10	10	10
91500	-nan	-nan	-nan	0.000000000000000	0.000000000000000	1.000000000000000	0.197739981457148	1	3	5	7	8	10	9	8	10	9	9	10	10	11	10	11	11	13	10	11	11	12	12	13	13	12	13	15	13	13	15	15	18	16	17	16	16	16	18	18	16	18	18	19	20	21	21	0	1	1	1	1	1	1	1	1	1	1	1	1	1	1	1	1	1	1	1	1	1	1	1	1	1	1	1	1	1	1	1	1	1	1	1	1	1	1	1	1	1	1	1	1	1	1	1	1	2	3	4	5	4	4	5	4	4	5	5	5	5	5	5	6	5	5	5	6	6	6	6	6	6	7	6	6	7	7	9	8	8	8	8	8	9	9	8	9	9	9	10	10	10
92000	-nan	-nan	-nan	0.000000000000000	0.000000000000000	1.000000000000000	0.154708254421087	1	3	5	7	8	10	9	8	10	9	9	10	10	11	10	11	11	13	10	11	11	12	12	13	13	12	13	15	13	13	15	15	18	16	17	16	16	16	18	18	16	18	18	19	20	21	21	0	1	1	1	1	1	1	1	1	1	1	1	1	1	1	1	1	1	1	1	1	1	1	1	1	1	1	1	1	1	1	1	1	1	1	1	1	1	1	1	1	1	1	1	1	1	1	1	1	2	3	4	5	4	4	5	4	4	5	5	5	5	5	5	6	5	5	5	6	6	6	6	6	6	7	6	6	7	7	9	8	8	8	8	8	9	9	8	9	9	9	10	10	10
92500	-nan	-nan	-nan	0.000000000000000	0.000000000000000	1.000000000000000	0.160726471503857	1	3	5	7	8	10	9	8	10	9	9	10	10	11	10	11	11	13	10	11	11	12	12	13	13	12	13	15	13	13	15	15	18	16	17	16	16	16	18	18	16	18	18	19	20	21	21	0	1	1	1	1	1	1	1	1	1	1	1	1	1	1	1	1	1	1	1	1	1	1	1	1	1	1	1	1	1	1	1	1	1	1	1	1	1	1	1	1	1	1	1	1	1	1	1	1	2	3	4	5	4	4	5	4	4	5	5	5	5	5	5	6	5	5	5	6	6	6	6	6	6	7	6	6	7	7	9	8	8	8	8	8	9	9	8	9	9	9	10	10	10
93000	-nan	-nan	-nan	0.000000000000000	0.000000000000000	1.000000000000000	0.161662512105899	1	3	5	7	8	10	9	8	10	9	9	10	10	11	10	11	11	13	10	11	11	12	12	13	13	12	13	15	13	13	15	15	18	16	17	16	16	16	18	18	16	18	18	19	20	21	21	0	1	1	1	1	1	1	1	1	1	1	1	1	1	1	1	1	1	1	1	1	1	1	1	1	1	1	1	1	1	1	1	1	1	1	1	1	1	1	1	1	1	1	1	1	1	1	1	1	2	3	4	5	4	4	5	4	4	5	5	5	5	5	5	6	5	5	5	6	6	6	6	6	6	7	6	6	7	7	9	8	8	8	8	8	9	9	8	9	9	9	10	10	10
93500	-nan	-nan	-nan	0.000000000000000	0.000000000000000	1.000000000000000	0.192423297943036	1	3	5	7	8	10	9	8	10	9	9	10	10	11	10	11	11	13	10	11	11	12	12	13	13	12	13	15	13	13	15	15	18	16	17	16	16	16	18	18	16	18	18	19	20	21	21	0	1	1	1	1	1	1	1	1	1	1	1	1	1	1	1	1	1	1	1	1	1	1	1	1	1	1	1	1	1	1	1	1	1	1	1	1	1	1	1	1	1	1	1	1	1	1	1	1	2	3	4	5	4	4	5	4	4	5	5	5	5	5	5	6	5	5	5	6	6	6	6	6	6	7	6	6	7	7	9	8	8	8	8	8	9	9	8	9	9	9	10	10	10
94000	-nan	-nan	-nan	0.000000000000000	0.000000000000000	1.000000000000000	0.145694875166753	1	3	5	7	8	10	9	8	10	9	9	10	10	11	10	11	11	13	10	11	11	12	12	13	13	12	13	15	13	13	15	15	18	16	17	16	16	16	18	18	16	18	18	19	20	21	21	0	1	1	1	1	1	1	1	1	1	1	1	1	1	1	1	1	1	1	1	1	1	1	1	1	1	1	1	1	1	1	1	1	1	1	1	1	1	1	1	1	1	1	1	1	1	1	1	1	2	3	4	5	4	4	5	4	4	5	5	5	5	5	5	6	5	5	5	6	6	6	6	6	6	7	6	6	7	7	9	8	8	8	8	8	9	9	8	9	9	9	10	10	10
94500	-nan	-nan	-nan	0.000000000000000	0.000000000000000	1.000000000000000	0.180723285716406	1	3	5	7	8	10	9	8	10	9	9	10	10	11	10	11	11	13	10	11	11	12	12	13	13	12	13	15	13	13	15	15	18	16	17	16	16	16	18	18	16	18	18	19	20	21	21	0	1	1	1	1	1	1	1	1	1	1	1	1	1	1	1	1	1	1	1	1	1	1	1	1	1	1	1	1	1	1	1	1	1	1	1	1	1	1	1	1	1	1	1	1	1	1	1	1	2	3	4	5	4	4	5	4	4	5	5	5	5	5	5	6	5	5	5	6	6	6	6	6	6	7	6	6	7	7	9	8	8	8	8	8	9	9	8	9	9	9	10	10	10
95000	-nan	-nan	-nan	0.000000000000000	0.000000000000000	1.000000000000000	0.141940275000578	1	3	5	7	8	10	9	8	10	9	9	10	10	11	10	11	11	13	10	11	11	12	12	13	13	12	13	15	13	13	15	15	18	16	17	16	16	16	18	18	16	18	18	19	20	21	21	0	1	1	1	1	1	1	1	1	1	1	1	1	1	1	1	1	1	1	1	1	1	1	1	1	1	1	1	1	1	1	1	1	1	1	1	1	1	1	1	1	1	1	1	1	1	1	1	1	2	3	4	5	4	4	5	4	4	5	5	5	5	5	5	6	5	5	5	6	6	6	6	6	6	7	6	6	7	7	9	8	8	8	8	8	9	9	8	9	9	9	10	10	10
95500	-nan	-nan	-nan	0.000000000000000	0.000000000000000	1.000000000000000	0.207898293527007	1	3	5	7	8	10	9	8	10	9	9	10	10	11	10	11	11	13	10	11	11	12	12	13	13	12	13	15	13	13	15	15	18	16	17	16	16	16	18	18	16	18	18	19	20	21	21	0	1	1	1	1	1	1	1	1	1	1	1	1	1	1	1	1	1	1	1	1	1	1	1	1	1	1	1	1	1	1	1	1	1	1	1	1	1	1	1	1	1	1	1	1	1	1	1	1	2	3	4	5	4	4	5	4	4	5	5	5	5	5	5	6	5	5	5	6	6	6	6	6	6	7	6	6	7	7	9	8	8	8	8	8	9	9	8	9	9	9	10	10	10
96000	-nan	-nan	-nan	0.000000000000000	0.000000000000000	1.000000000000000	0.166207650562707	1	3	5	7	8	10	9	8	10	9	9	10	10	11	10	11	11	13	10	11	11	12	12	13	13	12	13	15	13	13	15	15	18	16	17	16	16	16	18	18	16	18	18	19	20	21	21	0	1	1	1	1	1	1	1	1	1	1	1	1	1	1	1	1	1	1	1	1	1	1	1	1	1	1	1	1	1	1	1	1	1	1	1	1	1	1	1	1	1	1	1	1	1	1	1	1	2	3	4	5	4	4	5	4	4	5	5	5	5	5	5	6	5	5	5	6	6	6	6	6	6	7	6	6	7	7	9	8	8	8	8	8	9	9	8	9	9	9	10	10	10
96500	-nan	-nan	-nan	0.000000000000000	0.000000000000000	1.000000000000000	0.159127906442900	1	3	5	7	8	10	9	8	10	9	9	10	10	11	10	11	11	13	10	11	11	12	12	13	13	12	13	15	13	13	15	15	18	16	17	16	16	16	18	18	16	18	18	19	20	21	21	0	1	1	1	1	1	1	1	1	1	1	1	1	1	1	1	1	1	1	1	1	1	1	1	1	1	1	1	1	1	1	1	1	1	1	1	1	1	1	1	1	1	1	1	1	1	1	1	1	2	3	4	5	4	4	5	4	4	5	5	5	5	5	5	6	5	5	5	6	6	6	6	6	6	7	6	6	7	7	9	8	8	8	8	8	9	9	8	9	9	9	10	10	10
97000	-nan	-nan	-nan	0.000000000000000	0.000000000000000	1.000000000000000	0.186035752349755	1	3	5	7	8	10	9	8	10	9	9	10	10	11	10	11	11	13	10	11	11	12	12	13	13	12	13	15	13	13	15	15	18	16	17	16	16	16	18	18	16	18	18	19	20	21	21	0	1	1	1	1	1	1	1	1	1	1	1	1	1	1	1	1	1	1	1	1	1	1	1	1	1	1	1	1	1	1	1	1	1	1	1	1	1	1	1	1	1	1	1	1	1	1	1	1	2	3	4	5	4	4	5	4	4	5	5	5	5	5	5	6	5	5	5	6	6	6	6	6	6	7	6	6	7	7	9	8	8	8	8	8	9	9	8	9	9	9	10	10	10
97500	-nan	-nan	-nan	0.000000000000000	0.000000000000000	1.000000000000000	0.165530767075751	1	3	5	7	8	10	9	8	10	9	9	10	10	11	10	11	11	13	10	11	11	12	12	13	13	12	13	15	13	13	15	15	18	16	17	16	16	16	18	18	16	18	18	19	20	21	21	0	1	1	1	1	1	1	1	1	1	1	1	1	1	1	1	1	1	1	1	1	1	1	1	1	1	1	1	1	1	1	1	1	1	1	1	1	1	1	1	1	1	1	1	1	1	1	1	1	2	3	4	5	4	4	5	4	4	5	5	5	5	5	5	6	5	5	5	6	6	6	6	6	6	7	6	6	7	7	9	8	8	8	8	8	9	9	8	9	9	9	10	10	10
98000	-nan	-nan	-nan	0.000000000000000	0.000000000000000	1.000000000000000	0.145600563969071	1	3	5	7	8	10	9	8	10	9	9	10	10	11	10	11	11	13	10	11	11	12	12	13	13	12	13	15	13	13	15	15	18	16	17	16	16	16	18	18	16	18	18	19	20	21	21	0	1	1	1	1	1	1	1	1	1	1	1	1	1	1	1	1	1	1	1	1	1	1	1	1	1	1	1	1	1	1	1	1	1	1	1	1	1	1	1	1	1	1	1	1	1	1	1	1	2	3	4	5	4	4	5	4	4	5	5	5	5	5	5	6	5	5	5	6	6	6	6	6	6	7	6	6	7	7	9	8	8	8	8	8	9	9	8	9	9	9	10	10	10
98500	-nan	-nan	-nan	0.000000000000000	0.000000000000000	1.000000000000000	0.154236628160865	1	3	5	7	8	10	9	8	10	9	9	10	10	11	10	11	11	13	10	11	11	12	12	13	13	12	13	15	13	13	15	15	18	16	17	16	16	16	18	18	16	18	18	19	20	21	21	0	1	1	1	1	1	1	1	1	1	1	1	1	1	1	1	1	1	1	1	1	1	1	1	1	1	1	1	1	1	1	1	1	1	1	1	1	1	1	1	1	1	1	1	1	1	1	1	1	2	3	4	5	4	4	5	4	4	5	5	5	5	5	5	6	5	5	5	6	6	6	6	6	6	7	6	6	7	7	9	8	8	8	8	8	9	9	8	9	9	9	10	10	10
99000	-nan	-nan	-nan	0.000000000000000	0.000000000000000	1.000000000000000	0.225506813534657	1	3	5	7	8	10	9	8	10	9	9	10	10	11	10	11	11	13	10	11	11	12	12	13	13	12	13	15	13	13	15	15	18	16	17	16	16	16	18	18	16	18	18	19	20	21	21	0	1	1	1	1	1	1	1	1	1	1	1	1	1	1	1	1	1	1	1	1	1	1	1	1	1	1	1	1	1	1	1	1	1	1	1	1	1	1	1	1	1	1	1	1	1	1	1	1	2	3	4	5	4	4	5	4	4	5	5	5	5	5	5	6	5	5	5	6	6	6	6	6	6	7	6	6	7	7	9	8	8	8	8	8	9	9	8	9	9	9	10	10	10
99500	-nan	-nan	-nan	0.000000000000000	0.000000000000000	1.000000000000000	0.173100288925499	1	3	5	7	8	10	9	8	10	9	9	10	10	11	10	11	11	13	10	11	11	12	12	13	13	12	13	15	13	13	15	15	18	16	17	16	16	16	18	18	16	18	18	19	20	21	21	0	1	1	1	1	1	1	1	1	1	1	1	1	1	1	1	1	1	1	1	1	1	1	1	1	1	1	1	1	1	1	1	1	1	1	1	1	1	1	1	1	1	1	1	1	1	1	1	1	2	3	4	5	4	4	5	4	4	5	5	5	5	5	5	6	5	5	5	6	6	6	6	6	6	7	6	6	7	7	9	8	8	8	8	8	9	9	8	9	9	9	10	10	10
100000	-nan	-nan	-nan	0.000000000000000	0.000000000000000	1.000000000000000	0.149575533426690	1	3	5	7	8	10	9	8	10	9	9	10	10	11	10	11	11	13	10	11	11	12	12	13	13	12	13	15	13	13	15	15	18	16	17	16	16	16	18	18	16	18	18	19	20	21	21	0	1	1	1	1	1	1	1	1	1	1	1	1	1	1	1	1	1	1	1	1	1	1	1	1	1	1	1	1	1	1	1	1	1	1	1	1	1	1	1	1	1	1	1	1	1	1	1	1	2	3	4	5	4	4	5	4	4	5	5	5	5	5	5	6	5	5	5	6	6	6	6	6	6	7	6	6	7	7	9	8	8	8	8	8	9	9	8	9	9	9	10	10	10